12
1

0.04318998563238265
0.04361104546052974
 0.0466105879056122
0.06053333699453342
 0.8359510091597323
  1.056968921010787
  1.293589731532828
   1.37158730907577
  1.695233030804873
  3.129302565517758
  3.724817931261588
  7.465800645791029

 -0.04809042675357788   0.01041096613382217   -0.2128178747541353   0.04586970668451031    0.4938309811000986   -0.1069457777522443   -0.5272032832731511     0.108644804588069    0.5604613905640541   -0.1182806721316258   -0.2719289244278737   0.05547417820876718
  0.06329569998745785  -0.01336363334249244    0.4183365437170814  -0.08816424815896619   -0.6767228500214815    0.1418724711287657   -0.1971293609742431   0.03982021666881479    0.5174474111328581   -0.1038239917419183   -0.1232756562314703   0.02795154408488965
  -0.0484998788983929   0.01021110500399162    0.4300739705914387  -0.09143502697313059    0.1145726886697866  -0.02679443796059506   -0.6532612175012916    0.1387271724493873   -0.3276517176029704   0.07031133708869326     0.470482616422773   -0.1035663876673444
   0.7083340297919961   -0.1491146799279699   -0.5143407678077015    0.1174614689509734    -0.241090062265592   0.04769857298561006   -0.2323226904932705   0.04134490708839228 -0.004861913007243962 0.0004822777291686306    0.2793718605983422  -0.05940352867571435
  -0.5735839441540237   0.05894333968435443   -0.3553831474021875     0.447389542807107   -0.3566216448848987   -0.2441354276190463  -0.08835147523127899    0.2250592393455477   0.02234285190668632   -0.1343406979716709      0.27675029636705   0.02639044397802814
   -0.332414770075043  -0.04848294798670477    -0.291472362716136   -0.3279825090150984  -0.02937470176838619    0.3707032768230312  -0.09503185360207662   -0.5320667597188314    0.2286746869717103    0.3253715732007958    0.3158528297921855  -0.07930633139132423
  -0.1077781766471378   -0.0823563182180532   -0.1413929382951909   -0.4210085791785428   0.08454446577966884    0.4092197529840862    0.1453099037440511    0.4286850577492943  0.004320583585675955   -0.5976498921491152    0.1819469288802192    -0.120656325981037
-0.007210487193874297   0.05058486597359759    0.1006353929053713    0.5217714437547403    0.1155648283179841    0.5579577336739805   0.04883239869783778    0.1993875564965283   0.06716613794342371    0.2376748047806325  -0.08500508639064666   -0.5291292165442176
 -0.07599657188095922  -0.08307088455578024   -0.1579910760852774   -0.4038843484488173   -0.1632693792289035   -0.3972255910105911  -0.03541600079794421    0.2196979665546045  -0.04092425143982438    0.2579387651041068   -0.2491505206498321   -0.6595379210851171
  0.07728891519768086    0.2408489231379257   0.09221427968170964    0.1444960041167431   0.04281541745051148   -0.1948414030975763   0.00385363098994116   -0.5499247648532042   0.03557413712553407   -0.5645093697735326   0.09482499452024107   -0.4852618819201575
   -0.161987748963631   -0.4593811018499549   -0.1135587853455074   0.07865739891451828   -0.1608710928947861    0.2299260807541797   -0.3406560721173223   -0.2370581970653527    -0.436907051630523   -0.2166557036523718    -0.503973849901954   0.02899347917509851
  0.02088770443463587     0.828412513741518   -0.2060583086117918   -0.1433639894990477   -0.1549561280341114    0.2025430729389357    -0.211708175611114   0.03875590695493118   -0.2441363589847718   0.02355048621947961   -0.2640332452759572   0.09515744375007806

22.39716420803321
103.7689826236731
 27.9877196958194
130.2267253430511
33.38973168583654
156.0189292664013
39.65360031282606
185.7268148741917
 46.9267417923743
220.3681709645508
55.42682578721697
260.9515295604963

4.771045277271233

 0.07194195964181196 -0.01508208753383288   0.1360632287082207 -0.02952409991775719 -0.07407758369209698  0.01327484314540531  0.03912681191440239 -0.01171572947817649 -0.07242179800208728  0.01351980382017324   -0.113500790499359  0.02010650757543718

-0.0001940717945392457  0.0001593580850761287 -2.011225557577813e-05 -0.0001607502659651574   -0.08452090392213926    -0.1040684487608567   -0.07523094063537038   -0.01357279112486295    0.03030095602686197    -0.1927559020820842     0.9492189616289347      1.143451338069815

cov:
  0.8382223076496756    2.205500020432081   0.3931311956878525  -0.1344910000739373   0.3854820425350693   -0.462683543982099   0.5731087231105114   0.1411563273926161   0.6380255755364905  0.06832958097810292   0.6922426275996503  -0.1299376274095879
   2.205500020432081    41.78836878783771   -8.505109006341108   -6.540027120222059    -6.00328447119574     7.48863985862656   -7.600478593131028     1.94894078217178   -8.400145754761736    1.157137771399751   -8.735299462559206    3.193666045968417
  0.3931311956878525   -8.505109006341108    2.938030689974437    2.030203801902296    2.245806072102927    -2.73534941113476    3.015445062224689   -0.614244120917052    3.474628942911791  -0.4421613973379642    3.794490056857132   -1.329677643035089
 -0.1344910000739373   -6.540027120222059    2.030203801902296     2.97358638874692    1.265930135434459   -1.134992308960346    1.319302974009847   -1.442513447664576     1.55799543565307   -1.029668646567118    1.742409893886912   -1.046942701099771
  0.3854820425350693    -6.00328447119574    2.245806072102927    1.265930135434459    1.920460620140585   -1.930313474377715    2.663206266779105 -0.07386227282677979    3.119793146053345 -0.08758201213420953    3.489665878552756  -0.9166204217988366
  -0.462683543982099     7.48863985862656    -2.73534941113476   -1.134992308960346   -1.930313474377715    4.906407578865257    -3.31716178843145   0.7238389229634439   -4.006666093187433   0.3552361274872015   -4.365981222303406    2.170149932964041
  0.5731087231105114   -7.600478593131028    3.015445062224689    1.319302974009847    2.663206266779105    -3.31716178843145    4.169096809149231    0.784773574783302    4.932637208441734   0.5488511908251539     5.51176845901891   -1.282122704502742
  0.1411563273926161     1.94894078217178   -0.614244120917052   -1.442513447664576 -0.07386227282677979   0.7238389229634439    0.784773574783302    4.697594425086669   0.5881337715835705    3.412164660773331   0.3737922093347906    2.073232312974745
  0.6380255755364905   -8.400145754761736    3.474628942911791     1.55799543565307    3.119793146053345   -4.006666093187433    4.932637208441734   0.5881337715835705    6.056387532006855   0.8723194304225097     6.78503798377404   -1.649525433833901
 0.06832958097810292    1.157137771399751  -0.4421613973379642   -1.029668646567118 -0.08758201213420953   0.3552361274872015   0.5488511908251539    3.412164660773331   0.8723194304225097     4.82888176875124   0.3284671951655068    2.084119958712356
  0.6922426275996503   -8.735299462559206    3.794490056857132    1.742409893886912    3.489665878552756   -4.365981222303406     5.51176845901891   0.3737922093347906     6.78503798377404   0.3284671951655068    7.910974502523041   -1.556703919540437
 -0.1299376274095879    3.193666045968417   -1.329677643035089   -1.046942701099771  -0.9166204217988366    2.170149932964041   -1.282122704502742    2.073232312974745   -1.649525433833901    2.084119958712356   -1.556703919540437    4.631013727878284

cov.inverse():
  141.9365064385489  -29.78516237097375  -89.22488875369713   20.39708568736711  -84.11268302782442   17.36521616718211  -23.19906881700075   3.357472008368776   9.065652289295155  -1.840005971767404   46.09013709766187  -9.646028177004142
 -29.78516237097377    6.31641662917759    18.8247031927117   -4.23704064118886   17.83943616925294  -3.700446093371641   4.826569871352523 -0.6890078362093025  -1.843436344192562  0.3767407569349502  -9.788288226078887   2.048777625355798
   -89.224888753724   18.82470319271743   273.9131151049948  -59.26826599556298   -148.467879380305   31.44741403338895  -79.85439750456639   18.00565141071235  -14.36704501374408   4.537775325134437   57.60726854523711  -12.32424776851688
  20.39708568737276  -4.237040641190067  -59.26826599556262   13.52138389776214    30.7768978542602   -6.70924859931799   16.17222861537327  -3.480199276333141   3.398371423264931   -1.05055366449945  -11.76845166556128   2.532167918967893
 -84.11268302779929   17.83943616924756  -148.4678793803217   30.77689785426398   393.6296734597614  -83.15503079474657  -88.52957925405097   19.11024169454132   -52.7029853260005   9.334472931452913  -21.82049322570356   3.172011511891746
  17.36521616717692   -3.70044609337052    31.4474140333923   -6.70924859931876  -83.15503079474661   18.20283071556625   20.60130904933477  -4.545647311343861   10.52975296290927  -1.772970601384055   4.279313876753974 -0.7117168099358177
 -23.19906881699948   4.826569871352281  -79.85439750457712   16.17222861537542  -88.52957925405305    20.6013090493351   380.6342446885117   -79.1062408693298  -113.2114063692757   22.96324493787554  -69.58213474924796   16.31809984719113
  3.357472008368442 -0.6890078362092501   18.00565141071418  -3.480199276333494   19.11024169454202  -4.545647311343988  -79.10624086932962   16.99496141275666   22.40833258271956  -4.838608116606673   14.73614035982041  -3.531582950953041
  9.065652289317269  -1.843436344197175  -14.36704501378774    3.39837142327466  -52.70298532595417   10.52975296289922  -113.2114063693101    22.4083325827265   358.6595635570091  -74.31931204605793  -186.4759245696955   39.94199194904778
 -1.840005971771688  0.3767407569358456    4.53777532514285  -1.050553664501333    9.33447293144339  -1.772970601381989   22.96324493788304   -4.83860811660819  -74.31931204605777   15.86638809775542   39.17835420988138    -8.4865389350068
  46.09013709764169  -9.788288226074648   57.60726854527898  -11.76845166557045  -21.82049322573913   4.279313876761695  -69.58213474922449    14.7361403598158  -186.4759245697046   39.17835420988349   171.0825278455833  -36.80595847111027
 -9.646028176999927   2.048777625354918  -12.32424776852554   2.532167918969803   3.172011511899042 -0.7117168099374017   16.31809984718615  -3.531582950952063   39.94199194904997    -8.4865389350073   -36.8059584711104   8.300394811015401

cov*(cov_.inverse()):
     1.000000000000031 -6.938893903907228e-15    -1.774136393351e-13  3.835820550079916e-14 -2.625677453238495e-14 -4.587996649263459e-14  7.460698725481052e-14    4.6074255521944e-14 -2.176037128265307e-13  2.131628207280301e-14  5.861977570020827e-14  -3.61932706027801e-14
  1.27897692436818e-13     0.9999999999999769 -9.237055564881302e-14   1.06581410364015e-14 -2.557953848736361e-13  1.110223024625157e-14 -2.842170943040401e-13   1.77635683940025e-15                      0 -3.552713678800501e-15  -1.56319401867222e-13 -3.907985046680551e-14
-2.842170943040401e-14  5.329070518200751e-15     0.9999999999996838  6.572520305780927e-14 -8.171241461241152e-14 -2.209343819004062e-14  3.304023721284466e-13  -1.77635683940025e-15 -3.552713678800501e-14 -2.486899575160351e-14 -8.526512829121202e-14   1.77635683940025e-15
-2.309263891220326e-14 -5.773159728050814e-15 -4.263256414560601e-14      1.000000000000028  1.096900348329655e-13  -1.27675647831893e-14   1.70530256582424e-13  -4.04121180963557e-14 -5.684341886080801e-14  1.598721155460225e-14  6.394884621840902e-14 -2.131628207280301e-14
-2.486899575160351e-14   3.33066907387547e-15 -3.037570195374428e-13  6.838973831690964e-14      1.000000000000087 -3.030908857226677e-14  2.202682480856311e-13  1.731947918415244e-14 -2.131628207280301e-13 -2.486899575160351e-14    1.4210854715202e-14 -1.953992523340276e-14
-7.105427357601002e-15  4.440892098500626e-15  3.801403636316536e-13 -9.681144774731365e-14 -2.229327833447314e-13      1.000000000000078  -1.77635683940025e-13                      0  3.836930773104541e-13 -3.552713678800501e-15  7.105427357601002e-14  2.842170943040401e-14
-5.329070518200751e-14  1.376676550535194e-14 -3.428368700042483e-13  6.084022174945858e-14  1.145750161413162e-13 -4.662936703425657e-14      1.000000000000249  6.306066779870889e-14 -4.973799150320701e-14  -1.77635683940025e-15 -6.394884621840902e-14  8.881784197001252e-15
  1.77635683940025e-14 -8.881784197001252e-16 -3.197442310920451e-14                      0 -9.769962616701378e-14  6.661338147750939e-16   1.06581410364015e-13     0.9999999999999858 -4.263256414560601e-14  3.552713678800501e-15    1.4210854715202e-14    1.4210854715202e-14
-4.085620730620576e-14  1.998401444325282e-14 -4.014566457044566e-13  7.904787935331115e-14 -5.151434834260726e-14 -7.194245199571014e-14  -1.27897692436818e-13  5.062616992290714e-14      1.000000000000185 -9.237055564881302e-14 -3.907985046680551e-13  5.329070518200751e-15
   1.4210854715202e-14  8.881784197001252e-16 -3.197442310920451e-14                      0 -9.769962616701378e-15  1.110223024625157e-15  2.131628207280301e-14  8.881784197001252e-16   -1.4210854715202e-14     0.9999999999999929  2.842170943040401e-14  3.552713678800501e-15
-6.750155989720952e-14 -1.287858708565182e-14 -2.309263891220326e-13  3.419486915845482e-14 -1.953992523340276e-13  2.708944180085382e-14  4.334310688136611e-13  4.440892098500626e-14 -3.268496584496461e-13   -1.4210854715202e-14      1.000000000000355 -7.105427357601002e-14
  -1.4210854715202e-14 -3.552713678800501e-15  9.237055564881302e-14 -2.664535259100376e-14   -1.4210854715202e-14  2.353672812205332e-14                      0                      0  5.684341886080801e-14  2.131628207280301e-14  5.684341886080801e-14      1.000000000000028
