5
2

0.0004450740912286567
0.0005509706267479194
0.0007621069195372919
  0.09209616518667946
   0.5787274377975796

-0.2610588785514396  0.7291361008086715 -0.3165648827367661 -0.4555731128560433  0.3040536503439884
-0.2391286402395338  0.3694486893658498 -0.3685391884826407  0.6857382360951816 -0.4475121198947292
  0.407917706731764  -0.256441970626732 -0.7451025142747055  0.1617854326805134  0.4318430006723138
-0.7470627980815145 -0.2927626646486858  0.0569139189786415  0.2723639803997547  0.5279828272943302
   0.38751267799128  0.4247302088529404  0.4533746691406785  0.4710196878612463   0.491965483659615

0.3998380543180853
0.3998811239038622
0.3997714050583347
0.3997237232003241
  0.39964933820418

0.0008807344200823167
   0.4001402229052164

 -0.5518637929135358    4.439913814294189   0.4684313085061118  -0.2770878941820462   -4.079612814407762
   1.228070734604769   0.1061323868069975  0.06648569531827976 -0.03364157355783876   -0.367085315878647

 4.197337408447017e-07  9.821410271365995e-07   -2.0440371934525e-06   -0.02621133190150335   -0.08482199627732552
-7.142135096338044e-08 -4.181754534365047e-08  1.511436265493574e-07   -0.00973454536556915     0.1187894792430891

cov:
0.05502823029574649 0.05697974950272014 0.05848176593771186 0.05940685033836789 0.06050577287241953
0.05697974950272014 0.06114627893112853 0.06435258596318999 0.06632761542450677 0.06867242532580552
0.05848176593771186 0.06435258596318999   0.068871311064996 0.07165415103601318 0.07495805769337435
0.05940685033836789 0.06632761542450677 0.07165415103601318 0.07493579776429375 0.07883036148774371
0.06050577287241953 0.06867242532580552 0.07495805769337435 0.07883036148774371 0.08342661531221378

cov.inverse():
 818969.0894693666  -1432013.83286962  184188.3926957838  173817.8444317841  255062.2188247895
-1432013.832870979   3246677.65020669 -1284754.283957002  -913765.500283366  383846.6363792529
 184188.3926987111 -1284754.283969394  1909184.561018216 -312008.1038929686 -496607.9844727519
 173817.8444307503 -913765.5002673044 -312008.1039181573  2641840.456005737 -1589854.821786818
 255062.2188242545  383846.6363742263 -496607.9844570289 -1589854.821796979  1447525.872406361

cov*(cov_.inverse()):
     1.000000000009095 -1.455191522836685e-11  7.275957614183426e-12                      0                      0
 3.637978807091713e-12     0.9999999999745341  7.275957614183426e-12 -1.455191522836685e-11                      0
-3.637978807091713e-12                      0                      1  1.455191522836685e-11 -1.455191522836685e-11
 3.637978807091713e-12 -2.182787284255028e-11  7.275957614183426e-12     0.9999999999854481 -1.455191522836685e-11
-3.637978807091713e-12 -7.275957614183426e-12                      0                      0                      1
