5
2

 0.000118551662715217
0.0001588854184243236
0.0004116011986681881
  0.04379064842045664
   0.5483869489644349

 -0.1844420789733055   0.6211025754592595  -0.7051629362211798   0.2874032152143922 -0.01890332050815085
 -0.5136655252048165   0.5484207298191752    0.405424830751547  -0.5151620588935253  0.07497460241526176
  0.4075082723479904 0.002437551299128896  -0.3687397351046349   -0.610999730060679   0.5697731161895592
 -0.5934590371831256  -0.3507035910147133  -0.0630963129226839   0.2663508097373737   0.6707379994326179
  0.4288032496072048   0.4364256448188243   0.4454501128527532   0.4557894480777678   0.4684982450887178

0.3804604678648302
0.3795501167119272
0.3783323033919092
0.3769389849773415
0.3752415428794249

0.02847254020337558
 0.3862921713248791

 -1.365984312497492   5.731551152139886   10.29480301799979  -12.26966125271573    -2.3908687739495
  2.371563694282275 -0.1179898356191777  0.4562353626626279    -1.4897703759031 -0.2201258643669098

-9.738124797590174e-08  3.574717517702173e-07  3.042237439477963e-07   -0.01288768701178065   -0.06346009360394722
-1.765840535992368e-08 -8.758860998822435e-09  2.681406961468301e-07  -0.003718806799768253      0.116237578970981

cov:
0.05597098137028565 0.05667760732639825 0.05751401591561814 0.05847237889851957 0.05965108969490637
0.05667760732639825 0.05751477705679447 0.05850576368427153 0.05964119228044956 0.06103721384836418
0.05751401591561814 0.05850576368427153  0.0596799121683555 0.06102509811605215 0.06267856789489686
0.05847237889851957 0.05964119228044956 0.06102509811605215 0.06261060741697584 0.06455900009316395
0.05965108969490637 0.06103721384836418 0.06267856789489686 0.06455900009316395 0.06686979738581376

cov.inverse():
 13852733.32579989 -19303997.74091065  117756.0439787536  5240831.344180185  92836.95945472945
-19303997.74255526  39362197.50501435 -22360597.24831522  1500676.912613528  801462.6648986933
 117756.0477401301 -22360597.25404689  42694127.91010644 -21363600.76431716  912372.8648583619
 5240831.341508618   1500676.91787338  -21363600.7670361  18593613.64604649 -3971354.074856448
 92836.96000951756  801462.6637259488  912372.8656069351 -3971354.074987059  2164572.876356993

cov*(cov_.inverse()):
     1.000000000214641  1.673470251262188e-10  3.128661774098873e-10  5.820766091346741e-11                      0
-5.820766091346741e-11      1.000000000080036  3.783497959375381e-10 -5.820766091346741e-11                      0
 9.094947017729282e-13  1.309672370553017e-10     0.9999999999708962  5.820766091346741e-11 -5.820766091346741e-11
 2.637534635141492e-11 -7.275957614183426e-12 -6.548361852765083e-11      1.000000000116415  -2.91038304567337e-11
 2.273736754432321e-11  9.458744898438454e-11  -2.91038304567337e-11  5.820766091346741e-11                      1
