5
2

 0.000128998726651159
0.0001854730146862971
0.0004626102708976091
  0.04338327486348175
   0.5524833009603068

  -0.1466426475551428    0.5872599481684005   -0.7325682019722504    0.3108206391169334  -0.01886920648440498
  -0.5254516901136134    0.5850344872266526    0.3622539432210976   -0.4950256133986482   0.07319079731942153
   0.4103320925208651 -0.001543589793190907   -0.3596286671026126    -0.616644424974697    0.5674875030550207
  -0.5910652794886637   -0.3491697006215351  -0.06610468338597035    0.2659429864118512    0.6735182657980716
   0.4297276631835579    0.4369651468150672    0.4454360815115327    0.4553725436433384    0.4675661875575824

0.3996052438262648
0.3996120402355341
0.3996221219844489
0.3996319889097776
0.3996322925446776

-0.0002554048021462481
    0.3995661047375677

 -2.093328028082257   7.107416074707346   10.20581334398095  -12.98182333851767  -2.238125942859001
  2.336432427019832  0.2777512251913656 -0.2293197180818929  -1.260570629783272 -0.1243447864562966

-1.162911583114197e-07  5.234907046148838e-07  4.697110769609708e-07    -0.0129468297551868   -0.06283877976345006
-6.672596661198925e-09 -1.834724506444794e-08  3.739824686752653e-07  -0.003541743740482909     0.1193727958369185

cov:
0.05702457769101073 0.05770475756107124 0.05850096306270985  0.0594349243907978 0.06058104180257613
0.05770475756107124 0.05851114253664707 0.05945494063563397 0.06056202836524947   0.061920555033375
0.05850096306270985 0.05945494063563397 0.06057150519773378 0.06188118989829348 0.06348829663083522
 0.0594349243907978 0.06056202836524947 0.06188118989829348  0.0634285823718907 0.06532729868708612
0.06058104180257613   0.061920555033375 0.06348829663083522 0.06532729868708612 0.06758436362976854

cov.inverse():
 10105294.24537426 -14114160.62072073  232792.0885618014  3639882.559998218  136187.3887643508
-14114160.61940043  30674361.07160277 -19689450.50326109  2554707.112283974  574609.9989060347
 232792.0861415641 -19689450.49970685  36668747.43031978 -17859852.98015125   647761.553048707
  3639882.56107725  2554707.109930909 -17859852.97874264  14705971.09839413 -3040740.068818708
 136187.3887852672   574609.999025155  647761.5527740731  -3040740.06868411   1682171.83712184

cov*(cov_.inverse()):
     1.000000000043656  5.820766091346741e-11  2.473825588822365e-10  -2.91038304567337e-11 -1.455191522836685e-11
 8.913048077374697e-11      1.000000000167347 -1.382431946694851e-10  -2.91038304567337e-11  1.455191522836685e-11
 5.093170329928398e-11 -7.275957614183426e-12     0.9999999998981366  8.731149137020111e-11                      0
 1.455191522836685e-10 -7.275957614183426e-11  2.182787284255028e-10     0.9999999999708962 -1.455191522836685e-11
 7.639755494892597e-11                      0  2.182787284255028e-11  -2.91038304567337e-11                      1
