5
2

0.0001202657904740695
0.0003950820033976578
0.0007204565093360946
  0.09854657078671485
   0.6269212156390737

 -0.0358902711974821   0.6626332259209115  -0.7420191068691774  0.09222700977931533   0.0230417023514337
-0.09339557947230799    0.344292769496487   0.2197278494163744  -0.8326590650300144   0.3621302365471132
   0.619047207185595  -0.4464655511913802  -0.4369570016776759  -0.1772507597104574     0.44170104566552
 -0.6836552210187232  -0.2560159183763758  -0.1501663952616511   0.2068520903052233   0.6338246246259474
  0.3733433382530867   0.4213123044908175   0.4331811972499509   0.4732519846856788   0.5210540309860804

0.3976805884556867
0.3953747430933958
0.3948621322711649
0.3928539868130144
0.3904551028434405

0.0154136065744141
0.3998490929063585

 0.5135284669225787  -4.943363564250063   7.619119440265206   1.139356319464066  -4.329101194584524
  1.357127519791431   -1.10651715242709   1.034508785673632  0.1300177312717596 -0.4149836990055755

-1.293397483038174e-07  -4.04613875983642e-07 -1.514821789961457e-06   -0.02658838137571402    -0.1206646649924868
-2.237730991183611e-08 -8.412361846933248e-08  3.507622229797993e-07   -0.01006105945830112     0.1312395481440655

cov:
 0.0593217836529548 0.06352095918663454 0.06455978596922676  0.0680693385400286 0.07224897851027909
0.06352095918663454 0.07040111279311705 0.07210327062001433 0.07785077415854397  0.0847045884907329
0.06455978596922676 0.07210327062001433 0.07396963386544417 0.08027106285485618 0.08778675336363938
 0.0680693385400286 0.07785077415854397 0.08027106285485618 0.08844162561841627 0.09819041991609212
0.07224897851027909  0.0847045884907329 0.08778675336363938 0.09819041991609212   0.110608170913494

cov.inverse():
  883287.047196402 -2382700.755291792  1188635.008902591  57957.81100606768  252890.8098308945
 -2382700.75518981   31500685.6611075  -33133628.5203945  2541029.613637882   1474429.85804032
 1188635.008754993 -33133628.51987184  38743920.28909474 -5754316.316194405 -1044150.125726141
 57957.81106451841  2541029.612993003 -5754316.315560678  5090417.217019736 -1935677.224440056
 252890.8098180443  1474429.858264604  -1044150.12598488 -1935677.224392756  1252768.496562665

cov*(cov_.inverse()):
     1.000000000025466  1.455191522836685e-11  1.309672370553017e-10 -5.820766091346741e-11  1.455191522836685e-11
-1.818989403545856e-11      1.000000000436557 -1.746229827404022e-10   2.91038304567337e-11   2.91038304567337e-11
 1.091393642127514e-11  5.384208634495735e-10      0.999999999825377  5.820766091346741e-11  1.455191522836685e-11
 1.455191522836685e-11 -3.492459654808044e-10  4.365574568510056e-11                      1                      0
 1.091393642127514e-11 -5.820766091346741e-11 -7.275957614183426e-11                      0                      1
