5
2

0.0001384620130807929
 0.000302623329698119
 0.000566023630919684
  0.06078769893559173
   0.5427444571303887

-0.04038056946140188   0.3275540076667701  -0.7687029920507727   0.5442759664843511 -0.06274682455013167
 -0.3527256284722647   0.7073339903896844 -0.08586983512541026   -0.541667994023118   0.2729201581502503
  0.4869618604563783  -0.3024052379497522  -0.4439112146548554  -0.3397658571657478   0.5991003374473194
 -0.6786842069695618   -0.335755886230051   0.0499571417025706   0.2895226432163309   0.5833837974523365
  0.4197736703269737   0.4338272179373602    0.449632293017622   0.4594510397506469   0.4715077452436138

0.3824905463441533
0.3805318660158395
0.3783964120224586
0.3769945907117421
 0.375286211288083

0.02860663481615153
 0.3863998042130766

 0.9922813836473486 -0.5002521310272923   14.59443756617866  -12.57160497617763  -2.514949487678634
  1.566067702543356 -0.4717058483807757   1.318967614654547  -1.190178532604641 -0.2232129333809736

-3.471488949776766e-07  3.815429127428389e-07 -9.866050326146709e-07   -0.01804461589061478   -0.05897737799309305
-3.576336262629539e-08 -3.805579504397336e-08   1.89157862624651e-07  -0.004853195162280807       0.11598171166503

cov:
0.05360854888042856 0.05448615182313252 0.05547320209711312 0.05608656224806602 0.05684057964072215
0.05448615182313252  0.0558567867902999 0.05739798141181841 0.05835549777262146 0.05953163651079961
0.05547320209711312 0.05739798141181841 0.05956259059784848 0.06090726554024538  0.0625582781181078
0.05608656224806602 0.05835549777262146 0.06090726554024538 0.06249246538014453 0.06443846634041003
0.05684057964072215 0.05953163651079961  0.0625582781181078 0.06443846634041003 0.06674672957428239

cov.inverse():
 2183858.780729082 -3873798.779114219  1275088.736079478  423385.3218203034 -8507.903017941513
-3873798.779428963  11344977.66800022 -13377717.61213248  5436146.003549092  470344.3775299575
  1275088.73702549 -13377717.61425713  31517232.52752971 -20844438.56332193  1429890.195909358
 423385.3210875298  5436146.006054113 -20844438.56590456  19015843.78705928 -4030875.544244586
-8507.902916434216  470344.3768348652  1429890.197313307 -4030875.545054945  2139073.989959209

cov*(cov_.inverse()):
     1.000000000001137  7.275957614183426e-12  -2.91038304567337e-11 -3.492459654808044e-10                      0
 7.219114195322618e-12     0.9999999999527063  1.455191522836685e-11  -2.91038304567337e-10                      0
 3.444711182964966e-11  3.637978807091713e-12     0.9999999998108251  1.455191522836685e-10  -2.91038304567337e-11
 1.080024958355352e-11  9.458744898438454e-11 -7.275957614183426e-11     0.9999999997962732  -2.91038304567337e-11
-1.045918907038867e-11 -1.455191522836685e-11  1.455191522836685e-10                      0                      1
