5
2

0.0001583691667518319
0.0003232810132338403
0.0006140922093399599
  0.05833508649767778
   0.5461412464707887

 -0.1134731279465244   0.6684688301705228  -0.7128981980278716   0.1779025090383865 -0.02000322101424104
 -0.3464925057783826   0.4480202026843882   0.2905583431810111  -0.7049295331494106   0.3128434815170629
  0.5608667246625813  -0.2563145186984917  -0.4410806751399427  -0.3877244571592835   0.5242604009547739
 -0.6097529373238409  -0.3107377583559672  -0.1294977674744257   0.3313099325092287   0.6364805242870575
  0.4250843037147646   0.4360874156787396   0.4427529499548831   0.4597048232429917   0.4709271720928313

0.3994372956600981
 0.399633965340767
0.3996429256066707
0.3996680557838164
0.3996717256536412

-0.0003158793489621816
    0.3995899713631767

 -3.538451994901549   4.857952794479121   10.17910624891777  -9.294423594643556  -2.204283311259007
  1.021091576060238  0.3257113553086115  0.8154926991552987 -0.9566035387211305 -0.2057255373871438

-1.308506547627563e-07  1.277375785891601e-06 -1.987936638732014e-06    -0.0175337222693823   -0.05654227769205573
-1.619137838956153e-08  6.678762135460487e-08  1.480374394558355e-07   -0.00434663421299132     0.1194612414074956

cov:
0.05516179723864172 0.05593622798005075 0.05640525258874037 0.05759845945464071 0.05838827532958266
0.05593622798005075 0.05705136389387217 0.05772670045006899 0.05944435187270881 0.06058132228399053
0.05640525258874037 0.05772670045006899 0.05852713322255219 0.06056267512288985 0.06191009953438261
0.05759845945464071 0.05944435187270881 0.06056267512288985 0.06340665628282199 0.06528927586725519
0.05838827532958266 0.06058132228399053 0.06191009953438261 0.06528927586725519 0.06752679947611787

cov.inverse():
 2496416.856890254  -4890868.72492265  1606070.162218499  955511.7762693189  -167086.489352856
-4890868.725052521  19911277.41253828 -17455220.19424526  1983148.170943784  451583.4830432347
 1606070.162501262 -17455220.19497435  21587181.93225345 -6563059.717566502  825116.6662140918
 955511.7759626841  1983148.172243448 -6563059.718674801  6415351.893607886 -2790987.042349587
-167086.4891991076  451583.4823427789  825116.6668760668 -2790987.042464851  1681374.451592038

cov*(cov_.inverse()):
    0.9999999999581632  5.820766091346741e-11  3.637978807091713e-11  8.731149137020111e-11 -4.365574568510056e-11
-1.818989403545856e-11       1.00000000005457  1.236912794411182e-10  -2.91038304567337e-11  -2.91038304567337e-11
-2.546585164964199e-11 -1.455191522836685e-11      1.000000000203727   2.91038304567337e-11 -1.455191522836685e-11
 -2.91038304567337e-11  1.309672370553017e-10 -7.275957614183426e-12      1.000000000087311  1.455191522836685e-11
-7.275957614183426e-12 -3.274180926382542e-11  7.275957614183426e-12                      0                      1
