5
2

0.0002858345375228695
0.0006052780730705438
0.0007265922036411601
  0.08238091593313866
   0.5854201957318163

 -0.4762850037682971   0.8497046651293128  -0.1357836475137957  -0.1661590624407711 -0.07147408117330399
 -0.3583780949921209 -0.06822222492982731      0.1153844314809   0.7901009545934735  -0.4788922463120007
  0.2834372153622169  0.09950046695799365  -0.8755325647395533   0.3508972457715752   0.1416928121442845
 -0.6358343066874409  -0.2850980910822828 -0.07496418572621122   0.1237217619782943    0.702500611652354
  0.4001197515772804   0.4268096128480301   0.4428005566602917   0.4579254262892538   0.5019658452100009

0.4001712031162423
0.4000857326730689
0.3999523608325148
0.3998523784748009
0.3995249522423982

0.001988063730077739
  0.4007018812256642

0.05406460094910774   2.980851129621072  0.2473167454147096  0.3922941865870788     -3.674430376498
  2.144937910851654 -0.8601211108473106 0.00313221927308624 0.02194171984507437 -0.3099088874988185

  2.18220691122507e-07  6.870776908024568e-07  -1.51834084293545e-07   -0.02331545254304465   -0.08958509106971126
-1.417005375067811e-07 -1.992672833841222e-07  2.552137941158852e-07  -0.009052242281419187     0.1189210210044344

cov:
0.05761136308126695 0.05975768295216758 0.06104359162804505   0.062260365062555 0.06580213583501554
0.05975768295216758 0.06298319059153112 0.06491556109922475  0.0667435665223253 0.07206574760995507
0.06104359162804505 0.06491556109922475 0.06723583295768708 0.06942949033846263  0.0758184390572865
  0.062260365062555  0.0667435665223253 0.06942949033846263 0.07197041827944413 0.07936763155669328
0.06580213583501554 0.07206574760995507  0.0758184390572865 0.07936763155669328 0.08970359196989076

cov.inverse():
 3279342.810958642 -4833241.607902881  208645.5802749376  384132.2136481685  961127.2040386846
 -4833241.60791134  8868504.927141288 -1598661.864066387 -1809075.071484797 -627486.2005831413
 208645.5802403454 -1598661.864025351  1713995.438533533 -56942.87490770761 -267030.5554692562
 384132.2137090642 -1809075.071559476 -56942.87491767481  2275097.264743151 -793236.1748299752
 961127.2040208364 -627486.2005579525  -267030.555452846 -793236.1748537257  726617.0088771401

cov*(cov_.inverse()):
     1.000000000043656  2.182787284255028e-11  2.182787284255028e-11 -7.275957614183426e-12  7.275957614183426e-12
 1.455191522836685e-11      1.000000000101863 -1.091393642127514e-11  7.275957614183426e-12  7.275957614183426e-12
                     0  5.820766091346741e-11      0.999999999996362  7.275957614183426e-12  7.275957614183426e-12
-1.455191522836685e-11  7.275957614183426e-12 -1.455191522836685e-11                      1  1.455191522836685e-11
  2.91038304567337e-11  3.637978807091713e-11 -7.275957614183426e-12 -1.455191522836685e-11      1.000000000014552
