5
2

0.0002342445482392037
0.0005045604693011325
0.0008122205400365391
   0.1042992023605699
   0.5669750399032734

 -0.2678818366258917   0.7327422078077883  -0.6162790552807792  0.07004060470722029  0.08137947049093047
  -0.500541383204679   0.3931313577848107   0.6248797523388152  -0.4465398333261086 -0.07094738611034063
  0.4397007692356302  0.04295605079432507  -0.1676574023919479  -0.7604482420554538   0.4454519927126882
 -0.5694062057441903  -0.3635317194683651 -0.07808313590721286  0.09340972401220535   0.7271856084571795
  0.4001717777393677   0.4177751297812834   0.4421758026501352   0.4568255526566696   0.5109965393501047

 0.400193613886504
0.4000971696723287
0.4000069768335109
0.3998643012491378
0.3994125273289473

0.002086128480931636
  0.4006533916393834

-0.06643787891640403  -0.2294136196674116    3.691372177359979    0.263130247246247   -3.658735659075201
   1.443191555329023  -0.3797077684094415   0.2334052523940414  0.02369024255704816  -0.3205913600299011

-1.483992141270355e-07  6.089096506809116e-07 -1.641234448467208e-06   -0.03049200243986894    -0.0770191066243715
-4.571293645596934e-08 -1.816782119574587e-07  2.759575947183541e-07   -0.01014803942627298     0.1186509678231317

cov:
0.05500509928738228 0.05599411733867615 0.05736481552855988 0.05818704801083473 0.06123015326250445
0.05599411733867615 0.05754418126651137 0.05969227330027535 0.06098142479573051 0.06575022751227907
0.05736481552855988 0.05969227330027535 0.06291827905374009  0.0648548294292822 0.07201639759029088
0.05818704801083473 0.06098142479573051  0.0648548294292822 0.06718084939103099 0.07577929605385693
0.06123015326250445 0.06575022751227907 0.07201639759029088 0.07577929605385693 0.08969157964168575

cov.inverse():
 2585048.168768441 -4321600.413075308  1668379.519899946  29160.92953823012  39054.24875902438
-4321600.413208203  10394952.60766921 -7275763.971932045  196246.4582693941  1006166.348970661
  1668379.52016737 -7275763.972319082  8498150.546578586 -1689450.807468287 -1201370.220947172
 29160.92942714585  196246.4584893073 -1689450.807587296  1749224.285950324  -285150.529577102
 39054.24873557686    1006166.3490049 -1201370.220947786 -285150.5295872809  441300.0422853666

cov*(cov_.inverse()):
      1.00000000001728  1.091393642127514e-10 -8.731149137020111e-11  3.637978807091713e-12  1.455191522836685e-11
 2.182787284255028e-11     0.9999999999563443   2.91038304567337e-11 -1.455191522836685e-11  1.091393642127514e-11
 5.547917680814862e-11 -7.275957614183426e-11      1.000000000029104 -3.637978807091713e-12 -3.637978807091713e-12
 3.183231456205249e-11 -4.365574568510056e-11  1.455191522836685e-11     0.9999999999781721  7.275957614183426e-12
-4.092726157978177e-12 -1.455191522836685e-11  1.455191522836685e-11  3.637978807091713e-12                      1
