7
2

0.0001115470343798656
0.0002359200348444584
0.0003572461225866432
0.0004340729850544084
 0.000763745093680449
    0.113622288031836
   0.7363191217560549

   0.0216319032909697   -0.1424320483407153    0.7007824137999064   -0.6932835193613127   0.05395066523857113   0.06732596448809207 -0.007980155531785754
  -0.2822095136869303    0.7761235324201865    -0.293885679612958   -0.4419413915653193    0.1437549854526317    0.1226520830725959  -0.02449565723560117
   0.0927558177085135   -0.1494523423194348   -0.1203461185004748 -0.008625078442534767  -0.06245891104516468    0.8022390397582604   -0.5540886056931551
  -0.2480225323036908    0.2941781753920408    0.3347766764988583    0.2184549044053739   -0.8169486673044651    0.1317699728315003   0.08589298839681196
   0.6488700426500055  -0.03469026423580781   -0.3574162417125676   -0.3591529573644282   -0.3940282981833053    0.1025074620125567     0.394031670246938
  -0.5720265436447457   -0.3911003061221809   -0.1987617655816532    -0.106319629050718   0.04257067404130962    0.3648482538269755    0.5780048186039971
   0.3186288342456038    0.3380912726553442    0.3587812636752131    0.3687195691325644    0.3847687971246832    0.4193457407469182    0.4422600637549512

0.3983116094126143
0.3972564479937445
0.3960951138385644
 0.395603529200769
0.3946812193581303
0.3926934762210109
0.3913628830590921

0.01485377958619765
 0.4004072341530925

  0.2600068800534969   0.7106361253485115   -5.483926713913982    7.205883168665857    1.217008215406558   0.3704705300174048    -4.28055742669665
   1.377977734875012 -0.07992087849831792   -1.148646070681213    1.193256182474355  0.09272595534338124  -0.1100926713327567  -0.3251544186434147

-1.096154724417212e-07 -4.283017163619328e-08  3.967510090331546e-07  -2.69486856806224e-07 -1.523681993813358e-06   -0.03085497295540715    -0.1393214601961137
-1.979439648215155e-08  -3.52257791300735e-08  4.514792611702086e-08 -1.144337626588933e-07  4.100301684670235e-07   -0.01135698620698417     0.1548509440598465

cov:
0.05926763490565667 0.06129334323421493 0.06344702935123696 0.06448120264433373 0.06615419055872687  0.0697475202556905 0.07213192584032642
0.06129334323421493 0.06394741543348334  0.0667687438902875 0.06812368720682854 0.07031373957796237 0.07502455537707473 0.07814854542580831
0.06344702935123696  0.0667687438902875 0.07029988904464247 0.07199585104621377 0.07473561433905211 0.08063445809061383  0.0845447231726623
0.06448120264433373 0.06812368720682854 0.07199585104621377 0.07385571550899866  0.0768596497716785 0.08332940813198607 0.08761751177283264
0.06615419055872687 0.07031373957796237 0.07473561433905211  0.0768596497716785 0.08028965657511807 0.08767955379391798 0.09257677440683582
 0.0697475202556905 0.07502455537707473 0.08063445809061383 0.08332940813198607 0.08767955379391798  0.0970589261697708  0.1032724970655425
0.07213192584032642 0.07814854542580831  0.0845447231726623 0.08761751177283264 0.09257677440683582  0.1032724970655425  0.1103576032152475

cov.inverse():
 2584243.861936165 -4717303.135858601   1782714.67109658   342189.465100206  -43437.5263795965  18768.20729045896  32857.27751651163
 -4717303.13565632  13089417.81486527 -11435052.00386695  2145924.716730829  208086.0547166411  199814.2814745598  509277.6760809613
 1782714.669484247 -11435052.00122361  41947551.88811291 -36096255.44046675  1128289.773268891  2559034.669391344  113545.7252913125
 342189.4668530594  2145924.713787969 -36096255.43995498  42612440.59975448 -4847816.188920063 -4689712.063580604  533553.5286803012
-43437.52661754552  208086.0550705534   1128289.77347897 -4847816.189187562  4444080.902904107 -424475.7375737355 -465285.1180348788
 18768.20721668973  199814.2814919489  2559034.670539572 -4689712.064966161 -424475.7373417109  5787562.047576451 -3450784.876025321
 32857.27748545318  509277.6762114014   113545.724452265  533553.5296551227 -465285.1182083568 -3450784.876086981   2726854.01659089

cov*(cov_.inverse()):
     0.999999999958618 -1.091393642127514e-10  2.200977178290486e-10 -5.820766091346741e-11   2.91038304567337e-11 -8.731149137020111e-11                      0
 2.501110429875553e-11     0.9999999998617568   1.01863406598568e-10  2.692104317247868e-10  1.455191522836685e-11 -5.820766091346741e-11                      0
 -2.41016095969826e-11  2.182787284255028e-11     0.9999999999399733  3.492459654808044e-10                      0 -1.164153218269348e-10   2.91038304567337e-11
 2.501110429875553e-11 -1.309672370553017e-10   2.65572452917695e-10     0.9999999997744453 -7.275957614183426e-12 -5.820766091346741e-11  5.820766091346741e-11
-8.640199666842818e-12 -1.673470251262188e-10  2.237356966361403e-10  2.619344741106033e-10      1.000000000014552                      0   2.91038304567337e-11
-1.364242052659392e-12 -3.637978807091713e-11    4.5656634029001e-10 -1.455191522836685e-10   2.91038304567337e-11                      1  5.820766091346741e-11
 -1.13686837721616e-11  -2.91038304567337e-11  2.455635694786906e-10 -1.455191522836685e-11  2.182787284255028e-11                      0      1.000000000058208
