7
2

0.0001442750478928661
0.0002419226628155731
0.0003775393876560316
0.0004756650087289608
0.0006315342358058162
   0.1203272749405525
   0.6857158495695708

 -0.1321573291598444   0.5099169569362998  -0.7296774896917326   0.4333806547823006 -0.02119704804800319 -0.03188865782768944 -0.02837085003650934
 -0.3500204439650635   0.6308567754417868  0.09926036063082659  -0.6638140966576546  0.09334345447186636   0.1281336979935485  0.06222859887115893
  0.1409995039167942  -0.1318001909009407  -0.2045783199726614  -0.1197830885940798  0.03209700406076835   0.7993542254940483  -0.5162849763191381
 -0.3050624652303194   0.1656249030467463   0.3678887032363495   0.3108690277193856   -0.767015619587791   0.2428593217570034 -0.01516649525505969
  0.5308674291888643 -0.01588334113566273  -0.3201435808998193  -0.3400600437360858  -0.4788099194059802   0.1173527517936366   0.5067189942053946
 -0.6013829901655047  -0.4269241646136363  -0.2228558966231454 0.008830868187969309   0.1344141032970482    0.319930596054204   0.5347043897885425
  0.3218608909523755   0.3386517447475539   0.3582835355159159   0.3805597125970784   0.3926428608968691   0.4104750739275744   0.4311259368814397

0.3978139998391129
0.3979204172836854
0.3980073085654832
0.3980928133767215
0.3982329683964643
0.3982287290216078
0.3982873221732977

-0.0006195715674081857
    0.3979222230228511

  0.2094550804102247    1.235491914769715    1.489735408236356  -0.9447086879501628   0.6273451033463627   0.3184690099339261   -2.936110134505447
   1.472243680895685  -0.2308698215885633  0.01475102582804096 -0.08176985211093882  0.05407045731202373    0.019945208599046  -0.2483690447749755

-1.736580221080793e-08  8.180509000247067e-08  2.089096611624072e-07  8.099482104716427e-09 -7.238429541977483e-07   -0.03442302614422448    -0.1075552413410688
-7.352562048630873e-09 -3.588088055428921e-08  5.568869887793172e-08 -1.222284781476605e-07  2.627987899106769e-07    -0.0131753275599614       0.13738437847853

cov:
0.05394726270288334 0.05496918100527679  0.0561633437834335 0.05751730980779895 0.05825253899140208 0.05933602299403415 0.06059133854198898
0.05496918100527679 0.05656458127782205 0.05842924581559828 0.06054427689810968 0.06169206578216099 0.06338488905290447 0.06534568489997357
 0.0561633437834335 0.05842924581559828  0.0610781736532984 0.06408337808233579  0.0657137129501271 0.06811924358517518 0.07090520177690633
0.05751730980779895 0.06054427689810968 0.06408337808233579 0.06809917229300674 0.07027731338512808 0.07349193275422269  0.0772146449809876
0.05825253899140208 0.06169206578216099  0.0657137129501271 0.07027731338512808 0.07275276243705427 0.07640575597936584 0.08063632556196428
0.05933602299403415 0.06338488905290447 0.06811924358517518 0.07349193275422269 0.07640575597936584 0.08070702852377586 0.08568753005903272
0.06059133854198898 0.06534568489997357 0.07090520177690633  0.0772146449809876 0.08063632556196428 0.08568753005903272 0.09153674552824195

cov.inverse():
 4189812.430166864 -7385166.840896192  2914616.240100257  228138.8319959186  4932.569303710767  55633.17754601395 -7860.050339021464
-7385166.840944625  19535305.29299648 -16333924.81427035  3813253.441600145 -85207.77568413685  33915.17389560794   421854.616217613
 2914616.240505273 -16333924.81558111   26895887.5914123  -15367575.7782333 -7510.448858047398  488553.4523170191  1409677.083784661
 228138.8315168634    3813253.4436474 -15367575.78034679  17369892.23798577  -2172614.77227999 -2555368.876357635  -1315504.23751698
 4932.569214489979 -85207.77579945326 -7510.448314784695 -2172614.772753173  3352704.041340623 -547342.6146416179 -545027.0254728269
  55633.1776735337  33915.17346497539  488553.4527530838 -2555368.876298309 -547342.6148722218  5107443.991091099 -2582839.725936108
-7860.050254842786  421854.6159786326  1409677.084013081 -1315504.237648431 -545027.0253766685 -2582839.725974435  2619710.354426394

cov*(cov_.inverse()):
      1.00000000007293 -2.401066012680531e-10  2.182787284255028e-10  -2.91038304567337e-10  7.275957614183426e-12  -2.91038304567337e-11                      0
 2.501110429875553e-11      1.000000000014552  3.055902197957039e-10 -2.473825588822365e-10  1.455191522836685e-11                      0                      0
 9.561063052387908e-11 -3.346940502524376e-10      1.000000000291038 -3.637978807091713e-10 -1.455191522836685e-11  -2.91038304567337e-11                      0
 5.275069270282984e-11 -1.055013854056597e-10  8.731149137020111e-11     0.9999999998544808  2.182787284255028e-11  -2.91038304567337e-11  -2.91038304567337e-11
 2.330580173293129e-11  -1.01863406598568e-10  7.275957614183426e-11 -1.455191522836685e-10      1.000000000029104  5.820766091346741e-11 -5.820766091346741e-11
 7.253220246639103e-11 -1.455191522836685e-10 -8.731149137020111e-11  1.746229827404022e-10 -1.455191522836685e-11     0.9999999999708962  -2.91038304567337e-11
 4.422417987370864e-11 -5.820766091346741e-11   1.01863406598568e-10 -5.820766091346741e-11                      0                      0                      1
