5
2

0.0001472775802179223
0.0002981162218269741
 0.000911068948379872
   0.1107263057578931
      0.5801922923876

  -0.167686880094722   0.4807832591590166  -0.7381742482259092   0.4421919407854021 -0.01713577302269222
 -0.5894253436177685   0.6318721275824662   0.3071416863636845  -0.3960112352453526  0.04641621206653452
  0.2597946754196202  0.02946028287731324  -0.3953250722803196  -0.5673541398205134   0.6733989795147362
 -0.6390486376586088   -0.453256539120849  0.02212358269865588   0.3082986570656666   0.5391083690603857
   0.385463928111911   0.4040738466837722    0.451654069027305   0.4803151123418054   0.5034360747283335

0.3997629201463329
0.3998514748545254
0.3999734661306202
0.4000237638481479
0.4001088683441586

-0.0003416756291261282
    0.3999070131553563

  0.4189275749123409  -0.5115672540914176    8.718676942784942   -8.513608681185154  -0.1122934927545968
   1.487530647677059  -0.4486623326958853   0.7239880280523796  -0.7600616083159609 -0.00276201992833397

-2.280738576638954e-07  4.864896754008416e-07   1.16344768249628e-06   -0.03099687122434704   -0.08521649602754081
-2.897059637594611e-08 -5.661706611634475e-08   4.28626418670314e-07   -0.01185625269456733     0.1187031511205723

cov:
0.05502327456391905 0.05598223881417599 0.05843141736174196 0.05990819307785815 0.06110014447568055
0.05598223881417599 0.05748118132256298 0.06131131028073837 0.06361947659478311 0.06548182869077833
0.05843141736174196 0.06131131028073837 0.06867436677638164 0.07310955237685852  0.0766870161547203
0.05990819307785815 0.06361947659478311 0.07310955237685852 0.07882543042820897 0.08343556610645934
0.06110014447568055 0.06548182869077833  0.0766870161547203 0.08343556610645934 0.08888009845229204

cov.inverse():
 5286890.721337021 -7898308.185284043  3545937.806543181 -969673.2413974334  35370.37728273832
-7898308.185488686  15150318.62197892  -14192258.0350236  6965660.078264343 -25930.08040934824
 3545937.807082983 -14192258.03563469  26371186.37393334 -16146992.82176653  422857.1895027542
-969673.2417266188  6965660.078588474 -16146992.82163852    11167036.277152 -1016428.655527621
 35370.37727678449  -25930.0803270503  422857.1893034517 -1016428.655404668  584117.9182229704

cov*(cov_.inverse()):
     1.000000000097771 -1.325588527834043e-10 -1.527951098978519e-10  -2.91038304567337e-11                      0
 1.082298695109785e-10     0.9999999998576641 -3.637978807091713e-12 -1.455191522836685e-10 -7.275957614183426e-12
 8.139977580867708e-11 -1.184616849059239e-10      1.000000000029104  1.455191522836685e-11  7.275957614183426e-12
 2.955857780762017e-11  3.183231456205249e-11 -9.458744898438454e-11     0.9999999999854481 -7.275957614183426e-12
 7.639755494892597e-11  9.094947017729282e-13  8.003553375601768e-11 -8.731149137020111e-11                      1
