5
2

0.0001902889568720966
   0.0006006493311237
 0.000696464697810057
  0.07915557306277615
   0.5615819365675316

-0.06101663256610292    0.669527864809202  -0.7345416176726074  0.04696749204909011  0.07907006634531379
 -0.3151907954208064   0.3916598427444411   0.3672589597862624  -0.7287905646645101   0.2850306990064331
  0.5201199251371655  -0.3733774874077795  -0.3457141539563623  -0.3752322245296195   0.5742360288253884
 -0.6790021985663345  -0.2694838090952513  -0.1047798806552078   0.3269102173700942   0.5903265006473254
  0.4066485102022211    0.431628004603499   0.4416699771636499   0.4679624504169049   0.4840175937550027

0.4000296050121455
0.4001900562820213
 0.400182201958954
0.4001615537359655
0.4001622576316694

0.0001569588650987434
   0.4002377048017519

   -0.75949650294769    4.462846274196204    1.523164371155272  -0.9131435116607373   -4.313865319854911
    1.17581586389065   0.4966858392792924  -0.2186757630891896 -0.07576564381563544  -0.3781108323562255

 5.545647615630272e-08  7.152838615490888e-07 -2.290696351694215e-06   -0.02313052603806593   -0.07099904393112229
 1.404839924838128e-08 -1.114596095908768e-07  1.518335236991562e-07  -0.007251152643530567     0.1190465326669257

cov:
0.05504012565945651 0.05650111200636947 0.05708826276607009 0.05862373048663481 0.05956220271273115
0.05650111200636947  0.0592102460815991 0.06029906161725148 0.06314907764707066  0.0648897730821356
0.05708826276607009 0.06029906161725148 0.06158972131377377 0.06496846570251544 0.06703184726216693
0.05862373048663481 0.06314907764707066 0.06496846570251544 0.06973331760471534  0.0726419025794634
0.05956220271273115  0.0648897730821356 0.06703184726216693  0.0726419025794634 0.07606734761887225

cov.inverse():
 935965.2386463383 -1870711.102188095  546223.5881573306  155168.9540193656  233421.0936638785
-1870711.102072389  13092303.45138803 -12917005.07753902  366089.8394723945  1329405.138327949
 546223.5880028058 -12917005.07721408   15520919.1589582 -1427215.197679731   -1723117.8803888
 155168.9540494425  366089.8391725304 -1427215.197363738  1823397.477033776 -917396.0213183559
 233421.0936726186  1329405.138418574 -1723117.880534371 -917396.0212721479  1077706.759706006

cov*(cov_.inverse()):
     1.000000000001819   1.01863406598568e-10  5.820766091346741e-11 -7.275957614183426e-12  1.455191522836685e-11
   1.2732925824821e-11       1.00000000007276  5.820766091346741e-11  7.275957614183426e-12  1.455191522836685e-11
-5.456968210637569e-12  7.275957614183426e-11      1.000000000101863 -7.275957614183426e-12  1.455191522836685e-11
                     0  1.164153218269348e-10   2.91038304567337e-11     0.9999999999854481                      0
 1.091393642127514e-11  4.365574568510056e-11                      0                      0                      1
