5
2

0.0001169976733253231
0.0001503048813453127
0.0003766830134399731
  0.05953719877895009
   0.5520787082973371

 -0.1353394337868099   0.5327858828680422  -0.7426708673312952   0.3807856777211699 -0.03556249623686943
 -0.4680190257215661   0.6435630515984302   0.2681539180691143   -0.535253006327397  0.09155591527377394
  0.5639165332685004  0.02835674490845129  -0.4058180481311717  -0.5927931789583254   0.4063274508522921
 -0.5140804695825602  -0.3377073531170283  -0.1287022814583978    0.110689771414377   0.7699730590716162
  0.4246891139705761   0.4325684226833077   0.4419059782351604     0.45260414088321   0.4820708601726104

0.3804193937508293
0.3795097034437794
0.3782928708011677
0.3769013966270758
0.3730644918155613

0.02848869422612411
 0.3862530371003542

   -1.160097110095212     2.452966912041676     5.810783237095678    -2.364602562903615     -4.73910215026973
    2.310949628672236   -0.3366578796923884 -0.002259507615475637    -0.499499916676565    -0.472647356765585

-4.905201772126402e-08  1.019226802971204e-07 -4.918857755874048e-07   -0.01733553525300032   -0.06662628393021996
-9.087012836650657e-09  -2.42802692925883e-08  1.984480054563305e-07  -0.005293078740212931     0.1160899296103357

cov:
 0.0559091771787622 0.05660763404029442 0.05743541224422968 0.05838395649638736  0.0609968645079452
0.05660763404029442 0.05743535409959526 0.05841623575900894 0.05954014094037367  0.0626359251368708
0.05743541224422968 0.05841623575900894 0.05957858691538041 0.06091029277043989 0.06457831348322887
0.05838395649638736 0.05954014094037367 0.06091029277043989 0.06248005934814991 0.06680356452136432
 0.0609968645079452  0.0626359251368708 0.06457831348322887 0.06680356452136432 0.07293257882191798

cov.inverse():
 13275114.48039464 -18487374.07158319  174823.6127978117  4967753.907757388   69652.4974752838
-18487374.07466834  39076045.91024896 -21348663.09511457 -545123.1531730897  1305101.154212795
 174823.6197016695 -21348663.10655152  44637383.20089863 -25317460.07274077  1854030.472012126
 4967753.903530118  -545123.143592098 -25317460.07850992  25750839.31606905 -4856020.550102311
 69652.49788386693  1305101.152983563  1854030.473248193 -4856020.550517728  1627194.881646663

cov*(cov_.inverse()):
     1.000000000040018  4.365574568510056e-10  -2.91038304567337e-10  2.328306436538696e-10  -2.91038304567337e-11
 2.037268131971359e-10     0.9999999999272404                      0  1.746229827404022e-10 -1.455191522836685e-11
 1.882654032669961e-10 -5.820766091346741e-11     0.9999999997671694  1.164153218269348e-10 -1.455191522836685e-11
 2.255546860396862e-10  7.275957614183426e-11   2.91038304567337e-11      1.000000000349246  1.455191522836685e-11
 2.773958840407431e-10  7.275957614183426e-11  -2.91038304567337e-11  1.746229827404022e-10                      1
