5
2

0.0001292548767874256
0.0002826140785849838
0.0006586962197883399
  0.05474084994533247
   0.5497258729149889

-0.03737339155638748   0.4903593351324103  -0.7924586211341571   0.3601824399761879 -0.02070979900974442
 -0.2367044937665875   0.6167662267809134  0.06677090512940007  -0.7026241250264013   0.2557956006115485
  0.4854975792714042  -0.3713410236654509  -0.4087606956460597  -0.3087211026072132   0.6033273731272583
 -0.7277226909910866  -0.2192231290183335 0.005312743586510402   0.2686571422044877   0.5917398240934998
  0.4210534381436348   0.4395386306087805   0.4477024106132163   0.4572773443012329   0.4690200170034432

0.3994323539570503
0.3996317891695949
0.3996423849950558
0.3996529179648112
0.3996539551603424

-0.0002727652803325446
    0.3995908088201413

 -2.115435814541119   9.529712122583369   8.393860291790132  -13.63503913233444  -2.173170635663614
  1.119195252716271  0.6907370129633468  0.7082688931335147  -1.319147907056193 -0.1990885667822344

-1.130356654032464e-07  1.274994101452605e-06 -2.212184712760766e-06   -0.01634381263273008   -0.05993758359736879
-1.228625453269598e-08  8.660666508497128e-08  1.234339965742425e-07  -0.004298067627711405      0.119473382890894

cov:
0.05516259516718366 0.05640561883236018 0.05695475809953286 0.05759885818728792 0.05838865528800368
0.05640561883236018 0.05852711191463542 0.05946395726977788 0.06056273632672887 0.06191015039478548
0.05695475809953286 0.05946395726977788 0.06057207127858736 0.06187166738003402 0.06346538429519916
0.05759885818728792 0.06056273632672887 0.06187166738003402 0.06340685496508826 0.06528947644002443
0.05838865528800368 0.06191015039478548 0.06346538429519916 0.06528947644002443 0.06752699313763966

cov.inverse():
 1328533.540747247 -3340250.077687383  1117468.993592826  931047.7209651141 -36787.06139317527
-3340250.077259236  19472996.02508731 -22393877.35671876  5410157.536300428   851011.934887673
 1117468.992731056 -22393877.35423006  38029789.05055286  -17381153.6232465   627779.268232089
 931047.7214546329  5410157.533531784  -17381153.6205192  14165861.52568909 -3125955.555415565
-36787.06144906732  851011.9355957742  627779.2671316997 -3125955.554967385  1683955.022479264

cov*(cov_.inverse()):
     1.000000000009095   1.01863406598568e-10 -1.091393642127514e-10                      0 -1.455191522836685e-11
 1.909938873723149e-11      1.000000000101863 -1.382431946694851e-10  -2.91038304567337e-11  -2.91038304567337e-11
 2.728484105318785e-11 -8.731149137020111e-11      1.000000000138243 -1.746229827404022e-10  1.455191522836685e-11
 4.411049303598702e-11  -2.91038304567337e-11 -3.492459654808044e-10      1.000000000029104 -1.455191522836685e-11
 1.864464138634503e-11 -1.455191522836685e-11 -9.458744898438454e-11 -8.731149137020111e-11                      1
