6
2

0.0001174469783795962
0.0003526356210353122
0.0004158596526514513
0.0007626140461700172
   0.1033052451572152
   0.6936417758242645

  -0.03319085741791232     0.6465656810025808    -0.7550382913937334    0.06668962839894517    0.07938136580699147  -0.004411109768775614
  -0.05119348808071823      0.227621923404077     0.1069341040667069   -0.04120047818693467    -0.7930658195757306     0.5508917412425522
    -0.129024531823988     0.4180551700659129     0.3140236163750522    -0.8152995403572985     0.2127397864238514 -0.0003950860754363389
    0.6332305210543004     -0.364791982035004    -0.3672813571360488     -0.402146796406808     0.1026033202285066     0.3984982240442261
   -0.6823578097585352    -0.2787403596649869    -0.1787751614574443   -0.01776954752227643      0.330741240271796     0.5612713676694736
    0.3362100394343213     0.3802651399398388     0.3911716894428635     0.4087834033751262     0.4467323343090199     0.4718816511757862

0.3978228144567282
 0.395549753310969
 0.395044480485993
0.3940984676206132
0.3920618624666709
0.3906978871238065

0.01520561522824872
 0.3999651480418389

  0.5050136845910971   -4.875582805380846    7.131257991432961    1.206316504905708   0.3284211081180065   -4.295876815116715
   1.356905726114148   -1.204534170890895    1.163877548037893   0.1060230428452937 -0.09538890504882799  -0.3267358508508981

-1.162547790105298e-07 -3.792473345744235e-07 -1.341977705054248e-07 -1.561038575659047e-06    -0.0275810337619608    -0.1356735814684985
-2.347261614818023e-08  -4.07749222589257e-08 -7.259216561706105e-08  4.004413942663526e-07   -0.01083243568031212     0.1443346583067395

cov:
0.05935582839782892 0.06354277958901564 0.06457910953685218 0.06625559933305494 0.06985663578577252 0.07224624387528099
0.06354277958901564 0.07040273693447986 0.07210081275342668  0.0748440421168544 0.08075041965780858 0.08466594651241904
0.06457910953685218 0.07210081275342668 0.07396279765715408 0.07697021731470417 0.08344752652080881 0.08774094644152097
0.06625559933305494  0.0748440421168544 0.07697021731470417 0.08040375384930565 0.08780126101554947 0.09270390599711077
0.06985663578577252 0.08075041965780858 0.08344752652080881 0.08780126101554947 0.09718828330980085  0.1034074558387136
0.07224624387528099 0.08466594651241904 0.08774094644152097 0.09270390599711077  0.1034074558387136  0.1104983793621699

cov.inverse():
 886712.8136556002 -2358554.236207668  1138591.843742025   26900.9571902937  88458.76325660145  217969.8138886584
-2358554.236418039  31962967.82139833 -34206190.63750415  1331949.410522677  2719117.297321616  550699.3574796893
 1138591.843911482 -34206190.63653892  42223050.28529379 -4912313.573419913 -4705631.050824856  462795.2032677128
 26900.95726846965  1331949.409357428 -4912313.572266147  4457775.956239561 -427332.0408883615 -477537.6153244049
 88458.76328280832  2719117.296015312 -4705631.049291911 -427332.0410087827    5794492.8190817 -3468913.700013168
 217969.8138251892  550699.3587757569   462795.201715564 -477537.6151372901 -3468913.699880747  2714999.734434956

cov*(cov_.inverse()):
    0.9999999999854481 -2.473825588822365e-10   2.91038304567337e-11  -2.91038304567337e-11   2.91038304567337e-11  -2.91038304567337e-11
 1.818989403545856e-11     0.9999999990905053 -2.546585164964199e-10  1.455191522836685e-11  1.164153218269348e-10  -2.91038304567337e-11
 2.182787284255028e-11 -6.548361852765083e-10      1.000000000116415  2.182787284255028e-11  5.820766091346741e-11  -2.91038304567337e-11
-3.637978807091713e-12 -9.531504474580288e-10  -1.01863406598568e-10     0.9999999999636202  5.820766091346741e-11  -2.91038304567337e-11
-7.275957614183426e-12  -2.91038304567337e-10 -4.147295840084553e-10  7.275957614183426e-12      1.000000000058208 -5.820766091346741e-11
 3.637978807091713e-12 -2.692104317247868e-10 -2.837623469531536e-10 -1.455191522836685e-11                      0                      1
