5
2

0.0001822160868720773
0.0002998700777515098
0.0006078346430983229
  0.06726376315984481
   0.5487477717467202

 0.04438217924143833    0.116454744105471  -0.7189410763738784   0.6739229914529555  -0.1158449180351866
 -0.2803540490539974   0.8054456891707948  -0.2898208565114675  -0.4013536347300283   0.1660661916079476
  0.6007999845989344  -0.2441245283953836  -0.4452093639397973  -0.3900559818053919    0.478630908383282
   -0.61847892250921  -0.2995198459553841 -0.05063936286597814   0.1599687332918229   0.7068361504537297
  0.4194699396411826   0.4340352645651132   0.4453671261130284   0.4549828534208035   0.4798927848199018

 0.395334241709036
0.3948342545470048
0.3945392712758756
0.3941884892747254
0.3932692905612772

0.007365140103531005
  0.3964648503245694

  1.746939425704263  -2.242657882654132   8.322969287455141   -3.55907863706958  -4.268154354559157
   1.60439356958622 -0.5711915478292098  0.7614112636808372  -0.419394729497073 -0.3751899426382189

-2.679943035428389e-07 -3.586647382209931e-07 -1.020842975899673e-06   -0.01998171910695093    -0.0606474067668592
-2.596110058948597e-08 -9.212655991347539e-08  2.765001609043866e-07  -0.005393307791321458     0.1184371705967892

cov:
0.05471510509947552 0.05566214440647494 0.05639705113045793 0.05702231986639954 0.05863865904926862
0.05566214440647494 0.05713372750134325  0.0582774494078622 0.05924879681296591 0.06176335849066613
0.05639705113045793  0.0582774494078622 0.05974023392787187 0.06098151408400803 0.06419677098216849
0.05702231986639954 0.05924879681296591 0.06098151408400803 0.06245138736020195 0.06625984516469914
0.05863865904926862 0.06176335849066613 0.06419677098216849 0.06625984516469914 0.07160856953024054

cov.inverse():
 1910470.668397529 -2752448.735861895 -781390.8266957024  1517845.213461419  105624.4947087192
-2752448.735896466  7784279.239557343 -4823396.398097476 -973555.3088290303   764863.367849092
-781390.8265075528 -4823396.398993952  17037880.84897067 -12828919.57120039  1396399.360924224
 1517845.213264438 -973555.3076711331 -12828919.57239413  15881956.98123964 -3597825.831654149
 105624.4947521312  764863.3675530606  1396399.361409642 -3597825.831886929  1331039.623749097

cov*(cov_.inverse()):
    0.9999999999990905 -1.455191522836685e-11 -7.275957614183426e-11  -2.91038304567337e-11                      0
-3.637978807091713e-11      1.000000000050932  1.455191522836685e-11   2.91038304567337e-11  1.455191522836685e-11
-2.182787284255028e-11  5.093170329928398e-11     0.9999999998690328  1.455191522836685e-10  -2.91038304567337e-11
-2.546585164964199e-11  6.548361852765083e-11 -2.328306436538696e-10     0.9999999999708962                      0
-1.000444171950221e-11  2.182787284255028e-11                      0 -8.731149137020111e-11     0.9999999999854481
