5
2

0.0001267659238456133
0.0004989713001411797
0.0006896729430147781
  0.08603359210811318
    0.596080404726095

-0.04957693208816237   0.6676851641980805  -0.7376355116384061  0.04404836069584118  0.07544695623061073
 -0.2485908416934885   0.4821954030991739   0.4174527639216774  -0.7252086593101597  0.07413350802343255
  0.5322185104318494  -0.3041620345253769  -0.2843681516073316  -0.4922813596146894   0.5486553847675506
 -0.7074245126294414  -0.2072034507092408  -0.0645492648473965   0.1349299502973837   0.6589723741292849
  0.3899214501865076   0.4315510416015393   0.4433905599166376   0.4599838191395733   0.5035321823713557

 0.400568899331766
0.4001139874595697
0.4000398672797712
0.3998245921257344
0.3992416661100852

0.003475294909311221
  0.4012068717097817

  0.9139551373211739   -1.133023842101761    3.944596752520041    0.114379371590952   -3.839937438457197
    1.40622117051793  -0.5092691389946651   0.4049268299943104 0.008773981176364215  -0.3105579666005716

  -6.4216727710672e-08  1.258620273605778e-07 -1.167137526983884e-06   -0.02354793172720999   -0.09398331057122615
-1.175459323042281e-08 -1.134041298114877e-07  2.917916893498143e-07  -0.008281672701193113     0.1263989438587722

cov:
0.05772553116470338 0.06087353426764874 0.06176686938250899   0.063021265522784 0.06631084052659848
0.06087353426764874 0.06648985625300226 0.06808646039287482  0.0703247562611921 0.07619848856895234
0.06176686938250899 0.06808646039287482 0.06988353085733867 0.07240225780516127 0.07901251578553149
  0.063021265522784  0.0703247562611921 0.07240225780516127 0.07531370171551141 0.08295413057593157
0.06631084052659848 0.07619848856895234 0.07901251578553149 0.08295413057593157 0.09330174856962103

cov.inverse():
 996745.8179157658 -2881673.659238448  1540712.377308561  37360.46675574473   307061.322795012
-2881673.658920226  28870436.98575311  -29658103.0163441  740443.2662789967   2927501.88873263
 1540712.376952979 -29658103.01613199  34729303.12652249  -2943580.17829893 -3666927.912419337
  37360.4667206779  740443.2668158879  -2943580.17887548  2742633.061598134 -576957.3276247452
 307061.3228674252  2927501.888301814 -3666927.911986211 -576957.3276994454  1009225.238418476

cov*(cov_.inverse()):
    0.9999999999636202  -2.91038304567337e-11  1.746229827404022e-10   2.91038304567337e-11   2.91038304567337e-11
 7.275957614183426e-12     0.9999999998835847 -5.820766091346741e-11  3.637978807091713e-11                      0
-5.093170329928398e-11  1.455191522836685e-10     0.9999999997089617  7.275957614183426e-11  5.820766091346741e-11
-5.456968210637569e-11  2.619344741106033e-10 -1.164153218269348e-10       1.00000000003638   2.91038304567337e-11
                     0  5.820766091346741e-11 -2.328306436538696e-10  2.182787284255028e-11                      1
