6
2

0.0001547154747398618
0.0002637257032249162
0.0005710663413641237
0.0006840346496105376
  0.07506307123477567
   0.6089864991244279

0.0006653675562877918    0.2121429526628485    -0.735666202168819    0.6372969643560327  -0.03385667647833205  -0.08060067362273077
   0.2728331297690529   -0.7701399623266896    0.2312909285884245    0.4999942474511123  -0.08880704483794617   -0.1451553973626889
  -0.5648708194671137    0.2875131074303986    0.4727261835038705    0.4055560780849253   -0.4224221622312003   -0.1785242565715474
   0.2314619056797931  -0.01145592253246763  -0.08246514970353327  -0.04943204802627216    -0.727119495093856    0.6390206253516132
  -0.6410618687532197   -0.3552070476964345   -0.1116903001641052   0.08085889737711498    0.3215111786610227    0.5835111920585777
   0.3767594252977596    0.3910405787438987    0.4031804517864204    0.4127964517890645    0.4247991913261675    0.4378696849077696

 0.398903365591651
 0.398853998993654
0.3988895362377352
0.3988228262108302
0.3987297287730699
0.3986487370335461

0.001327431097796441
  0.3992599361581208

  0.8958915926918996  -0.4891320661521552    6.690126142789715   -2.222956626413749   -1.000246160466396   -3.873878943325216
   1.527363833120807  -0.4022373304004923    0.550561065105425  -0.2347436231641802 -0.09812897287330286  -0.3428305182006563

-1.459060619993408e-07  1.188055171919962e-07  8.898020416505832e-07 -9.250631719707305e-07   -0.02202844017971351   -0.07239028550765374
 -1.45534167909895e-08  5.528921122515458e-08 -2.317690401165583e-07  8.263736387199948e-08  -0.006470200160165353     0.1303334970636071

cov:
0.05495903330589207 0.05592176969946965 0.05673841914204239 0.05738655683584413 0.05819448239971841 0.05907452686850203
0.05592176969946965 0.05742089459002818 0.05869404099374681 0.05970320087384635 0.06096218753661903 0.06233336200373206
0.05673841914204239 0.05869404099374681 0.06035607496850076 0.06167270503912735 0.06331587349006892 0.06510534772954239
0.05738655683584413 0.05970320087384635 0.06167270503912735  0.0632325790046418 0.06517961309329127 0.06729995981600878
0.05819448239971841 0.06096218753661903 0.06331587349006892 0.06517961309329127  0.0675068611023857 0.07004015178085508
0.05907452686850203 0.06233336200373206 0.06510534772954239 0.06729995981600878 0.07004015178085508 0.07302446531586809

cov.inverse():
 2163270.733867743  -3518811.62066951  27255.18857625946  1252143.861243043  22645.61205057945  53617.25395834939
-3518811.620543207  10661669.16272155 -8662201.409673445  470432.7774153289  328665.1447259752  719898.7237207147
 27255.18820767499 -8662201.408556242  24078597.89293028 -17327116.10859275  261029.3850719457   1623020.99323684
 1252143.861516086  470432.7761499684 -17327116.10725283  21071394.10453742 -1988322.237120063 -3478931.718819425
 22645.61205223099    328665.14477954  261029.3847813331  -1988322.23682219  1838407.619167556 -462411.2347157552
 53617.25392593626  719898.7239416259  1623020.992936154 -3478931.718769729 -462411.2346532719   1544850.06713248

cov*(cov_.inverse()):
     1.000000000010459 -1.455191522836685e-11 -1.164153218269348e-10  1.164153218269348e-10  1.091393642127514e-11  -2.91038304567337e-11
 1.182343112304807e-11     0.9999999999126885 -1.746229827404022e-10   2.91038304567337e-11  3.637978807091713e-12  -2.91038304567337e-11
-1.818989403545856e-12   1.01863406598568e-10      0.999999999825377  5.820766091346741e-11  3.637978807091713e-12 -1.455191522836685e-11
 9.094947017729282e-12 -3.637978807091713e-11 -8.731149137020111e-11      1.000000000145519 -1.091393642127514e-11                      0
 1.409716787748039e-11  7.275957614183426e-12  8.731149137020111e-11 -1.455191522836685e-10                      1                      0
 9.094947017729282e-12   2.91038304567337e-11 -7.275957614183426e-11  5.820766091346741e-11 -1.455191522836685e-11      1.000000000014552
