5
2

0.0001217441588228138
0.0004122236523950403
0.0007594568145918334
  0.09600413253554291
   0.6209690649535504

-0.0371436681256947  0.6582826224352085 -0.7462834885012802 0.07862403828453655 0.04651400124892414
-0.1353193509576787  0.4571084683776521  0.3346116833650171 -0.8000676666428552  0.1437611614523102
 0.6272234435376157 -0.3559341094254367 -0.3560523665607981 -0.3756131013874367  0.4604814566916925
-0.6660321574671957 -0.2226754995430633 -0.1128990137933295 0.06398613855500374  0.6999831239966814
 0.3785511039093256  0.4259605249175457   0.437694529434557  0.4566514661483312  0.5245470715852311

0.3977612563991052
0.3954876364679849
0.3949819479116823
0.3940350456181012
0.3906317773131355

0.01521386944309278
 0.3999044623417105

 0.5104451430788246  -4.992047934571556    7.34303763054296   1.223395216893969  -4.085326048373526
  1.359612336839182  -1.121234181601206   1.034762969047982  0.1063035436545736 -0.3792882130646996

-1.316007881590211e-07 -2.480995360810851e-07 -1.648561994842796e-06   -0.02616432703989863    -0.1170145661077563
-2.327146742317442e-08 -8.323781029560778e-08  3.857770102151879e-07  -0.009506120318361837     0.1309431125036588

cov:
 0.0593460003421245 0.06354437220669649 0.06458330889520773 0.06626463536284924 0.07227147432756434
0.06354437220669649 0.07042176943068619 0.07212377359217823  0.0748743714126633 0.08472093524373402
0.06458330889520773 0.07212377359217823 0.07398997239566374 0.07700532053504619 0.08780256363170849
0.06626463536284924  0.0748743714126633 0.07700532053504619  0.0804478483328947  0.0927780806199405
0.07227147432756434 0.08472093524373402 0.08780256363170849  0.0927780806199405  0.1106145441164525

cov.inverse():
  882976.084292385 -2400744.730644529  1216569.954360935   31613.0957222237  269660.6718255307
-2400744.730624874  30685992.86636147 -32025312.58775764  1571583.949356904  2168388.908701633
 1216569.954315596 -32025312.58731879  38454767.78369757 -5302362.780252271  -2343209.26049128
 31613.09575165978  1571583.948838259 -5302362.779713054  4428617.508200599  -729997.799920377
 269660.6718217763  2168388.908801146 -2343209.260637056 -729997.7998703659  635285.9368815991

cov*(cov_.inverse()):
     0.999999999996362 -8.731149137020111e-11  2.037268131971359e-10                      0                      0
 7.275957614183426e-12     0.9999999997380655  6.984919309616089e-10   2.91038304567337e-11  -2.91038304567337e-11
 1.818989403545856e-11 -8.731149137020111e-11      1.000000000494765  3.637978807091713e-11 -7.275957614183426e-12
 1.455191522836685e-11  -2.91038304567337e-10  2.328306436538696e-10      1.000000000058208 -7.275957614183426e-12
                     0  1.164153218269348e-10  8.731149137020111e-11 -1.455191522836685e-11     0.9999999999854481
