5
2

0.0001694738795411324
0.0003930579752635431
 0.000532390617961745
  0.08770568115690337
    0.585039876881061

 -0.3663484107927018   0.7934189786438454  -0.4840074548317737  0.01451694402149174  0.04244064373880305
 -0.4528580930554736   0.2604289014816503   0.7434053117038232  -0.3819206437577403  -0.1690606377292929
 -0.3342261469162835 -0.07246727218387791   0.1142836047641902   0.7893196296232988  -0.4969458291938496
  -0.626611853881253  -0.3489722235670006 -0.03382592344303226   0.1371384711977598   0.6823670701132712
  0.3954223776631968   0.4190823227502552    0.445960077566522   0.4605360379132443   0.5069884781742755

0.3979808736126821
0.3980498672907073
0.3981244833857331
0.3982638560804946
0.3983009153090115

-0.0005014991868581503
    0.3979999466578761

  1.507958247549299   2.782219444677445  -3.017215993365063   1.014498270459476  -2.287676952718471
  2.353935865834281 -0.7826064214978665 -0.5116979028255904  0.1080097886836174 -0.1677008818847068

 8.711255563246721e-08 -3.402027399883545e-07   2.51461435002201e-07   -0.02488970360333782   -0.09443661742491653
-3.564839949095747e-08 -2.569415798136079e-07 -1.757099093324912e-07  -0.009878502192091208      0.116148363473968

cov:
0.05653759022848331 0.05840143994941444 0.06052005785773767 0.06166874346342587 0.06532776605713563
0.05840143994941444 0.06104997800521429 0.06405933273609693 0.06569112487324955 0.07089069002558578
0.06052005785773767 0.06405933273609693 0.06808001827881852 0.07026028648211417 0.07720887812677957
0.06166874346342587 0.06569112487324955 0.07026028648211417 0.07273844167930514 0.08063553296714718
0.06532776605713563 0.07089069002558578 0.07720887812677957 0.08063553296714718 0.09155838251211981

cov.inverse():
 6394455.414295138 -10798147.11021364  3859788.636320631  3567.984310915284  540146.6712574259
-10798147.11044458   22375479.2894781 -12146615.51687732 -444583.1092764977   1014450.14982861
 3859788.636887382 -12146615.51781233  11779638.71627936 -1764127.511715514 -1729068.787775156
 3567.984003302162 -444583.1086027724 -1764127.512123458  3149560.934160835 -944495.7541181085
 540146.6712292244   1014450.14985895 -1729068.787735444 -944495.7541599583  1119053.553821294

cov*(cov_.inverse()):
     1.000000000029104 -8.731149137020111e-11 -4.365574568510056e-11                      0                      0
-8.731149137020111e-11      1.000000000043656 -1.455191522836685e-11   2.91038304567337e-11 -1.455191522836685e-11
-4.365574568510056e-11   1.01863406598568e-10      0.999999999825377   2.91038304567337e-11  1.455191522836685e-11
-1.309672370553017e-10  3.637978807091713e-10 -2.037268131971359e-10      1.000000000058208  1.455191522836685e-11
-2.182787284255028e-11   1.01863406598568e-10  -2.91038304567337e-11  1.455191522836685e-11                      1
