5
2

0.0001219241798079037
0.0002361905731412397
0.0006458337245171825
  0.09164059703994491
   0.5830932855385498

-0.02917846859373145   0.1968503558619717  -0.7424713196556021   0.6366443986273632 -0.06179646877299604
 -0.3344003316156945   0.8085309987043701  -0.1598302322191169   -0.439562211568386    0.125273306731005
  0.6384939143156619  -0.1300846896232788  -0.4700261465484616  -0.4397073651190965   0.4014179237755899
 -0.5637563231060422  -0.3366979869243492 -0.08380314822369192  0.05310630939646963    0.747642980311546
  0.4022802067286656   0.4209988131311482   0.4418632031141023    0.453107189106309    0.510275826911712

0.4005577461888353
0.4003744684894506
0.4001225498839893
0.4000557067956308
0.3992959140174607

0.003344763750833243
  0.4011796835271563

 0.2538308176781119   1.862208574911974   -2.69801189367097   4.239916583522174  -3.657947006663108
  1.490081280496846  -0.215022120321212 -0.3347747058198918  0.3799102653501739 -0.3200895054141882

 7.860483695841758e-08 -2.621685384817096e-08 -8.945683300625081e-07   -0.02564472437188667   -0.08550220375655036
 6.308969499528112e-09 -4.606368718649019e-08  3.508625151137649e-07  -0.008051389202900971     0.1257269832220162

cov:
0.05769086303913672 0.05917587199003861  0.0608322022132246 0.06172191652172571 0.06625310330327061
0.05917587199003861 0.06121329443731161 0.06348468455824055 0.06470699971219346 0.07092615530823917
 0.0608322022132246 0.06348468455824055 0.06644129782391991 0.06803413739973797 0.07613376285032904
0.06172191652172571 0.06470699971219346 0.06803413739973797 0.06982740874210495 0.07894412770933476
0.06625310330327061 0.07092615530823917 0.07613376285032904 0.07894412770933476  0.0932234023761975

cov.inverse():
 3039220.386303131 -5432105.011937147    1695917.9140236  712159.3084137847 -15198.61026760381
-5432105.012097019   14365692.2293331 -12001767.25267581  2196865.921034215  872104.3455827226
  1695917.91465719 -12001767.25246469  38071002.73750684  -30042915.5480744   2275206.07291765
  712159.307904852  2196865.920479626 -30042915.54654856  31192586.29408087 -4056806.729356807
-15198.61023243107  872104.3457663257  2275206.072236438  -4056806.72889432  924596.3307775022

cov*(cov_.inverse()):
    0.9999999999884039  -1.01863406598568e-10 -1.164153218269348e-10  2.328306436538696e-10                      0
 1.614353095646948e-11     0.9999999998617568  2.328306436538696e-10  2.328306436538696e-10  -2.91038304567337e-11
  2.91038304567337e-11  -1.01863406598568e-10      0.999999999825377   2.91038304567337e-10  1.455191522836685e-11
 -3.61524143954739e-11 -4.365574568510056e-11  2.037268131971359e-10                      1  -2.91038304567337e-11
-1.818989403545856e-11 -1.455191522836685e-11                      0 -5.820766091346741e-11      1.000000000014552
