5
2

0.0001445496702001564
 0.000289286145811094
 0.000858200083912217
  0.09058116498931203
   0.5617531401697057

 -0.1627599557034085   0.6086386212852124  -0.7213989706592405   0.2872526359344833 -0.01173344706127478
 -0.5256311839016432   0.5633934535497456   0.3954003428350114  -0.4959964227208086  0.06281554378944469
  0.4122085901177275 0.008930386971432999  -0.3462402824448291  -0.6321379345805714   0.5572464669232365
 -0.6023562503465891  -0.3656008108022703 -0.08947130315837171   0.2357409443210402   0.6632677346976007
  0.4055515765363687   0.4223779593049206    0.441989419264094   0.4650820472042385   0.4954481011056355

0.3993793897221949
0.3994484890951403
0.3994857760073733
0.3995192293833271
 0.399586221952979

-7.286189725577061e-05
    0.3995596388793448

  0.1737078598817759     2.02024834927681    5.154818389117271   -6.918550749970899  -0.4304406062894074
   1.466456818150136  -0.1745220284631643   0.3569733759364067  -0.6119197785823756 -0.03699332533446628

-9.401891180427418e-08  5.430953785765555e-07  1.795941270063201e-06    -0.0264275599278397   -0.07220910530276685
-1.625105296436366e-08 -3.571791784771824e-08  6.227407756362563e-07  -0.008371129913734622     0.1186110346191633

cov:
0.05487906885221591 0.05586219485862959 0.05700722947963805  0.0583552420614021 0.06012881622926128
0.05586219485862959 0.05739481085380864 0.05918044779304506 0.06128284480273948 0.06404784980983597
0.05700722947963805 0.05918044779304506 0.06171319360088975 0.06469537374880384 0.06861661184461089
 0.0583552420614021 0.06128284480273948 0.06469537374880384  0.0687137637836425 0.07399677968999174
0.06012881622926128 0.06404784980983597 0.06861661184461089 0.07399677968999174 0.08107154193925455

cov.inverse():
 4800046.513751605 -8274656.485497905  2942116.662451504  523946.8047693066  8688.471518396527
 -8274656.48529293  21522021.36748391 -18355899.62680189  5020558.516519886   87830.8729388452
 2942116.662114046 -18355899.62641042  26937689.91850768 -11963873.10559484  439919.8380507868
 523946.8048701818  5020558.516437463  -11963873.1056518  7431318.843905037 -1011865.609729364
 8688.471550010499  87830.87283477343  439919.8381617547 -1011865.609767874  475409.5067259259

cov*(cov_.inverse()):
     1.000000000052296 -8.822098607197404e-11  1.455191522836685e-11  1.164153218269348e-10  1.091393642127514e-11
 1.182343112304807e-11      0.999999999915417 -3.092281986027956e-10  1.164153218269348e-10  3.637978807091713e-12
  1.70530256582424e-11  6.275513442233205e-11     0.9999999995743565  1.891748979687691e-10  1.455191522836685e-11
 -4.39968061982654e-11  8.185452315956354e-11  -4.18367562815547e-10      1.000000000276486  7.275957614183426e-12
 2.830802259268239e-11 -4.638422979041934e-11 -1.455191522836685e-11  1.455191522836685e-11                      1
