6
2

0.0001135812226233798
0.0002407285647476191
0.0004066162867757072
0.0007239194301618798
   0.1077529946570307
   0.6742248186853348

-0.02331990245660558   0.1523965958657642  -0.7158810503746451   0.6766947447361499 -0.07486244641148752 -0.01502058574758087
  0.2958493576307514  -0.7930464735624365   0.2516256073544882   0.4353398984473923  -0.1745974509722754 -0.01516261906593151
 -0.1829772799914254   0.2498806015969552   0.2494119080940058   0.1188402192371791  -0.8229676605905232   0.3879096956344492
  0.6586337775877124 -0.08858555836989494  -0.4234423726318713  -0.4135441883633794  -0.1600724294509679   0.4270933440470167
 -0.5679363568073905   -0.374820217018828  -0.1695505090568037 -0.07095029334796565   0.2616198001743493   0.6593419905022415
  0.3494259526462138   0.3702359478042445   0.3923541225441083   0.4029735198529323    0.438825103361044   0.4815910713986806

0.3981577248476276
0.3970846697999665
 0.395901944182382
0.3954015037151671
0.3934362953113675
0.3910891516374787

0.01510179635276472
 0.4002845626526924

  0.2459901445476853   0.7677516223988752   -5.583296574972199    7.665173681367903    1.218036534072156   -4.314156364988008
   1.381961877628612 -0.08844888410740304   -1.041576921694402    1.053625094866524   0.1130226188016352  -0.4184302777949046

  1.19574485191038e-07  7.236343396280192e-08 -4.977765188004335e-07 -1.440743681219851e-06   -0.02961326239070062    -0.1248806072757535
 1.819959153034813e-08  3.837495519384331e-08 -1.099266642079618e-07  3.807651365295819e-07   -0.01040538603615433     0.1428047895861441

cov:
0.05924871691673068 0.06128048750508257 0.06344010157769736 0.06447673125769118 0.06797855002016961 0.07214910238252739
0.06128048750508257  0.0639425168674717  0.0667716862443283 0.06812983441627375 0.07271636539882566 0.07818310029621872
0.06344010157769736  0.0667716862443283 0.07031259841574224  0.0720125092084459 0.07775205874697237 0.08459659009298659
0.06447673125769118 0.06812983441627375  0.0720125092084459 0.07387659278910511 0.08016994466955045 0.08767622189275251
0.06797855002016961 0.07271636539882566 0.07775205874697237 0.08016994466955045 0.08833197020580506 0.09807085812621023
0.07214910238252739 0.07818310029621872 0.08459659009298659 0.08767622189275251 0.09807085812621023  0.1104781790410578

cov.inverse():
 2582827.237628425 -4712020.962177495  1770473.852296281  348030.1645783705  -46452.1365644693  57181.61668919777
-4712020.961705953  13045716.73128591 -11451696.43815175  2285739.770902043  288268.0128157911  544109.7454364221
 1770473.849809994 -11451696.43325124  41536403.41181353 -35147214.08827511  2284005.371646022   1007742.10709245
  348030.166797122  2285739.766152559 -35147214.08568616  39177598.40154381 -5703689.330730291 -960007.9133892534
-46452.13668297837  288268.0127787517  2284005.371962264 -5703689.330837628  5105707.301721763  -1928420.97963984
  57181.6166036893  544109.7457940223  1007742.106601393 -960007.9132236561 -1928420.979586473  1279668.376981345

cov*(cov_.inverse()):
     1.000000000048203 -7.275957614183426e-12  4.220055416226387e-10 -3.637978807091713e-10   2.91038304567337e-11  1.455191522836685e-11
 8.458300726488233e-11     0.9999999999272404  1.309672370553017e-10  2.764863893389702e-10   2.91038304567337e-11   2.91038304567337e-11
 3.910827217623591e-11 -1.455191522836685e-11      0.999999999825377  1.455191522836685e-10                      0  1.455191522836685e-11
 3.001332515850663e-11 -8.003553375601768e-11  1.455191522836685e-10     0.9999999999854481 -5.820766091346741e-11   2.91038304567337e-11
 9.094947017729282e-11 -6.548361852765083e-11  8.731149137020111e-10  1.455191522836685e-11                      1  1.455191522836685e-11
 4.456524038687348e-11  2.182787284255028e-11  1.455191522836685e-10  1.455191522836685e-10                      0      1.000000000029104
