5
2

0.0001144420228105955
0.0003518337839735043
0.0004046989211105912
  0.06982017801258027
   0.6601091590993269

   0.6242511835611549    -0.773737854002002   0.07664732579994013   0.07586974453389848 -0.003026948785861277
   0.1081949822236113   0.02404164442033566    0.2086454496626464   -0.8360676150671499    0.4951503453762289
  -0.2756277822671903   -0.1407137405627132    0.8644920002763178  -0.05618027200912443   -0.3920794911169816
  -0.6043141968370237   -0.4622123016419362   0.01800780212202196    0.2639550202645867    0.5925939639010368
   0.3967845546235685    0.4090368736992492    0.4504681612542386    0.4715996704986038    0.4999230337245473

0.3955876998202457
0.3950733479193559
0.3930607868686949
0.3920410964660299
0.3906568093794821

0.01545832234822071
 0.4000727873874382

 -2.589922399778022   5.725107278493115    1.16709544098764  0.2041697467017685   -4.50695672451484
  3.108379011990064  -1.423708563510725   0.150940912264759 -0.1858776145894412 -0.6497078707445211

-7.763765871555688e-08 -2.848818628845703e-07  4.377565597829935e-07   -0.01792472843369109    -0.1381164916581242
 3.983340454014686e-08    2.0706971062851e-08 -4.270648596885666e-08  -0.008051997370503496     0.1335720408215722

cov:
0.07038296807201226 0.07208270843896158 0.07783129608476957 0.08076034116979644   0.084689232320212
0.07208270843896158 0.07394632961162956 0.08024877964324648 0.08346100792915659 0.08776875104270379
0.07783129608476957 0.08024877964324648 0.08842358348947288 0.09259289627082998 0.09818129297344258
0.08076034116979644 0.08346100792915659 0.09259289627082998 0.09725194073424594  0.1034950396454937
  0.084689232320212 0.08776875104270379 0.09818129297344258  0.1034950396454937  0.1106144379423727

cov.inverse():
 30312657.08812416 -36621378.94001793  2380807.351583208  2979993.346235549  948264.6297172849
-36621378.93913749  45836178.87262516 -5230352.305460206 -4596338.065070329  611793.9052709015
 2380807.350787552 -5230352.304571276  5363316.757980021 -1261733.378135716 -1252652.800709128
 2979993.344800983 -4596338.063418194 -1261733.378180371  6105662.326612612 -3227297.034927145
 948264.6310671406  611793.9036101777 -1252652.800571185 -3227297.034754208  2919990.570109247

cov*(cov_.inverse()):
    0.9999999996798579 -5.238689482212067e-10 -5.820766091346741e-11  5.820766091346741e-11 -5.820766091346741e-11
-4.074536263942719e-10     0.9999999995125108 -4.365574568510056e-11                      0   2.91038304567337e-11
 -1.01863406598568e-10 -4.220055416226387e-10                      1 -5.820766091346741e-11                      0
 4.074536263942719e-10 -5.966285243630409e-10 -4.365574568510056e-11      1.000000000116415 -5.820766091346741e-11
-1.164153218269348e-10 -7.275957614183426e-10   2.91038304567337e-11  5.820766091346741e-11                      1
