5
2

0.0001137912762672739
0.0003545392987930482
0.0004358150820722538
   0.0712444517604843
   0.6539113576684084

  0.6154298211433281  -0.7801622185053174  0.06959663276802341  0.08771721187120103 0.007419401138152941
    0.16254983448691  0.04558284324313645  0.02605570510995327  -0.8039041574041678   0.5697007650070942
 -0.3641865611412003    -0.22735336133315   0.8797366596108313  -0.1535375261982255  -0.1347895973744662
  -0.548742742910218    -0.40813776429051  -0.1812204660221101   0.3100814634238515   0.6350697569550658
  0.4013393045084006   0.4135252491314111   0.4332435358664706   0.4757305020068505   0.5038890344884931

0.3956993501556444
0.3951919287808134
0.3942438442317318
0.3922016516157661
0.3908341446156675

 0.015260907526514
0.4001275130517947

 -2.651718575442362   5.407386569756309   1.234859052340156  0.3913385326759583  -4.382309515429322
  3.093190282945786  -1.410435528405096  0.0972890793168861 -0.1533439295903448 -0.6266523574249939

 -7.46197468461187e-08 -3.725165428678869e-07  2.570364889903463e-07   -0.01846238172277895    -0.1347707068123232
 3.875059079955217e-08  2.605851852789684e-08 -1.162841608907663e-07  -0.008044395780557188     0.1332420451990653

cov:
0.07040336928308565   0.072102983251513  0.0748547905486702 0.08077772887542789 0.08470492951580273
  0.072102983251513 0.07396647193974297 0.07698298529363447 0.08347792770188345  0.0877837733069667
 0.0748547905486702 0.07698298529363447 0.08042735528246917 0.08784618519456079 0.09276376546065945
0.08077772887542789 0.08347792770188345 0.08784618519456079 0.09726236100912372  0.1035017976079401
0.08470492951580273  0.0877837733069667 0.09276376546065945  0.1035017976079401  0.1106166066613261

cov.inverse():
 30159460.91312598 -36585569.13325816  1654754.609835588  3423904.254038127  1347743.228316887
-36585569.13439175  47294555.10755727 -5236880.583671991 -5392847.478565947 -79140.72931219083
 1654754.610992305 -5236880.585012372  4454231.864074411 -406331.5619473298 -466367.6548822547
 3423904.254771207  -5392847.47932804 -406331.5620364956   5859741.60499872 -3484268.985580894
 1347743.227560535  -79140.7283431176 -466367.6549767723 -3484268.985699097   2682037.61396148

cov*(cov_.inverse()):
     1.000000000392902 -2.564775058999658e-10                      0                      0  5.820766091346741e-11
 1.309672370553017e-10      1.000000000022737   2.91038304567337e-11 -5.820766091346741e-11   2.91038304567337e-11
  2.91038304567337e-10 -3.456079866737127e-11     0.9999999999417923 -1.164153218269348e-10  5.820766091346741e-11
 4.656612873077393e-10 -4.965841071680188e-10  3.637978807091713e-11     0.9999999999417923                      0
-5.820766091346741e-11  1.400621840730309e-10 -7.275957614183426e-12                      0                      1
