5
2

0.0002458540329533114
 0.001596576881608095
 0.003347358856323103
  0.07772531022894366
   0.5645689015032888

   0.3060636097324915   -0.7983861295868414    0.5182363556352541  -0.01328811552007146  -0.01261588540991449
  -0.3302126083326479    0.3034245844367598    0.6465809372449699   -0.6171052816966343 -0.002705134204377315
    0.299678844377201    0.2462400810326918    0.1847812866398433    0.1582202856173615   -0.8890335370798131
  -0.7386614487840926   -0.1267782625139272    0.2532449059119647    0.5988101104454739   -0.1248999819537797
   0.4023139997670937    0.4402342606950145    0.4637747999047289    0.4851775861841551    0.4402872768313461

0.3988786169229909
0.3989898182884687
  0.39902258645736
0.3990658339548965
0.3990595091639765

-6.638600848489013e-05
    0.3990564171617313

     1.028516966674555      7.185295015679035     -8.046662238483272    -0.0951828854311401   -0.07217605543329604
      1.39108352679645     0.2395516129805897    -0.6195038408114133 -0.0002216641667086849   -0.01085611175004916

-5.796445665879141e-07  -8.42035193334919e-06  7.168467083416607e-06   -0.02269339196553862   -0.07420162941800919
-5.222630035703369e-09 -2.006263137269454e-06  4.157087758816071e-06  -0.007331464393666528     0.1188617455082875

cov:
0.05488734853930078 0.05701875644630142   0.058341131648999 0.05954457825430536 0.05701363332026784
0.05701875644630142 0.06187146212837057 0.06488363077394944  0.0676211650730864 0.06187405575576968
  0.058341131648999 0.06488363077394944 0.06894533670471319 0.07263568273722405 0.06489151090357832
0.05954457825430536  0.0676211650730864 0.07263568273722405 0.07719754625889107 0.06763462677296549
0.05701363332026784 0.06187405575576968 0.06489151090357832 0.06763462677296549 0.06189138907679745

cov.inverse():
 1600657.875919147 -4075390.606526296  2545278.956423757  16815.42437821495 -87292.88161025484
-4075390.606524678   10587132.5278175 -6764179.446207596  105526.6935508314  146782.3431872149
 2545278.956429368 -6764179.446225287  4610320.352170239  -267826.316206101 -123518.0774124116
 16815.42437529416  105526.6935586834 -267826.3162108014  154611.5144081418 -9137.146895624079
-87292.88161456549  146782.3431986754 -123518.0774197928 -9137.146895393067  73178.63942107152

cov*(cov_.inverse()):
     1.000000000060027  2.182787284255028e-11 -1.909938873723149e-11 -1.250555214937776e-12 -9.094947017729282e-13
 1.818989403545856e-12      1.000000000127329 -2.728484105318785e-11  3.410605131648481e-13  9.094947017729282e-13
 2.364686224609613e-11  8.003553375601768e-11     0.9999999999954525  9.094947017729282e-13  9.094947017729282e-13
 4.547473508864641e-12                      0  4.001776687800884e-11     0.9999999999987494                      0
-7.275957614183426e-12  2.219167072325945e-10 -5.002220859751105e-11   7.16227077646181e-12      1.000000000000909
