5
2

0.0001738745216711011
0.0006791032985428986
0.0007876077972033876
  0.01424849746099319
   0.5200027469946545

  0.5033756975376207  -0.8359337853896652  0.04828012566107001  0.09169282026253331   0.1925852272399759
  0.2090642162176377    0.175931662012986  -0.3470743451149488  -0.6530566784787906   0.6151394780502485
  0.1695267676727617    0.114642030404976  -0.8227380590104877   0.5302366456806659 0.008310580005106609
 -0.6897514349081298  -0.2401531086366667  0.01665151166330224   0.2885873180528193    0.618877636914382
   0.445430907897533    0.446594274506765   0.4472507594673967   0.4479685935899401   0.4488159506749331

0.4005146562786445
0.4005799160234961
0.4005546235781837
0.4005076824145443
0.4004928813712427

0.0004678922419468526
   0.4007252950039272

  6.162949847685365  -4.267285169907755 -0.1915963645379841 -0.6550153638872364  -1.049042667549963
  2.342820709950778 -0.9926806904811709 -0.0454150073142516   -0.14565975848503  -0.159049026197366

 1.934297874798032e-07   1.78317816029977e-07  2.215662254563635e-07 -0.0008257927487162154  -0.002845122511713948
  5.93447486664515e-08  1.513620693111311e-07  1.502284616305887e-07 -0.0003083447196267326     0.1198675880520713

cov:
0.05374691129728632 0.05382404590507862 0.05386702005688169 0.05391551357697897 0.05397139151189256
0.05382404590507862 0.05394264121121243 0.05400926641681014 0.05408276417359821 0.05416905098573058
0.05386702005688169 0.05400926641681014 0.05409009187992231 0.05417718304923278 0.05428084072340383
0.05391551357697897 0.05408276417359821 0.05417718304923278  0.0542806054395595 0.05440204549129351
0.05397139151189256 0.05416905098573058 0.05428084072340383 0.05440204549129351 0.05454673847358368

cov.inverse():
 8524770.474361897 -13806592.64369658  421639.4332246892  1374587.958647001  3485615.488288229
-13806592.64369193  23202413.28826373 -1619431.073828001  -2686811.10736273 -5089572.701954246
 421639.4331387827 -1619431.073686689  1429501.071253865 -65322.22781099526 -166357.8782527824
  1374587.95879115 -2686811.107601313   -65322.227783857  1656502.591099304 -278986.4493462593
 3485615.488225338 -5089572.701852323  -166357.878224516 -278986.4494135551  2049293.635858149

cov*(cov_.inverse()):
     1.000000000029104 -1.746229827404022e-10 -3.637978807091713e-12 -3.637978807091713e-12                      0
  2.91038304567337e-11     0.9999999999417923                      0    1.2732925824821e-11  -2.91038304567337e-11
  2.91038304567337e-11 -1.746229827404022e-10      0.999999999998181 -3.637978807091713e-12 -4.365574568510056e-11
 5.820766091346741e-11 -5.820766091346741e-11 -1.091393642127514e-11      1.000000000025466  1.455191522836685e-11
                     0 -1.164153218269348e-10 -1.818989403545856e-12  7.275957614183426e-12      1.000000000043656
