6
2

8.709335214199092e-05
0.0001977920554521323
0.0006817032590580069
0.0008673124384205867
  0.02132596295551085
   0.5686887764876885

   0.4016232053876102   -0.7998167535903115    0.4446464079491491  -0.00506767197185443 -0.006552922727943138  -0.03482687716207716
   0.5560793781798369   -0.1623522521688522   -0.7742646984085826   0.05656403624617787   0.09401261924093288    0.2299864896120946
  -0.2053000328909104    -0.177315627417218   -0.1615198043694127    0.4554794038506451    0.6312263513697632   -0.5425995056847861
  0.07458414891650757    0.0666783277901116   0.05132442563795165   -0.7851815574095697    0.6087562123609229  -0.01621124555101926
  -0.5625067802338519   -0.3636298016596026  -0.08724471543654672   0.07722525666236246    0.2342146586143229    0.6949299263867891
   0.4066322041767522    0.4072117914718422    0.4080064514857362    0.4084599402750578    0.4089392956977315    0.4102300239906951

0.3974053169098452
0.3974382930281247
0.3975099725252498
0.3974845388502924
0.3974442839752274
 0.397383323725701

0.0004451927951824925
   0.3976457302253802

    1.66159161197022    3.672057285721579   -3.924790316051524 -0.06350622476819358  -0.3425702996817492   -1.002905927194299
   1.597075188079397   0.1704648118069154  -0.6786396151790651 -0.01807637414885677 -0.08130027394245679  0.01059679231993726

 -3.01687344145331e-08  1.212844494296458e-07 -2.755576871443813e-08  1.874401310350106e-08  -0.001232315948770033   -0.00253240971569087
 1.544224434386169e-09  5.397398832801853e-08 -1.458261531471876e-07  4.527031818949418e-08 -0.0004157831565608591     0.1311948425496239

cov:
0.05361919502324647 0.05364451484876269 0.05367830029346916 0.05369577272241457 0.05371871188020434 0.05377066930306542
0.05364451484876269 0.05368796300881336  0.0537469022029575 0.05377932945808931 0.05381655089477898 0.05391040618982091
0.05367830029346916  0.0537469022029575 0.05384081364825073 0.05389402122049528  0.0539510835454976 0.05410317709493579
0.05369577272241457 0.05377932945808931 0.05389402122049528 0.05396032954138749 0.05402837952459687 0.05421518526163892
0.05371871188020434 0.05381655089477898  0.0539510835454976 0.05402837952459687 0.05410918863137091 0.05432833774693092
0.05377066930306542 0.05391040618982091 0.05410317709493579 0.05421518526163892 0.05432833774693092 0.05464549500312332

cov.inverse():
  29268057.7174142 -44570917.05564203  12614179.04149394  256519.4399971917   770551.618408492  1662277.739875902
-44570917.05974053  85083215.60730597 -43605754.44418112  56166.75601371067  113745.3016370659  2922885.028730763
  12614179.0477116  -43605754.4520542  41448382.63839053 -1628430.730410609 -2422653.327465989 -6405902.253983879
 256519.4396522671  56166.75662515976 -1628430.730674556  1351181.138180919  123599.8896148758 -158977.9851266826
 770551.6177310885  113745.3029991953 -2422653.328232583  123599.8896302719  1581741.135422015 -167008.2263021172
 1662277.738779024  2922885.030531944 -6405902.254608925 -158977.9851394954 -167008.2263685806  2146878.869866935

cov*(cov_.inverse()):
     1.000000000130967 -1.164153218269348e-09 -3.492459654808044e-10 -1.818989403545856e-11  1.091393642127514e-11  -2.91038304567337e-11
-1.746229827404022e-10       0.99999999863212 -4.074536263942719e-10 -2.000888343900442e-11 -1.818989403545856e-12 -4.365574568510056e-11
 3.201421350240707e-10 -1.396983861923218e-09     0.9999999997671694 -3.637978807091713e-12  1.818989403545856e-12 -1.455191522836685e-11
 2.328306436538696e-10 -1.513399183750153e-09 -2.328306436538696e-10     0.9999999999781721 -9.094947017729282e-12 -4.365574568510056e-11
-3.055902197957039e-10 -1.164153218269348e-09 -2.328306436538696e-10 -3.637978807091713e-12      1.000000000029104                      0
-5.820766091346741e-11 -4.074536263942719e-10 -1.164153218269348e-10  9.094947017729282e-12  7.275957614183426e-12     0.9999999999563443
