6
2

8.002337857713893e-05
9.963192657187818e-05
0.0002735274974668353
0.0007629334531384776
  0.01780184025683392
   0.5670378989853645

  0.04916223670710645    0.2337358982567478   -0.8038124632116115    0.5444341281643328   -0.0030708297499186  -0.02044941144232206
    0.442855543249129   -0.8148180544791215   0.04182149578591445    0.3703713620976213 -0.009680859697421622  -0.03054183183894449
  -0.5606273523219283   0.01214932743820052    0.3983930119653629    0.6193591191050311   -0.1059648366338426      -0.3633154396211
  0.09961537588536916    0.1088582287924485    0.1117680146634079    0.1206206477059765   -0.8739003368706173     0.432993573132443
  -0.5582075242691761   -0.3214991832256732    -0.120329544435061   0.03898647942897252    0.2405593204024799    0.7149648267990423
   0.4069891286760275    0.4075286775346807    0.4079806443047606    0.4083399681369196    0.4087758786208499    0.4098692126504823

0.3976987498588813
 0.397741876072739
0.3978386659268057
0.3978230008190885
0.3978120377008963
0.3977656020156877

0.0002967517586220345
   0.3979207521663805

   2.047683589817406    2.893015892616413    2.282205647361445   -6.216255341180132  -0.1378508973080972  -0.8688148578121955
    1.20483051211658   0.8745798131703424  -0.3898312213296458  -0.6014198803340957 -0.03248355419927504 -0.05581278187321531

-2.832852708805092e-08 -3.602792548322213e-08  -2.78579020208611e-07 -1.347748662108069e-07   -0.00102817925224559  -0.002356334261905467
 1.606132793630981e-09 -4.130330827163203e-09 -8.745517034241138e-08  6.014581561742322e-08 -0.0003099271243053094     0.1305379555955438

cov:
0.05335738311995319 0.05338608605553955 0.05340963112636342 0.05342846251164506 0.05344981863860975 0.05350905694581062
0.05338608605553955  0.0534326795897731 0.05347139829078217  0.0535022499817759 0.05353877021698228 0.05363378158034168
0.05340963112636342 0.05347139829078217 0.05352303293714795 0.05356409376016219 0.05361350572906487 0.05373891488228993
0.05342846251164506  0.0535022499817759 0.05356409376016219 0.05361325607563899 0.05367287235996833 0.05382236193751803
0.05344981863860975 0.05353877021698228 0.05361350572906487 0.05367287235996833 0.05374604454355406 0.05392524974261012
0.05350905694581062 0.05363378158034168 0.05373891488228993 0.05382236193751803 0.05392524974261012 0.05417716135120675

cov.inverse():
 24353675.12454719  -34629204.1348774  -7271092.45460237  16082736.24864845  188570.8875812342  1275703.913972366
 -34629204.1299272  75438301.56918034 -32686269.69896325 -10407032.87567178  501680.3978714624   1781879.64764757
-7271092.468502534 -32686269.67223901  103215508.5813268 -63457062.94866355 -387475.0242460044  586442.9811769653
 16082736.25858771 -10407032.90005321 -63457062.93372135  65258044.71439129 -1680555.589826601 -5795939.311001631
 188570.8870790172  501680.3988433935 -387475.0244591276 -1680555.590107574  1473226.880959699 -95380.34180504996
 1275703.913485272  1781879.649282981  586442.9792721805 -5795939.310220803 -95380.34182942273  2247258.483622408

cov*(cov_.inverse()):
    0.9999999998108251 -7.712515071034431e-10 -5.566107574850321e-10 -1.164153218269348e-10  1.091393642127514e-11  7.275957614183426e-11
-2.473825588822365e-10      1.000000000291038 -1.014996087178588e-09  5.820766091346741e-10 -3.637978807091713e-12                      0
 5.820766091346741e-11 -5.966285243630409e-10     0.9999999988322088  1.746229827404022e-10 -4.547473508864641e-12  1.455191522836685e-11
-1.455191522836685e-10 -1.164153218269348e-10  3.274180926382542e-10                      1  1.455191522836685e-11   2.91038304567337e-11
-2.619344741106033e-10  2.182787284255028e-10 -5.020410753786564e-10  4.656612873077393e-10      1.000000000008185  7.275957614183426e-11
 1.164153218269348e-10 -1.309672370553017e-10 -4.001776687800884e-11 -5.820766091346741e-11 -8.185452315956354e-12      1.000000000043656
