6
2

0.0001578536135838364
0.0003605470107372613
0.0004116788967599298
0.0004393225110951486
  0.02287073638817979
    0.625104150168743

  0.4949025112624721  -0.8489622663213637  0.05888536187731243   0.1246039763033873   0.0654552451520871    0.105150125233573
  0.2917689596625478   0.1605217821760908  -0.6741751348129239  -0.1104198233258341  -0.2624797279508028   0.5945614974550462
 -0.1328508625778307 -0.02936681588685966   0.3517243644536771   0.4183923715689011  -0.8028845470065298    0.195198456647895
-0.05528688850737597  0.01300374805288681  -0.5008919318078122   0.7816527473924683   0.1114898000967369  -0.3499579147751685
  -0.695615961589759  -0.2938346987968999 -0.02968657840451449   0.1391190593973279   0.3200700242697751   0.5541654786284251
  0.4066384398659182   0.4075849485121909   0.4080886581598193   0.4085266269476646   0.4090496443139966   0.4095945795691173

0.4224909504045322
0.4223221440896809
 0.422230627402763
 0.422079315987694
0.4219709285419191
0.4217884610103689

0.001807258441530482
  0.4229187329674215

  2.049560731910638  0.6212851287215998 -0.3091454317161583 -0.6776661827623002 -0.1658819457950763  -1.518832907449437
  6.605085363968947  -9.516494530700962   1.323575227865751   1.087774428431464  0.6086883740309865  0.8983362399011789

 5.324372021253438e-09  1.579104186891488e-08 -1.433941098004453e-07  6.359002498651087e-09  -0.001353779743378081  -0.002464280348382302
 2.914331846822296e-07 -3.100768114609091e-08  1.571988855223814e-09 -1.057949675461092e-07 -0.0005197432955279847     0.1596469238002317

cov:
0.06486638078842547 0.06487056207484787  0.0648544640618457 0.06486264160761882 0.06487993503219455 0.06488136146426453
0.06487056207484787 0.06495958171944687 0.06499916711448371 0.06504298908496862 0.06509847891932805 0.06514929985982867
 0.0648544640618457 0.06499916711448371 0.06507553519030537 0.06514258433499044  0.0652231815184539   0.065306472379493
0.06486264160761882 0.06504298908496862 0.06514258433499044 0.06522497316127511 0.06532144639874247 0.06542546043239399
0.06487993503219455 0.06509847891932805  0.0652231815184539 0.06532144639874247 0.06543549611425674 0.06556161478314208
0.06488136146426453 0.06514929985982867   0.065306472379493 0.06542546043239399 0.06556161478314208 0.06571681956310739

cov.inverse():
 10605243.69743791 -16481634.32473524 -475808.9526842323  1674918.915068009  1307904.833063203  3369411.342591566
-16481634.32461314  29128972.48180224 -2933431.243453691 -4401589.569374684 -2407763.927417398 -2906049.443226449
-475808.9529267323 -2933431.243104673  5665438.199452276  -293162.166174688 -439648.8837591729 -1521730.649123077
 1674918.915677022 -4401589.570410591 -293162.1661198377  4915441.864723288 -980190.1865831253 -914489.6254128605
 1307904.832146449 -2407763.925800457 -439648.8838865867 -980190.1869469431  4570078.871116172 -2050844.084815141
  3369411.34301978 -2906049.444034551 -1521730.648943983 -914489.6254210833 -2050844.084606084  4023056.933972453

cov*(cov_.inverse()):
     1.000000000087311   2.91038304567337e-11  5.820766091346741e-11   2.91038304567337e-11                      0  5.820766091346741e-11
-5.820766091346741e-11      1.000000000203727  8.731149137020111e-11  5.093170329928398e-11 -8.731149137020111e-11   2.91038304567337e-11
 -2.91038304567337e-11  2.037268131971359e-10      1.000000000043656  6.548361852765083e-11  -2.91038304567337e-11  5.820766091346741e-11
 8.731149137020111e-11 -8.731149137020111e-11  1.455191522836685e-11      1.000000000094587   2.91038304567337e-11  5.820766091346741e-11
 5.820766091346741e-11  4.365574568510056e-10  7.275957614183426e-11  7.275957614183426e-11                      1 -5.820766091346741e-11
  2.91038304567337e-11  5.820766091346741e-11   2.91038304567337e-11 -1.455191522836685e-11                      0      1.000000000058208
