5
2

5.278866429180177e-05
0.0001907234910568143
0.0005880743596076761
  0.01771969769302587
   0.5274084310387444

  -0.4156188799152852    0.8108614915688729     -0.41183805613359  0.005457326791123975   0.01114545885405338
  -0.4935947815928558    0.1523049492544487    0.7878959463793991   -0.1437813042407209   -0.3028437026696267
    0.185312865175682    0.1445706973812662   0.09797313373843471   -0.8634262388005999    0.4354938009606968
  -0.5929870981086762   -0.3156822392362741 -0.001267572616943439     0.181906417906457     0.718066482779642
   0.4445791062559015    0.4458148508212448     0.447223715297108    0.4479981466593629    0.4504299569672992

0.4076832769132017
0.4075879470118334
0.4074598890825467
0.4074940326755886
0.4071807738267386

0.001540956827361528
  0.4081176051835504

  3.324976375273121   3.041579868750087  -5.738621452350555 -0.2564741661865632 -0.3714826191131961
  2.883348773044613  -1.184108618348356 -0.4772401231208547 -0.4661107451940802    0.24453482779261

 9.592237778397454e-09 -2.018838400600972e-07  1.913560268898008e-07  -0.001016682781244638  -0.004027183545592458
-5.466822147580645e-09 -7.226364697043547e-08  2.854227045536467e-07 -0.0003907821344672959     0.1229130135428981

cov:
0.05508884712343914 0.05519001700271105  0.0553056887247189 0.05536730732914839 0.05556829274997206
0.05519001700271105 0.05531577661128618 0.05545932020193121 0.05553714710389976 0.05578563002551007
 0.0553056887247189 0.05545932020193121 0.05563447527280541 0.05573068156066879 0.05603302382659907
0.05536730732914839 0.05553714710389976 0.05573068156066879 0.05583794151921709 0.05617121807683699
0.05556829274997206 0.05578563002551007 0.05603302382659907 0.05617121807683699  0.0565969852838798

cov.inverse():
 68786451.79240571 -122926020.3567746  50785513.90523674  674082.6667112825  2679115.252635707
-122926020.3632306  236644124.5117832 -116497342.2454457  624837.7583188175  2156439.315365191
 50785513.91520983 -116497342.2587008  77959219.87006472 -4165462.525434809 -8083440.995658224
 674082.6657783862  624837.7603155284 -4165462.526603876  2734806.733982153  132011.3514779283
 2679115.250051319  2156439.320167905  -8083440.99777125  132011.3513726565  3115947.185610378

cov*(cov_.inverse()):
    0.9999999999708962  9.022187441587448e-10  1.746229827404022e-10 -6.366462912410498e-12 -5.820766091346741e-11
  2.91038304567337e-11        1.0000000007567 -2.328306436538696e-10  2.455635694786906e-11  5.820766091346741e-11
 4.365574568510056e-10 -8.731149137020111e-10      1.000000000349246 -1.182343112304807e-11  -2.91038304567337e-11
-2.328306436538696e-10  1.193257048726082e-09 -3.492459654808044e-10      1.000000000028194   2.91038304567337e-11
-2.037268131971359e-10 -1.309672370553017e-10 -1.164153218269348e-10 -1.818989403545856e-11      1.000000000029104
