5
2

0.0001060839295164183
 0.000329499690750539
  0.00078431763281047
  0.01467161807624779
   0.5175426580435163

-0.4716447646851971  0.8048408577252933 -0.3597523521938017 0.01122734479226746 0.01531670659773019
 0.3972596621360231  -0.139575594145035 -0.8118257618343703  0.2060252426734862  0.3481320814892083
0.08226608087346078 0.07931083453528369 0.06893408302973264 -0.8065070810656568  0.5759657141278836
-0.6435039248608729 -0.3564790102926788 0.08134967516288404  0.3262087185603393  0.5880438046570335
 0.4459495121770975  0.4465225123116899   0.447378475187189   0.447841206496703  0.4483719798232584

0.3979477193622244
0.3979889654203922
0.3980664344646924
0.3980584623612418
0.3980146243729654

0.0003204359007010103
   0.3981721491309954

   2.921844360031771    3.573865328157727   -5.919972228983859  -0.1480334439118158  -0.4277047652775994
   1.167450843598039   0.7324384503417694  -0.7432860224811088 -0.04272142340283161  -0.1140287923254049

 4.073685586961252e-08   5.74172267573781e-07 -6.905837893388932e-09 -0.0008471658050068929  -0.002069965446465921
 3.421684310618174e-09  9.950125156805391e-08  4.408971298896511e-08  -0.000248365872135327     0.1191624911245882

cov:
0.05335682963039121 0.05338548492216493 0.05342705713367522 0.05344840951479216 0.05347561631003483
0.05338548492216493 0.05343201131957505 0.05350078815616495 0.05353728750980839 0.05358074223425401
0.05342705713367522 0.05350078815616495 0.05361108898072871 0.05367069770432432 0.05373893162575295
0.05344840951479216 0.05353728750980839 0.05367069770432432 0.05374385516300179 0.05382522675124681
0.05347561631003483 0.05358074223425401 0.05373893162575295 0.05382522675124681 0.05392260915602224

cov.inverse():
 21233054.37464752 -34229774.04597057  12115649.08093621  174483.2426258056  707168.9223001335
-34229774.04524156  57750258.57206389 -24676078.18193173  433565.5622305422  721142.0002083456
 12115649.07940735 -24676078.17988257  17578404.16685446 -1989700.612773238 -3028002.404320214
 174483.2429533053  433565.5616958996 -1989700.612572572  1460037.933601575 -78331.72927756538
 707168.9227724918   721141.999422801 -3028002.404000529 -78331.72928405092  1678020.056744525

cov*(cov_.inverse()):
     1.000000000043656 -7.275957614183426e-11 -1.164153218269348e-10 -1.455191522836685e-11  -2.91038304567337e-11
 1.455191522836685e-11     0.9999999996944098  5.820766091346741e-11  7.275957614183426e-12 -1.455191522836685e-11
-1.236912794411182e-10  3.637978807091713e-10     0.9999999999417923 -9.094947017729282e-12  -2.91038304567337e-11
 8.003553375601768e-11  2.692104317247868e-10 -1.164153218269348e-10     0.9999999999836291 -4.365574568510056e-11
-2.182787284255028e-11 -5.093170329928398e-11  5.820766091346741e-11 -2.728484105318785e-12                      1
