6
2

5.523023725898075e-05
0.0001290309935836276
 0.000398415810116206
0.0004205243614114602
  0.02044481017389697
   0.6262250561098076

   0.2443829765184031   -0.7961574584091144    0.5534241383190126  0.006568457349154067  0.001138324115654371 -0.009356544215861934
   -0.658061003157011    0.2704648529870804    0.6779072670411953  -0.06889007433693388  -0.06080196063705316   -0.1606346661089859
  0.06307653877449243   0.07788053231534688    0.0965356480059712  -0.05033105086235533   -0.7866130673556353    0.5994526746883571
    0.140121072805228   0.09907081767427899   0.09520694812678913   -0.8963108509674831    0.2940570091149517    0.2676640224198252
  -0.5638909207617411   -0.3332162832724828   -0.2225040979571301     0.149738647406405    0.3517731739574271    0.6126335250324215
   0.4069977169550369    0.4075151151207976    0.4077645061838139    0.4085131506522676    0.4090572301531212    0.4096359176656205

 0.424738083488268
0.4245852805976308
0.4245846697265122
0.4242656891716154
0.4241196742051367
0.4238975799097501

0.002270545159043358
  0.4253120603487841

   5.088889863152211   -1.825888170656165   -1.237371551941594    -0.73784828123957 0.005247316061153831   -1.293619970465347
    7.29232080010237   -1.731921916468012    -6.82231643107604   0.7221416809971594   0.5767422558337226   0.9695522385527565

 6.161169487875821e-09  -7.36410144811075e-08 -1.084346733017705e-07  1.292689900636941e-07  -0.001206736376644242  -0.002609476563312188
-1.886063922430465e-09 -1.686988452781143e-07 -3.846531370179276e-08 -3.087834338945833e-09 -0.0004647969652755588     0.1601429211567649

cov:
0.06509274319186541 0.06512094169509162 0.06513464800856462 0.06516638093856793 0.06520562232822019 0.06523651438813931
0.06512094169509162 0.06517150476034723 0.06519593860411577 0.06526371203236668 0.06532253370648607 0.06537869721229574
0.06513464800856462 0.06519593860411577 0.06522552860136201 0.06531059430734186 0.06537881570573899 0.06544711094378589
0.06516638093856793 0.06526371203236668 0.06531059430734186 0.06545398595956625 0.06555361077431834 0.06566263774520535
0.06520562232822019 0.06532253370648607 0.06537881570573899 0.06555361077431834 0.06567074981454005 0.06580176194933947
0.06523651438813931 0.06537869721229574 0.06544711094378589 0.06566263774520535 0.06580176194933947  0.0659616541103703

cov.inverse():
 45725974.21530699 -74365016.73372616  17657342.76119288  2518754.769110179    2414377.2125356  6049034.330050039
-74365016.68191385   212287026.672221 -133331683.6749645 -3360462.509536902 -1506319.508348716  276130.8219616388
 17657342.70019482 -133331683.5961227  128119470.0165808 -2126578.106311089 -2589442.652136093 -7729858.791187933
 2518754.772564169 -3360462.517453194 -2126578.102310016  4858128.527149276 -986837.9761689635 -901972.2800475593
 2414377.213827724 -1506319.513037216 -2589442.648471349 -986837.9764850194  4609803.706428395 -1941849.844297021
 6049034.334490521  276130.8075351347 -7729858.781009196 -901972.2801927166 -1941849.844344633  4248376.749131922

cov*(cov_.inverse()):
    0.9999999999417923  8.694769348949194e-10   1.80443748831749e-09 -2.182787284255028e-11   2.91038304567337e-11 -5.820766091346741e-11
-6.984919309616089e-10       1.00000000279033  8.731149137020111e-10  7.275957614183426e-12                      0                      0
-7.566995918750763e-10  2.215529093518853e-09      1.000000001338776  1.455191522836685e-11 -1.455191522836685e-11 -1.164153218269348e-10
 1.164153218269348e-10   2.05909600481391e-09  5.238689482212067e-10      1.000000000007276  4.365574568510056e-11                      0
-4.656612873077393e-10  5.165929906070232e-10  2.095475792884827e-09 -1.455191522836685e-11     0.9999999999854481 -5.820766091346741e-11
-1.164153218269348e-10  1.116859493777156e-09 -2.328306436538696e-10 -7.275957614183426e-12 -1.455191522836685e-11                      1
