6
2

5.633767189772443e-05
9.137631129970405e-05
0.0002645633386970006
0.0006745994720975225
  0.01976400476031825
   0.6106269973984552

 -0.009449768948251931     0.2800008543439402    -0.7969233009986174     0.5351269967265666 -0.0008934050253190867   -0.00785970488131745
    0.4583061523641383    -0.7931552428784298     -0.015916609226475     0.3988272589900888   -0.01007611663603232   -0.03797607549972146
   -0.5490699368730724  0.0001136114107057798      0.419767416464091     0.6097169157392492    -0.1077635491114039    -0.3727597184971055
    0.1048150144665092      0.109672127628947     0.1151055307894943     0.1206771225379664    -0.8762028278719535     0.4259603156052719
   -0.5590301792520671     -0.338948819544938   -0.09401062235633612    0.03834272407259807     0.2305189937575646     0.7135487287679529
    0.4060633551824045     0.4069275015331403     0.4078822742129209     0.4083969455430883     0.4091629127011681     0.4110380228128203

0.4157757011806156
 0.415819128472851
0.4158143729877515
0.4158822441754998
 0.415891229609149
0.4157908415181998

0.0004154251741326214
   0.4160216282071614

   1.344876773924074    4.230880716726082   0.2865992738641129   -5.061066716343079  -0.0347117614231749    -0.76638353209153
  0.7692390203837467    3.146956728458841   -3.628008818973332   0.4192446634656235 0.001342388890563873    0.290328528451415

-5.582044284702654e-09 -3.951862453375294e-08 -2.389619245796352e-07 -1.223391078806038e-07  -0.001156899135991623  -0.004278281860007157
 1.265508214732128e-08 -1.611115865219971e-08 -1.258260508243667e-07  8.248079069333478e-08 -0.0003640796861576874     0.1507293512058702

cov:
0.06160291393806356 0.06168566772572968  0.0617767278890176 0.06182574573683626 0.06189973218365345 0.06207823176734963
0.06168566772572968 0.06178765420870096 0.06190008571117193 0.06196065165172458 0.06205137976844608  0.0622720012589236
 0.0617767278890176 0.06190008571117193 0.06203631307006185  0.0621097291042204 0.06221909234641742 0.06248659137335523
0.06182574573683626 0.06196065165172458  0.0621097291042204 0.06219009609082917 0.06230952595788929  0.0626023567852558
0.06189973218365345 0.06205137976844608 0.06221909234641742 0.06230952595788929 0.06244409129145672 0.06277313996797161
0.06207823176734963  0.0622720012589236 0.06248659137335523  0.0626023567852558 0.06277313996797161 0.06319541383867784

cov.inverse():
 29516433.42100031   -44344605.615547 -1767211.666566334  15542932.17902097  92808.70869904656  960137.6371352246
-44344605.65639262  100072171.9107776 -68763217.68390036  9352604.665073209  666810.7512099303  3015511.205343399
-1767211.542839797 -68763217.89190711  202671461.3759931 -131434886.5648258 -624428.5308350533 -82114.01001195762
 15542932.09440089  9352604.837936213 -131434886.6577138  114616309.3233439 -1802977.410088456  -6273202.73141024
 92808.70913067601  666810.7497231589 -624428.5282602917 -1802977.411663858  1865470.741492288 -197758.8264144729
 960137.6384424759  3015511.201129584 -82114.00398125958 -6273202.734478578 -197758.8264702566  2577365.483067415

cov*(cov_.inverse()):
      0.99999999965803  9.313225746154785e-10 -1.333319232799113e-09  -2.91038304567337e-10 -1.818989403545856e-11  -2.91038304567337e-11
-2.182787284255028e-10     0.9999999994761311  7.248672773130238e-10 -9.313225746154785e-10 -1.818989403545856e-11   2.91038304567337e-11
 -2.91038304567337e-11 -5.238689482212067e-10      1.000000001163244  -2.91038304567337e-10 -2.546585164964199e-11                      0
-1.818989403545856e-10  5.529727786779404e-10 -3.692548489198089e-10     0.9999999998835847 -3.637978807091713e-12                      0
 2.182787284255028e-10 -7.566995918750763e-10 -6.639311322942376e-10 -1.746229827404022e-10      1.000000000001819                      0
-8.731149137020111e-11 -3.201421350240707e-10 -2.319211489520967e-10 -1.164153218269348e-10                      0                      1
