6
2

5.516882752104863e-05
0.0001318460421626513
0.0003674357404516284
0.0004171125265507172
   0.0201460794799989
   0.6256045406855828

   -0.241231583617989    0.7946653756597438   -0.5569687671164286 -0.003160519669183442 -0.002469029065070995  0.009163583383021839
   0.6671057987813274   -0.2666578175226842   -0.6667971670448191  0.005117334196649572   0.08013017203746714    0.1811020928298064
   0.1830575131434559    0.1843889704701104    0.1978258746591242   -0.7036528531242254   -0.3717532357744381    0.5099291830709728
 -0.07804955950464305  -0.06006310044336381  -0.04641529404950626    0.5815615610212233   -0.7328346724966198    0.3359848273864295
    -0.53984362490374   -0.3060114963816265   -0.1937316020218932  -0.00716144197324345    0.3885364698013303    0.6529793384895751
    0.407116998037591    0.4076158052602699    0.4078552937617584    0.4081315361347356    0.4091030989091235    0.4096614068186616

0.4244461210073323
0.4242916504109562
0.4242905501622145
0.4241542165538114
0.4238240213125267
0.4236002778570371

0.002279486524784557
  0.4250208662342629

  5.531645683513957   -2.17988471910196  -1.538212772790794  -0.381487467792103 -0.1014984661922861  -1.331105087240202
  6.671453954092251  -1.391173941492066  -6.981726486032594   1.348162326044263  0.5659911212523978  0.7940394013435241

 -6.75889553569683e-09  8.771654572155393e-08 -8.942712192384327e-09 -1.433833182933261e-07  -0.001187982257371926  -0.002512466112858861
 3.577259195687576e-09  1.681491214862269e-07 -1.580370999352472e-07   9.09860286396645e-08 -0.0004442190727394397     0.1598898377216023

cov:
0.06498745225081923 0.06501568592515063  0.0650292411093277 0.06503235540886532  0.0651004903299633 0.06513151804005336
0.06501568592515063 0.06506622710057516 0.06509048714678103 0.06511135430316942 0.06521722700699226  0.0652734623423409
 0.0650292411093277 0.06509048714678103 0.06511989468353735 0.06514928271778959 0.06527327556599527 0.06534161739339395
0.06503235540886532 0.06511135430316942 0.06514928271778959 0.06519301523226405 0.06534689311692311  0.0654353301719193
 0.0651004903299633 0.06521722700699226 0.06527327556599527 0.06534689311692311 0.06556500497160039 0.06569591899963077
0.06513151804005336  0.0652734623423409 0.06534161739339395  0.0654353301719193 0.06569591899963077 0.06585564102489862

cov.inverse():
  45004527.3633122 -72940019.79713911  18844846.09256889 -768076.2410435699  3094953.150920742  6763509.555140981
 -72940019.7810761  211845588.2479312  -134906270.771406 -2065470.741607132 -2128853.839870592  194438.7025901092
 18844846.07262268 -134906270.7428001  127803027.9311996 -804120.8913096384  -2971235.29897569 -7966434.521732757
-768076.2399635951 -2065470.746022871 -804120.8877703216  5616102.958503602 -485915.2943607397 -1490835.715763071
 3094953.153835153 -2128853.847971327 -2971235.294054978 -485915.2941702705  4482160.048968724 -1991319.341733747
 6763509.555030058  194438.7025625103 -7966434.521532113 -1490835.715749991 -1991319.341808947  4490219.234683696

cov*(cov_.inverse()):
    0.9999999994761311 -1.811713445931673e-09  1.396983861923218e-09 -7.275957614183426e-11 -1.455191522836685e-11  1.746229827404022e-10
-1.164153218269348e-10     0.9999999991305231  1.396983861923218e-09  -2.91038304567337e-11   2.91038304567337e-11  1.164153218269348e-10
-4.074536263942719e-10 -2.661181497387588e-09      1.000000001513399  -1.01863406598568e-10 -7.275957614183426e-11                      0
-5.238689482212067e-10 -2.048182068392634e-09  1.455191522836685e-09     0.9999999999563443 -5.820766091346741e-11  5.820766091346741e-11
-5.820766091346741e-10 -1.364242052659392e-10 -2.328306436538696e-10  -1.01863406598568e-10                      1  1.164153218269348e-10
-5.820766091346741e-11  5.638867150992155e-10  9.313225746154785e-10 -5.820766091346741e-11                      0                      1
