5
2

0.0001249308521916902
0.0005383381569360492
0.0007837290395095144
  0.02254622449315334
   0.5193228081433552

 -0.6293015164588156   0.7720026315292529 -0.02204355981561421 -0.04975045082110959 -0.07092610526665231
  0.1016440314614147  0.08966597397339815  -0.0537517639813648  -0.7649328561466255   0.6273890160306684
  0.2219715081670071   0.1917860838470254   -0.892370583980856    0.278659972047309   0.1999252571061137
 -0.5884103574298253  -0.4005497768979782  0.01601260873962484   0.3654974535908923   0.5995734611173273
  0.4451404195108277   0.4458137775943147   0.4472618545623642   0.4485118165975438   0.4493262361031426

0.3984736947946644
0.3985223257860309
0.3985983490984273
0.3985860168794416
 0.398557158979613

0.0002206066765466593
    0.398684875730564

   2.754246727767569  -0.4511227737810787  -0.1303034821673961  -0.7894892900666021   -1.383447223172398
   1.773340916686301  -0.5239502761594164   -0.040428860724876  -0.1640904458434702 -0.04476877105140742

-3.029843989096478e-08 -5.085224057150842e-09  8.878043763601757e-08  -0.001301356577931559  -0.002450025407185647
-2.353998262198204e-08  6.748841367734474e-08   1.68635006747461e-07 -0.0004681984809606722     0.1197469625537556

cov:
0.05361633367211628 0.05364096328221545 0.05369006742446619 0.05373573399065755  0.0537635237183826
0.05364096328221545 0.05368368628182974 0.05377283650078708 0.05385208447488184 0.05390237149268124
0.05369006742446619 0.05377283650078708  0.0539514979752253 0.05410448834350273 0.05420465433297835
0.05373573399065755 0.05385208447488184 0.05410448834350273  0.0543209765052594 0.05446265809030078
 0.0537635237183826 0.05390237149268124 0.05420465433297835 0.05446265809030078 0.05463293650926145

cov.inverse():
 25489917.56250188 -31025842.96443824   547438.080084367  1837928.896906865  3151332.362597108
-31025842.96444725  38273413.03511263   -1385612.1111872 -2610748.185912071 -3252143.919516089
  547438.079974456 -1385612.111050558  1337562.489793922 -192691.9818979425 -306628.5174108211
 1837928.897221665 -2610748.186301252 -192691.9818718548  2304266.188981733 -1338746.903411961
 3151332.362401233 -3252143.919272563 -306628.5174101748 -1338746.903460263  1746289.898312767

cov*(cov_.inverse()):
    0.9999999999708962 -2.037268131971359e-10  7.275957614183426e-12   2.91038304567337e-11 -1.455191522836685e-11
 2.037268131971359e-10     0.9999999996216502  1.091393642127514e-11   2.91038304567337e-11  1.455191522836685e-11
 -2.91038304567337e-11   2.91038304567337e-11      0.999999999992724  1.455191522836685e-11                      0
 1.164153218269348e-10 -3.201421350240707e-10                      0                      1 -1.455191522836685e-11
-1.746229827404022e-10 -1.164153218269348e-10  3.637978807091713e-12  -2.91038304567337e-11     0.9999999999708962
