7
2

 5.52101757296282e-05
0.0001290265183107174
0.0003629432985666215
0.0004088765112014545
0.0004394770462191774
  0.02045787555418784
   0.6763548418709125

   0.2437272930425086   -0.7968394877965097    0.5527080446034043  0.003285933282551617  0.006436383478930986  0.000910245400723847  -0.01022750255603579
  -0.6576626902252155       0.2707513541435    0.6782989519396752 -0.001694251236965524  -0.06883962908623914  -0.06068288782628763   -0.1601869033904087
  -0.2141753709606619   -0.1985477082803979    -0.208659757739888    0.6924297863106571    0.2117218157718166    0.2505119655625837   -0.5330360610469335
  -0.0914688137372098  -0.05173289105285216  -0.03559757201163057    0.2757697363741754    0.4652123310375379   -0.7993112144604499    0.2373185600668381
 -0.01979049793237801 -0.002698870992059605 -0.007015680441528401   -0.5483166072087891    0.7528899287324926    0.1540525397135321   -0.3291280920780451
  -0.5580676825539672   -0.3275191646293813   -0.2168614772363407  -0.03294341025323311    0.1551371493869846    0.3570578936057929    0.6177536850516971
   0.3768394312962841    0.3773154692474368    0.3775448946997454    0.3778121301189705    0.3782330740497837    0.3787341702932409    0.3792665243007161

0.4247380975431848
0.4245852792335136
0.4245846610376949
0.4244472189879249
0.4242656825644637
0.4241196806274515
0.4238975787817162

0.002270545159043358
  0.4253120603487841

  5.139976863563605  -1.707163756888591  -1.201548415811112 -0.3313751475227947 -0.7235253686323609 0.03077817606448936  -1.207828242874213
  7.066845975480349  -2.245311975330639  -6.994139367214929   1.462863946616564  0.6592190814054594  0.4660058034513462   0.591455526090984

  5.96104336757906e-09 -7.351050824930527e-08 -3.191792064444347e-08  -1.80266254174174e-07 -9.550856303453376e-09  -0.001207542600782629  -0.002800843719892332
-1.069160669184181e-09 -1.693172220085241e-07  1.772565553810023e-07  3.288514232332492e-08 -9.915741618788298e-08 -0.0004628019606565916     0.1729693133331533

cov:
0.06509273383758894 0.06512093664932649 0.06513463753140779  0.0651377276349996 0.06516637044478363 0.06520561192907065 0.06523650280326415
0.06512093664932649 0.06517150681130564 0.06519593713236055 0.06521682509895455 0.06526371103152585 0.06532253486571814 0.06537869844468194
0.06513463753140779 0.06519593713236055 0.06522552479576864 0.06525495181881093 0.06531059212391134 0.06537881716817262 0.06544711373769244
 0.0651377276349996 0.06521682509895455 0.06525495181881093 0.06529875684134324 0.06536874348563541 0.06545257378954646 0.06554101491639149
0.06516637044478363 0.06526371103152585 0.06531059212391134 0.06536874348563541 0.06545397973178939 0.06555360798222867 0.06566263377120782
0.06520561192907065 0.06532253486571814 0.06537881716817262 0.06545257378954646 0.06555360798222867 0.06567075196591179  0.0658017635987358
0.06523650280326415 0.06537869844468194 0.06544711373769244 0.06554101491639149 0.06566263377120782  0.0658017635987358 0.06596165455462938

cov.inverse():
 45869725.73625852 -74058304.15375584  17757798.34210024 -890799.9805513517  2557991.361882493  2483780.476224394  6280023.554366719
-74058304.10811447  213025707.9026561 -133129596.4509614 -2007867.656169093 -3275863.314891094 -1357541.473028358  802545.1601385691
 17757798.29405905 -133129596.3900551  128194799.1905685 -608817.6506845171 -2099579.705671715 -2539810.641358583 -7575705.141149576
-890799.9847667586 -2007867.651932736 -608817.6493328607  5655027.966265078 -243185.7857410469 -431892.9359993549 -1470838.315158387
 2557991.357510905 -3275863.302623892  -2099579.71360055 -243185.7854120652  4868026.747388395 -968104.2427130698 -838322.6164937604
 2483780.482811554 -1357541.494505332 -2539810.626496931 -431892.9359073918 -968104.2425127836  4642675.117702377 -1829499.535483264
  6280023.55876424  802545.1498509959 -7575705.136570384 -1470838.314206653 -838322.6163984041 -1829499.535219208  4631234.748384024

cov*(cov_.inverse()):
    0.9999999994179234   -2.6338966563344e-09  1.105945557355881e-09  1.309672370553017e-10  5.820766091346741e-11  4.365574568510056e-11 -5.820766091346741e-11
-1.164153218269348e-10     0.9999999970168574  1.164153218269348e-10  8.731149137020111e-11   2.91038304567337e-11   2.91038304567337e-11 -5.820766091346741e-11
-1.280568540096283e-09  3.637978807091713e-10     0.9999999991850927   2.91038304567337e-11  5.093170329928398e-11  1.455191522836685e-11  5.820766091346741e-11
-8.731149137020111e-10 -1.629814505577087e-09  -2.91038304567337e-10      1.000000000043656 -7.275957614183426e-12  4.365574568510056e-11 -5.820766091346741e-11
-1.513399183750153e-09 -5.893525667488575e-10 -1.280568540096283e-09  4.365574568510056e-11     0.9999999999490683                      0                      0
-4.656612873077393e-10 -3.645254764705896e-09  6.984919309616089e-10   2.91038304567337e-11  3.637978807091713e-11      1.000000000014552                      0
-7.566995918750763e-10  8.731149137020111e-11  1.746229827404022e-10  4.365574568510056e-11   2.91038304567337e-11                      0                      1
