6
2

8.186282787328103e-05
9.943134880582513e-05
0.0002589466846554029
0.0007105949054355833
  0.01832076545522313
   0.5649364581628094

   0.06695560046514529      0.212165552660474    -0.8042605156901788     0.5507412909501583  -0.009328098715823368   -0.01627162405219057
    0.4225607372319853    -0.8231451502671527     0.0727278763545656     0.3708336487084516    -0.0129891185231329   -0.02998047244710609
   -0.5833388146902757    0.02925912909919311       0.39340012406622     0.6225167726147894    -0.1604815475953094    -0.3013546311564912
   0.04472303406306606    0.05206155225585886    0.06344523710725868    0.07052785434986569    -0.8080747663824739     0.5773258530379723
   -0.5559281790789586     -0.328330866582067    -0.1506762908744211 -0.0004819787168576401     0.3919114404144132     0.6378436702614251
     0.406963030412105     0.4074925521362062     0.4079011872306036     0.4082461177999334     0.4091583276238727     0.4097219832087361

0.3934414264557148
0.3934756049986962
0.3935695237425579
 0.393548791571417
0.3934948749318358
 0.393469133107241

0.0004087903732601808
   0.3936780536501935

   2.592292882692006    1.826369402446064    2.858818124672029   -6.036648881708007  -0.4299940731903695  -0.8107928908189189
   1.257933129616721   0.5595030029623697 -0.06295657129673812  -0.5757373124956683 -0.08718990994018547  -0.0916382433818857

-3.381321036127104e-08 -2.381432611260621e-08 -2.533719822977866e-07 -7.775094833043968e-08  -0.001058744686830596  -0.002316795077151726
 -4.10210083832986e-10 -1.415766274405068e-09 -7.100926206849636e-08  2.945759351485078e-08 -0.0003241982620161669     0.1295705578169425

cov:
0.05296156525358886 0.05298784338313984 0.05300775775480566 0.05302452572512647 0.05306979606265183 0.05309715202599466
0.05298784338313984 0.05303163854826488 0.05306519654690443 0.05309350370985369 0.05316887313809996 0.05321511144316338
0.05300775775480566 0.05306519654690443 0.05310942516708884 0.05314673242303362 0.05324559542172887 0.05330657655672272
0.05302452572512647 0.05309350370985369 0.05314673242303362 0.05319166609296432 0.05331038977077122 0.05338383376283118
0.05306979606265183 0.05316887313809996 0.05324559542172887 0.05331038977077122 0.05348149445170016 0.05358688640532487
0.05309715202599466 0.05321511144316338 0.05330657655672272 0.05338383376283118 0.05358688640532487 0.05371365128141865

cov.inverse():
 23809244.37787932 -33311488.71556046 -8343564.313186916  15942823.68508883  675545.1619508399  1227787.593161209
-33311488.73140926  75269487.55785735 -31339208.04463869 -13160138.97156845  632411.2004163326   1908390.64430763
-8343564.275396929 -31339208.11500531  99371707.34300528 -59706269.23347227 -19319.02200810665  36456.76001107067
 15942823.66236493 -13160138.91398588 -59706269.26990888  64959491.05901352 -2856564.354430935 -5178864.866976249
 675545.1620320661  632411.1996388367  -19319.0204419016 -2856564.355340815  1707774.207518999 -139880.1124112076
 1227787.593862666  1908390.642020729  36456.76230417153 -5178864.867643951 -139880.1124511514  2146079.585184995

cov*(cov_.inverse()):
    0.9999999998035491  5.820766091346741e-11 -7.796643330948427e-10 -4.074536263942719e-10  1.637090463191271e-11  -2.91038304567337e-11
 1.236912794411182e-10     0.9999999998835847  7.589733286295086e-10 -7.566995918750763e-10  1.637090463191271e-11  -2.91038304567337e-11
 2.837623469531536e-10 -3.055902197957039e-10     0.9999999993590336  -2.91038304567337e-10 -9.094947017729282e-12                      0
 4.365574568510056e-11  3.346940502524376e-10 -2.933120413217694e-11     0.9999999997089617  1.455191522836685e-11  1.455191522836685e-11
 -2.91038304567337e-11  -2.91038304567337e-11 -8.478764357278123e-10  -2.91038304567337e-10      1.000000000009095                      0
 7.275957614183426e-11  1.164153218269348e-10   7.09405867382884e-11  -2.91038304567337e-10  3.637978807091713e-12                      1
