7
2

7.163880693176305e-05
8.421221945021006e-05
0.0001117569063991376
0.0003601525849173261
0.0006697431774526324
  0.01618069401490344
   0.6008179978635977

  0.02755005504939126   -0.2980304282587666  -0.06969756702525333    0.8180980935151395   -0.4860259042335441 0.0006980968248339467   0.00741282072591305
  -0.1366665199906337    0.6587783603548444    -0.716205150687655    0.1853586263143388  0.003042665589643446   0.00320034041829362  0.002489182292044942
   0.5184485149594923   -0.4773632300083789   -0.5241268293070295   0.04644580461126218    0.4750560905098469  -0.01414580880813423  -0.02430935970980116
  -0.4911665626639354  -0.03691408869260707    0.1590340867025725     0.382721880352961    0.6096278357776315   -0.2123210805543625   -0.4109726754176863
  0.03986674446096551   0.05295521543497001   0.05482759646653788   0.05876896869611135   0.06806395267281889   -0.8252646724612609    0.5508648196811787
  -0.5716802606519379   -0.3204692785621374   -0.1912470900325284  -0.03828741960134689    0.1370462994947952    0.3609770929182177     0.619155550178024
   0.3769908806650811    0.3774199505963352    0.3776375809771373    0.3778951182398724     0.378194110816115    0.3786062388592424    0.3790035940097429

0.3779129598007036
0.3779408366449333
0.3780456312946477
0.3780237397242573
0.3780012770428433
0.3779837854152139
0.3779231160475329

0.0004561077070144702
   0.3781569017643641

  1.386888375654369   2.879011138414799   2.262952456495046   1.969822683948029  -8.035479763878442 -0.1142585285564902  -0.349105211628117
   1.57045274076223  0.4650235124739368 -0.2620091084275941 -0.9533570163312963  0.4572242139765196  -0.123084053673998 -0.1541869374093978

 2.328311638728766e-08  3.019577742060753e-09 -6.940584948577811e-08 -5.713212453059328e-07 -8.852551479442142e-08 -0.0009379050599138461  -0.002216238562128677
  -5.5450230290242e-09  7.323732044261241e-10   1.13400227089281e-08 -1.072470116636225e-07  2.897777534825156e-08 -0.0002716192643150818     0.1358101112381337

cov:
0.05138916787765337 0.05140992290634178 0.05142018693697471 0.05143232903724013 0.05144676355772961 0.05146936542360906 0.05148483480104392
0.05140992290634178 0.05144731098964169 0.05146611177106149 0.05148836374438705 0.05151438565213843  0.0515517310485912 0.05158423905194565
0.05142018693697471 0.05146611177106149  0.0514893202162842 0.05151676500233317 0.05154874811436929 0.05159368119249295 0.05163495130803476
0.05143232903724013 0.05148836374438705 0.05151676500233317 0.05155037969661398 0.05158941476120727  0.0516433272402143 0.05169497022140573
0.05144676355772961 0.05151438565213843 0.05154874811436929 0.05158941476120727 0.05163654876157962 0.05170075146627189 0.05176428880188799
0.05146936542360906  0.0515517310485912 0.05159368119249295  0.0516433272402143 0.05170075146627189 0.05177859399037321 0.05185679686528691
0.05148483480104392 0.05158423905194565 0.05163495130803476 0.05169497022140573 0.05176428880188799 0.05185679686528691  0.0519533628627107

cov.inverse():
 26167314.32254656 -33965767.75135811 -8925544.436328588  1303631.233477427  14749364.40170946  84725.48855847106  586552.0554560118
-33965767.74251243  96766241.20213717 -42489915.37454492 -32166649.09087406  10184288.27208086  759973.0439548937  911115.1112746886
-8925544.449541716 -42489915.33161408  95474402.86203139 -31302704.52769332 -12886810.44888015 -100518.2668318824  231082.2478983936
 1303631.236694929 -32166649.13916462 -31302704.46658564  136565434.0779455 -73822353.04089622 -592325.8065443105  15786.74926807704
 14749364.40217925   10184288.2880129  -12886810.4813135 -73822353.02469605  66974208.11053538 -1725721.640991948 -3473211.793633373
  84725.4887703359  759973.0432154719 -100518.2665781264 -592325.8058872265 -1725721.641396706  1883948.701367145 -310258.6438357232
 586552.0559243107  911115.1102872156  231082.2486885251  15786.74844515807 -3473211.793059924 -310258.6438572059  2038994.599288828

cov*(cov_.inverse()):
    0.9999999999636202 -1.746229827404022e-10  2.928572939708829e-10  1.712123776087537e-10  1.164153218269348e-10 -7.275957614183426e-12 -1.455191522836685e-11
-1.236912794411182e-10     0.9999999999781721  3.328750608488917e-10 -1.482476363889873e-10 -3.783497959375381e-10 -5.456968210637569e-12                      0
-2.546585164964199e-10 -3.856257535517216e-10     0.9999999995343387 -1.186435838462785e-09  1.455191522836685e-10  1.091393642127514e-11 -1.455191522836685e-11
-2.837623469531536e-10 -1.309672370553017e-10  4.129105946049094e-10      1.000000000530576 -8.731149137020111e-11  1.637090463191271e-11  1.455191522836685e-11
-1.782609615474939e-10 -5.238689482212067e-10  3.456079866737127e-11 -4.852154233958572e-10     0.9999999998835847  1.637090463191271e-11                      0
 2.328306436538696e-10 -6.621121428906918e-10  3.201421350240707e-10  -8.88235263118986e-10  2.619344741106033e-10      0.999999999998181  -2.91038304567337e-11
-7.639755494892597e-11  3.637978807091713e-11  6.548361852765083e-11  3.808509063674137e-11  -2.91038304567337e-11  1.091393642127514e-11                      1
