7
2

7.803904474945507e-05
0.0001686361490032773
 0.000547188118678727
0.0006980928989643132
0.0008849187797814913
  0.02336448033469902
   0.6185868912320428

    0.314975924502327   -0.7810675297912493    0.5376213252268259 -0.006744900591631119  -0.01349860603234556  -0.01714862892577099  -0.03413517288971336
   0.6198834989210251   -0.2540418798623811   -0.7179803284256281   0.04508392836078882   0.07519214593394867   0.09203968334961468    0.1398345319209525
   0.0986506133222077   0.08076030211390933   0.07395871860628493  -0.05153382716907223   -0.1258329562540814   -0.7296919997338647    0.6537093049190896
  -0.1954544558700401    -0.156178212868553   -0.1201693481131339    0.5466430842887403    0.6113514116654782   -0.4296780876073854   -0.2564620442946211
  0.05974025832693144   0.05211673422295832   0.04512294911618844   -0.7437238075591769    0.6595868427171934  -0.05699158199243022  -0.01584050435016911
  -0.5688706381306534   -0.3871510847336347   -0.1763703813850792   0.02043288573067549    0.1620639315111879    0.3565621880833627    0.5844441021565134
   0.3760552160639251    0.3766699619201692    0.3773783279475639    0.3780277027237123    0.3784969305258864    0.3791784716733371    0.3799297672321308

0.3941597690904213
0.3942637923754625
0.3943407695853422
0.3944788664998228
0.3944966487617603
0.3945301602096776
0.3945835906797852

-0.0004917329985336921
    0.3942783736997751

   1.718441868302581    3.885888794404481   -4.024036784895759 -0.05510725958598663  -0.2237051495828076  -0.4266911900800592  -0.8748512703027711
   1.543848369532572  -0.1839467668099036  -0.1724862562417478  0.05155361182660995 -0.01096515605980522 -0.07663709614484501  -0.1512777399976452

-2.811619076147836e-08  7.923785230661362e-08 -1.311964158298151e-08 -1.064253320437076e-07  4.323476643227093e-08  -0.001350062905182682  -0.003189614124075142
 3.309941085951595e-09  3.130671526828267e-08  2.408551705955813e-08 -7.753082584132701e-08  2.823005623302178e-08 -0.0004875294017186219     0.1434924278351079

cov:
0.05429007594857935 0.05432208190528448 0.05435854727140966 0.05439078247239818 0.05441437801882659 0.05445209749787294 0.05448946630780341
0.05432208190528448 0.05437228907152521 0.05442983411724509 0.05448174787107537 0.05451949622310925 0.05457665754146736 0.05463680366790904
0.05435854727140966 0.05442983411724509 0.05451184203902599 0.05458657880843857 0.05464074426838108 0.05472045689158579 0.05480702711521101
0.05439078247239818 0.05448174787107537 0.05458657880843857 0.05468334749676972 0.05475200326659339  0.0548529085291072 0.05496412784205246
0.05441437801882659 0.05451949622310925 0.05464074426838108 0.05475200326659339 0.05483323949218961  0.0549484981661067 0.05507749129596568
0.05445209749787294 0.05457665754146736 0.05472045689158579  0.0548529085291072  0.0549484981661067  0.0550856251362813 0.05523864880652126
0.05448946630780341 0.05463680366790904 0.05480702711521101 0.05496412784205246 0.05507749129596568 0.05523864880652126 0.05542082611908538

cov.inverse():
 29918383.91300131 -45840219.99343754  12231392.53895974  340899.8019747812  704365.8989683221  1046521.707029839  1599031.615373574
-45840220.00194011  102518567.1905353  -62475692.1516314  223710.2668363146  873443.5666828107   1313983.51642375  3385793.179579902
 12231392.55081382 -62475692.16653427  65637613.81964678  -1924049.03291692 -3233890.014741067 -3915268.848253636 -6320187.612568042
 340899.8014848861  223710.2679723861 -1924049.033638395  1407329.021162696  215136.5217467664 -137332.7542217512 -125630.9500575738
 704365.8985297066  873443.5675095867  -3233890.01512583  215136.5217305138  1604160.670679085   1109.46058899383 -164234.4812316295
 1046521.705728511  1313983.518806141 -3915268.849301921 -137332.7542359984  1109.460569383372  2507700.715186493 -816782.3598015958
 1599031.614251877  3385793.181635117 -6320187.613462479 -125630.9501023684 -164234.4812248681 -816782.3598026581  2442063.381650385

cov*(cov_.inverse()):
    0.9999999999417923 -3.492459654808044e-10  -2.91038304567337e-10  1.182343112304807e-11 -2.000888343900442e-11  4.365574568510056e-11  5.820766091346741e-11
-5.820766091346741e-11     0.9999999995634425 -4.074536263942719e-10  4.547473508864641e-12 -4.365574568510056e-11  5.820766091346741e-11   2.91038304567337e-11
 1.891748979687691e-10 -2.619344741106033e-10      1.000000000174623  3.637978807091713e-12                      0  4.365574568510056e-11  5.820766091346741e-11
-2.473825588822365e-10  1.455191522836685e-10  2.328306436538696e-10     0.9999999999990905 -1.818989403545856e-11  2.182787284255028e-11                      0
 1.891748979687691e-10 -4.074536263942719e-10  1.164153218269348e-10  5.456968210637569e-12     0.9999999999763531  2.182787284255028e-11  -2.91038304567337e-11
  1.01863406598568e-10 -5.238689482212067e-10 -3.492459654808044e-10  1.364242052659392e-11  1.818989403545856e-12      1.000000000043656  -2.91038304567337e-11
  1.01863406598568e-10   2.91038304567337e-11  1.164153218269348e-10  9.094947017729282e-13 -7.275957614183426e-12  7.275957614183426e-12     0.9999999999708962
