5
2

0.0001234473358773854
0.0004635164650464849
0.0005979916851322221
  0.01398610671748646
   0.5281948648924288

 -0.5193077340624891   0.8314875852179658 -0.07908940580362898 -0.06401715651532741  -0.1690992091424421
 -0.2154046488224608   -0.173571800394637   0.2450431370621658   0.7251001159522247  -0.5810829116384683
 -0.2380739103149335  -0.1142156219300018   0.8562429753540967  -0.4392511357521274 -0.06466847633685238
  -0.655311025874604  -0.2574933975234178 -0.02550094853523159   0.2761807379383595   0.6537113363057491
  0.4447567730828688   0.4462658038379704    0.447097747309164   0.4482346096075716   0.4496972139370919

 0.407073690713644
0.4069452666531746
0.4069793446836593
0.4067856927543346
0.4066687284631346

0.001542498486270144
  0.4076027515920121

    8.82137171019029   -7.896057429334667  -0.2857788744582586  -0.1540205152938831  -0.4853992671576899
   4.178402464940899   -3.143768978530625  -0.4532409669293596   0.5045636898273034 -0.08533555024646086

-1.681183971394761e-07 -9.223034152598526e-08 -4.805841624192747e-07 -0.0008020293865758126  -0.004315055820277088
-7.262880170749642e-08 -1.074131052969454e-08 -4.433798439944992e-07 -0.0003586588555155865      0.122912015473088

cov:
0.05527061736132826 0.05540684394979499 0.05548024065919287 0.05558272203675296  0.0557158409912258
0.05540684394979499 0.05557469671819647 0.05566652476999434 0.05579290815513045 0.05595602407622494
0.05548024065919287 0.05566652476999434 0.05576946087350385 0.05590939192998334 0.05608999375894297
0.05558272203675296 0.05579290815513045 0.05590939192998334 0.05606813616997051 0.05627117257847896
 0.0557158409912258 0.05595602407622494 0.05608999375894297 0.05627117257847896 0.05650310303765848

cov.inverse():
 18073110.14785763 -28083675.93025278  1879479.876862006  1746046.085016652  6385848.223300205
-28083675.93018609  45544885.26493883 -4786712.748834767 -3938783.018781098 -8737191.766661346
 1879479.876943919 -4786712.748960578  2740184.357904537  107445.9066332423  59918.49980893108
  1746046.08470725 -3938783.018321911  107445.9066135189  3256047.549746935 -1170414.346934156
 6385848.223460986 -8737191.766928008  59918.49978475316 -1170414.346804084  3461869.482537327

cov*(cov_.inverse()):
                     1  -2.91038304567337e-10  1.955413608811796e-11  5.093170329928398e-11 -8.731149137020111e-11
                     0     0.9999999995343387  3.592504072003067e-11  7.275957614183426e-11                      0
                     0  -2.91038304567337e-10      0.999999999956799   2.91038304567337e-11                      0
-1.164153218269348e-10  -2.91038304567337e-10 -2.955857780762017e-11      1.000000000014552  -2.91038304567337e-11
-1.164153218269348e-10 -6.402842700481415e-10 -5.911715561524034e-12   2.91038304567337e-11      1.000000000058208
