6
2

5.636551707775154e-05
9.290530392732462e-05
0.0003397974278148576
0.0006603052328700988
  0.01652470245535803
   0.6106788879613835

 -0.009955160212433901     0.2935544701052291    -0.8013474678607032     0.5211157334587931 -0.0007813248637178927  -0.002585631989195274
    0.4884969377083558    -0.7853388847000289   -0.04891021768893614     0.3763959887075536   -0.00906348857555847   -0.02157038462796797
    -0.457033084796376   0.007459873399236036     0.4231001584992128       0.63535203131427    -0.1971570485657419    -0.4117138084567888
   0.06033410263705021    0.06754539883110279    0.07747636340360226    0.08367880240148345    -0.8289865984385112     0.5399758382626781
   -0.6194551190239137    -0.3559826320500297   -0.06271450692246711    0.09576615978401985     0.3260146550624784     0.6084093187484793
     0.406235827580807     0.4070957434359893     0.4080448332867673      0.408557155120643     0.4093189528973505     0.4102242897400805

0.4159280817991416
0.4159591530733651
0.4159409122106658
0.4160012865419815
0.4159943483360921
0.4159165305323862

0.0005847160496600809
    0.416194630347736

  1.732256687504685   3.959243431825304   1.796677001301647  -6.972031225828731 -0.1003115227929421 -0.4156348667200409
 0.6769387965452357    1.80613129637461  0.1823010827478682  -1.904882619328466 -0.1242959375400556  0.3632383449105492

-1.247583868072907e-08 -4.285825876463715e-08 -4.896505598039747e-07 -9.310594293611539e-08 -0.0009689517576563147  -0.004257176454263153
-1.957501838525142e-09 -1.571222818241713e-08 -1.794392277063064e-07   1.38101194216913e-07 -0.0002937274493735613     0.1508613168283701

cov:
0.06164831932630408 0.06173399739835651 0.06182815624127249 0.06187895485451263 0.06195543625330661 0.06204487172813974
0.06173399739835651 0.06183894608027463 0.06195452172408397 0.06201689457705935 0.06211014179379121 0.06222017750699291
0.06182815624127249 0.06195452172408397 0.06209394712030838 0.06216920099038827 0.06228111194395994 0.06241407823838532
0.06187895485451263 0.06201689457705935 0.06216920099038827 0.06225142343423117 0.06237341761122657 0.06251877608152448
0.06195543625330661 0.06211014179379121 0.06228111194395994 0.06237341761122657 0.06251054996655357 0.06267339656018588
0.06204487172813974 0.06222017750699291 0.06241407823838532 0.06251877608152448 0.06267339656018588 0.06285914733907762

cov.inverse():
 29496677.76556716 -45385745.80734689 -1921006.275121832  17165837.92614844  154447.0473462224   490342.467304209
-45385745.80486338  98590295.66981825 -69553175.29038559  13956959.71970603  610871.8451057979  1779962.914760609
-1921006.276776153 -69553175.28785208  203963883.1309929 -131229988.6085864 -621414.2967211267 -638472.5688643481
  17165837.9237082  13956959.72158141 -131229988.6060929  105401472.6627263 -1767273.128287626  -3526424.00004268
 154447.0472209907  610871.8464848985  -621414.299781436 -1767273.126575679  1922932.570612693 -299640.7795757423
 490342.4690404928  1779962.911456075 -638472.5674182641 -3526423.999825987  -299640.779670234  2194192.198539983

cov*(cov_.inverse()):
     1.000000000178261  8.731149137020111e-11  2.422893885523081e-09 -7.566995918750763e-10                      0  -2.91038304567337e-11
 4.984030965715647e-10      1.000000000101863   7.34871719032526e-10   2.91038304567337e-10 -1.455191522836685e-11  -2.91038304567337e-11
 2.401066012680531e-10  1.236912794411182e-09      1.000000000552973   -7.8580342233181e-10  1.818989403545856e-11 -5.820766091346741e-11
 1.127773430198431e-10  6.111804395914078e-10  6.621121428906918e-10     0.9999999997671694                      0  -2.91038304567337e-11
 2.182787284255028e-11  1.004082150757313e-09 -6.257323548197746e-10  3.783497959375381e-10      0.999999999996362 -5.820766091346741e-11
 1.527951098978519e-10  4.365574568510056e-10  1.382431946694851e-10  2.619344741106033e-10 -1.455191522836685e-11     0.9999999999708962
