5
2

9.225641751445902e-05
0.0001268499385959804
0.0004172199212759618
  0.01164794216587091
   0.5167853615367008

 0.09388924872482686   0.2601478313467418  -0.8304306864432964   0.4835713311816013 -0.00718035459044367
 -0.4141970672431015   0.8184592486899318 -0.02192412043867126   -0.397315926703287  0.01498783013062373
  0.5028258899496612  -0.0633069813787585  -0.3269343316998788  -0.6175128808858257   0.5049258709960118
 -0.6062882455299804  -0.2424066952307228 -0.05560510802718324   0.1635836018059103   0.7374293421209843
  0.4463253143051715   0.4468543211109504   0.4471311023330238   0.4474562204366537   0.4482986032031123

0.3996471859674451
0.3998219353413902
0.3998157665294472
0.3998104811387457
0.3997949530140155

0.0001355585817660589
   0.3998486788612879

   2.387021942523728    5.404935396364105    3.125947108823033   -10.51827009161748  -0.3997332281387646
   1.270817816348641   0.7920409616513514   0.3483717772486602    -1.34868397148601 -0.06253828554723784

-5.148579127305175e-08  1.213185726804802e-07  1.066966450711184e-06 -0.0006711312920715768  -0.001962942192609271
-5.240124300551285e-09  1.044561822136792e-08  2.221540984882722e-07 -0.0001694018045384489     0.1189463723204536

cov:
0.05325136596443924 0.05328443318384084 0.05330204092710181 0.05332274273634081 0.05337604552686879
0.05328443318384084 0.05333562025585965 0.05336249716595755 0.05339408918763586 0.05347573831836022
0.05330204092710181 0.05336249716595755 0.05339416246147408 0.05343133989721516 0.05352754244115808
0.05332274273634081 0.05339408918763586 0.05343133989721516 0.05347509552984671 0.05358837167725822
0.05337604552686879 0.05347573831836022 0.05352754244115808 0.05358837167725822 0.05374673891831461

cov.inverse():
 13152757.63868891 -18380054.34823802 -9540428.983492902   13777227.4187447  990224.1674781308
-18380054.35156344  49605613.26571377 -26378431.91153079 -5204623.610477391  357933.5654146591
 -9540428.97711321 -26378431.92369217  81667913.75053604 -45480328.00091574 -268472.1809746121
 13777227.41560617 -5204623.601458261 -45480328.00674073  39475679.92544506 -2568342.772585663
 990224.1675623712  357933.5652314283 -268472.1809311675 -2568342.772530119   1488647.55032523

cov*(cov_.inverse()):
    0.9999999998181011  3.092281986027956e-10 -6.948539521545172e-10  6.111804395914078e-10  1.455191522836685e-11
-2.837623469531536e-10      1.000000000436557  2.673914423212409e-10  4.074536263942719e-10   2.91038304567337e-11
-2.401066012680531e-10  5.675246939063072e-10     0.9999999992342055  4.656612873077393e-10                      0
-1.309672370553017e-10  1.782609615474939e-10 -5.456968210637569e-12                      1   2.91038304567337e-11
                     0  1.055013854056597e-10 -1.800799509510398e-10 -8.731149137020111e-11                      1
