5
2

3.640132864200083e-05
6.021190957236347e-05
0.0003449334464091561
  0.01830145141912586
   0.5245935319659351

  0.02550246599600724    0.3959463936242586   -0.8236817117317018    0.4051125939037318 -0.002881253787877707
  -0.5821848192805461     0.726188168191215    0.1724792424670062   -0.3223781083372658  0.005903114538882175
   0.2954775440824685   0.01694540769946618   -0.3024652357169229   -0.6456190038819299    0.6356860523167884
  -0.6124910194276236   -0.3416585110156624  -0.01934021006610445    0.3376254035609714    0.6275023953069512
    0.444924974002251    0.4459366690052419    0.4471466047439551    0.4484878261695317    0.4495562683238741

0.3977196019531968
0.3978168000998303
0.3979142455501132
0.3980110772140986
 0.398126412452569

-0.0007335278771932113
    0.3976810409383841

  0.5616539153225057    1.042160695332325    5.341761997835305   -6.900423661913166 -0.04530878105008096
  0.7749194949874247  -0.9653749877696041    4.162304823015194   -2.898023276423521 -0.07382107105054536

-8.968336816634061e-09  1.296266317592897e-08  3.562425459090874e-07  -0.001058946649161462  -0.003286581597503932
-6.578511487564539e-09  1.811085298143867e-09  9.253621966671004e-08 -0.0004187029128912181      0.121783677976555

cov:
0.05460344759696985 0.05467174845635029 0.05475376257949108 0.05484474290687609 0.05491614194693459
0.05467174845635029 0.05476491476820284 0.05487651173457295 0.05500025670368688 0.05509820786369696
0.05475376257949108 0.05487651173457295 0.05502332373266431 0.05518606474026719 0.05531561759548382
0.05484474290687609 0.05500025670368688 0.05518606474026719  0.0553919976373465 0.05555654990440845
0.05491614194693459 0.05509820786369696 0.05531561759548382 0.05555654990440845 0.05574975709897081

cov.inverse():
  94713984.2103247 -108949318.9227428 -44300970.90746258  57960980.52274617  574156.3718066923
-108949319.0304508  263773992.8167867 -211623377.1167551  56388449.54563133  411339.4654251641
-44300970.70216749 -211623377.4093762   520991486.817243 -265521718.8820643  455822.6725913515
  57960980.4247505  56388449.73784351 -265521718.9821926  156025615.5209101 -4854603.710917744
  574156.372215383  411339.4581241371   455822.685396907 -4854603.716830952  3413421.159182335

cov*(cov_.inverse()):
     1.000000000436557 -1.564330887049437e-10  1.258740667253733e-09 -8.149072527885437e-10   2.91038304567337e-11
-7.639755494892597e-11     0.9999999987339834  3.994500730186701e-09 -2.037268131971359e-09   2.91038304567337e-11
-1.346052158623934e-10 -1.455191522836685e-10      1.000000003929017 -1.513399183750153e-09   2.91038304567337e-11
-5.311449058353901e-10  8.185452315956354e-10  3.707100404426455e-09     0.9999999986612238  5.820766091346741e-11
 3.637978807091713e-11   8.36735125631094e-10 -4.292814992368221e-10 -2.328306436538696e-10                      1
