5
2

6.845478925499933e-05
0.0003965776182834493
0.0004132249135877283
  0.01604843080819098
   0.5705317271275931

 0.6535007297647621 -0.7535712480130835 0.01299966071925278 0.02000972250206043 0.06706556636234338
 0.1551359466168898  0.1661998340558546   -0.20640816591119 -0.7279633905473638  0.6130052400225084
 0.1716544551022514  0.1557928826165079 -0.8688853611696468  0.4203348594389236  0.1209138571675786
-0.5661272739362974 -0.4255059600271692  0.0473216238528909  0.3039181682814451  0.6354832795528064
 0.4459868742611276  0.4462972608421498  0.4472421837521385  0.4479076533807929  0.4486286059393821

0.4238476291568685
0.4238451574448364
0.4235203966076762
0.4233700674626489
0.4231450417895649

0.002324058541233305
  0.4245879298328223

   6.490737466137579   -3.260252007210449   -1.003434138292267  -0.2500690077512994   -1.977596991527195
   9.723698526968596   -9.172325636012943   0.2983706307055175   0.1966732343876285 -0.03998710696928823

 3.068363912067545e-08 -5.630809281740046e-08  1.936150720001502e-07 -0.0009445830831394188  -0.002685527644335599
 6.219138324223204e-08 -3.856561015695272e-08  1.002618891420516e-08  -0.000400104892463748     0.1453887992441418

cov:
0.06482718661200518 0.06485173781408224 0.06491993530485703 0.06497915403739064  0.0650354953542757
0.06485173781408224  0.0648814226423076 0.06496683722125715 0.06503541198147329 0.06510383737174331
0.06491993530485703 0.06496683722125715 0.06511032619417018  0.0652101584047219 0.06531915677400861
0.06497915403739064 0.06503541198147329  0.0652101584047219  0.0653274190497404 0.06545830981832491
 0.0650354953542757 0.06510383737174331 0.06531915677400861 0.06545830981832491 0.06561798200707106

cov.inverse():
 91461679.59070468 -104768830.9683107  735716.7568037942  2494297.507267962  10077548.52340661
-104768830.9679998  121501272.2864586 -3101444.638786035 -3604066.191675363 -10027836.90707124
 735716.7545400817 -3101444.636182887  4728284.754748209 -1127918.265480336 -1233620.781689213
  2494297.51028027 -3604066.195156882 -1127918.265354261  4489988.292564623 -2252609.801563208
 10077548.52234667 -10027836.90588145 -1233620.781475846 -2252609.801906381  3436320.283621143

cov*(cov_.inverse()):
    0.9999999993015081  1.164153218269348e-10  4.365574568510056e-11 -5.820766091346741e-11 -1.164153218269348e-10
 1.047737896442413e-09     0.9999999993015081  1.455191522836685e-11  -2.91038304567337e-11 -5.820766091346741e-11
 4.656612873077393e-10 -4.656612873077393e-10      1.000000000058208                      0 -5.820766091346741e-11
 9.313225746154785e-10 -1.979060471057892e-09  1.455191522836685e-11                      1  8.731149137020111e-11
 6.984919309616089e-10 -4.656612873077393e-10                      0                      0     0.9999999999417923
