5
2

9.887053758320033e-05
0.0002006128915230869
0.0006647972706793557
  0.01950446704266945
   0.5167240602719632

-0.3384825682636068  0.8007892276711431 -0.4935781993409848 0.01025052296559647 0.02101551193213853
-0.6121043643294632  0.1978481159217695  0.7298157809848015  -0.114419296996783 -0.2011504921578269
0.06072951724786564 0.06515226889795087  0.0729263397483651 -0.7947362275903074  0.5959389105593988
-0.5553789083453491 -0.3408635640729797  -0.136994456977404    0.39270664945555  0.6343345371989894
 0.4456725165976309  0.4462734009740836  0.4468375036735704  0.4483067780913163  0.4489691944451366

0.3946493802199117
0.3946848873334421
0.3947743931772434
0.3947045518400257
0.3946738513570111

0.0003925259170880374
   0.3948832614810343

  3.866912175936845  0.1536433273758277  -2.111573471166422 -0.6559914195474905  -1.252946376693599
  1.417713352358728   0.249130832436446 -0.4262051554291322 -0.1026403584026729  -0.138018311398337

 -1.72706950335535e-09 -1.428928312028112e-07 -5.943538167494301e-08  -0.001127234428172026  -0.002191175042704354
-7.229583999025616e-10 -4.386936971957338e-08  3.118810108540191e-08  -0.000358267302540155     0.1187076144598153

cov:
 0.0531507096643439 0.05317686632396619 0.05320091042557018 0.05326382935628698 0.05329164279230041
0.05317686632396619 0.05322066440545707 0.05326143906409954 0.05336779734953136 0.05341543556088951
0.05320091042557018 0.05326143906409954  0.0533181379050033 0.05346577195418111 0.05353225259551489
0.05326382935628698 0.05336779734953136 0.05346577195418111 0.05372108696179333 0.05383598790108754
0.05329164279230041 0.05341543556088951 0.05353225259551489 0.05383598790108754 0.05397407173829076

cov.inverse():
 21039107.38415945 -30727810.53451212   6000917.19247408  1275518.906744832  2412627.926163747
-30727810.53905106  66582358.38518426 -36834744.79574819  159714.1516880987  819992.2917570138
 6000917.198314192 -36834744.80291539  38168350.51842172 -2723736.639490882 -4610686.551134737
 1275518.906420189  159714.1522190237 -2723736.639661363  1765568.783841821 -477063.8938280375
  2412627.92518721  819992.2938544266 -4610686.552291433 -477063.8937922323  1855177.659064844

cov*(cov_.inverse()):
    0.9999999999126885 -9.458744898438454e-11  1.455191522836685e-10 -1.818989403545856e-11                      0
-2.037268131971359e-10     0.9999999997962732                      0 -1.818989403545856e-11 -1.455191522836685e-11
 2.473825588822365e-10  1.818989403545856e-10      1.000000000261934  2.182787284255028e-11 -1.455191522836685e-11
-7.275957614183426e-11  1.455191522836685e-11  2.328306436538696e-10      0.999999999992724  -2.91038304567337e-11
 7.275957614183426e-11  1.600710675120354e-10  5.820766091346741e-11  7.275957614183426e-12                      1
