5
2

8.320812829513024e-05
0.0002749636804825033
0.0007567131255248355
  0.01661368574784545
   0.5168417966298763

 -0.1678693840617721   0.7598514461143115  -0.6273177130369951 0.005546185268098036  0.02978886489475143
 -0.5556284553701327   0.4046387957708912   0.6206982352392612  -0.1084366459654078   -0.361275046360421
  0.1540206260386177   0.1417882540409745   0.1431974350846487  -0.8673207515208672   0.4282790519476064
 -0.6639489259760351  -0.1980412920144963 -0.02751891440841702   0.1885790761305516   0.6954366338840863
  0.4455854126064547    0.446731420954822   0.4471503009233715   0.4476643605065862   0.4489297342796408

 0.398094647884926
0.3982364311848181
0.3982217528360266
0.3982092919800274
0.3981675961546112

0.0002782890448052465
   0.3983145225818349

   3.328287583191071    3.679605242019571   -5.879771437521721  -0.1715755981236515  -0.9565620999026069
   1.597654208481413  0.01111104861253959   -0.483752964505597 -0.04609168319795862 -0.07897416834563728

 4.082339953321342e-08 -2.756375444806088e-07 -3.921430824047506e-08 -0.0009589589414891683   -0.00228321279462909
 2.845883059848384e-10 -8.694134641530295e-08  1.056635843407087e-07 -0.0003072766091295216     0.1187258595285312

cov:
0.05315849641322282 0.05320947805138787 0.05322807896463867 0.05324960478569511 0.05330745704508734
0.05320947805138787 0.05332080073387244 0.05336146535953968  0.0534108963712695 0.05353428922868254
0.05322807896463867 0.05336146535953968  0.0534102196267324 0.05346986036450495 0.05361724758280272
0.05324960478569511  0.0534108963712695 0.05346986036450495 0.05354308880536181  0.0537201462666719
0.05330745704508734 0.05353428922868254 0.05361724758280272  0.0537201462666719 0.05396950686190952

cov.inverse():
 8196551.883708928 -21358467.05152074  10686955.43828793  428695.4944628364  2046309.134042279
-21358467.05029566  85593168.82306513 -65489494.07500047 -186566.9545804386  1441275.556557064
 10686955.43676964 -65489494.07272659  61970219.15208796 -1609668.682742731 -5557987.540754303
  428695.494468479 -186566.9545369336 -1609668.682807081  1473800.094842506 -106202.3734475637
 2046309.134329857   1441275.55546475 -5557987.539934365 -106202.3734627659  2176580.983107875

cov*(cov_.inverse()):
                     1  2.619344741106033e-10 -1.746229827404022e-10 -6.366462912410498e-12 -5.820766091346741e-11
 1.455191522836685e-11        1.0000000007567 -4.074536263942719e-10  3.637978807091713e-12   2.91038304567337e-11
 1.600710675120354e-10 -6.548361852765083e-10      1.000000000116415  1.091393642127514e-11  -2.91038304567337e-11
 8.731149137020111e-11   1.01863406598568e-10  4.074536263942719e-10      0.999999999996362  -2.91038304567337e-11
 4.365574568510056e-11 -1.309672370553017e-10  1.164153218269348e-10 -4.547473508864641e-12      1.000000000014552
