5
2

 4.27402077027188e-05
8.949694588890134e-05
0.0003671143115132768
  0.02277474031497286
   0.5241402942283961

-0.003321386779666841    0.3046995256673146   -0.8047927073324121    0.5093336626399267 -0.005923324601692018
  -0.6214908799431635    0.7324056327416568    0.1219019626199892   -0.2493923578103407   0.01656618999526567
   0.2387044992710319   0.04568055307257157   -0.3646805923593183   -0.5941549925579644    0.6744785834062134
  -0.5992447919602121    -0.412621032803527    0.0647798798995118    0.3520990850195133    0.5852173648186962
   0.4445940798904773    0.4454181838963712    0.4475044608164513    0.4487635804234376    0.4497663304602872

 0.397793087132871
0.3979160549878933
0.3981094594760735
0.3982056123426853
0.3983205271218397

-0.0007235636373445761
    0.3978791410516295

  0.2452758530678117   0.7574912075807434    5.991002878023692   -6.950054108840596 -0.04389367090871287
    1.80590126212032   -1.628453791773999    2.715324364510861   -1.788014910527125  -0.1047553248250558

-1.485339501624128e-08  2.294966116070321e-08  2.706445844449658e-07  -0.001319666535402805  -0.003083491057907546
-6.571710452330564e-09 -1.233377904656379e-08  4.827090861219051e-08 -0.0004798946627416857     0.1217458412599829

cov:
0.05448909693476655 0.05453173355726403 0.05463815527030676 0.05470263389664773  0.0547526913324898
0.05453173355726403 0.05459264174912925 0.05474575146925855 0.05483833024272616 0.05491115006161452
0.05463815527030676 0.05474575146925855 0.05501830007461784 0.05518275905510503 0.05531380851215373
0.05470263389664773 0.05483833024272616 0.05518275905510503 0.05539048389881754  0.0555565803965365
 0.0547526913324898 0.05491115006161452 0.05531380851215373  0.0555565803965365 0.05575135878225952

cov.inverse():
 48652389.84403922 -57301624.00745879 -8641340.055534344  17372083.32985575 -80703.39843514103
-57301624.06702976  117811003.3023219 -123217154.8342297  61951287.64011889  754938.9025555655
-8641339.895957381 -123217155.0346558  357406192.4850657 -226582800.3584661  1036749.237485729
 17372083.22858718  61951287.78489864 -226582800.4055802  152398871.9794111 -5140454.453981812
-80703.39717144084  754938.8986305061  1036749.243748281 -5140454.457582953   3429596.89996351

cov*(cov_.inverse()):
     1.000000000849468  1.011358108371496e-09 -1.979060471057892e-09  9.313225746154785e-10   2.91038304567337e-11
 6.821210263296962e-10      1.000000000065484  4.940375220030546e-09 -1.979060471057892e-09  5.820766091346741e-11
 6.039044819772243e-10 -1.236912794411182e-10      1.000000000924047  5.820766091346741e-10                      0
 5.675246939063072e-10  -3.41970007866621e-10 -2.386514097452164e-09     0.9999999997671694   2.91038304567337e-11
 8.412825991399586e-10  1.964508555829525e-10 -1.091393642127514e-10 -1.164153218269348e-10                      1
