6
2

7.265967786476227e-05
0.0001682183774346711
0.0003972315975181198
0.0004268056888051687
  0.02524444924663572
   0.6265438703626638

  0.2665055646614166  -0.7699281524829085   0.5779254666238929 -0.01566244831848051 -0.01915904525337356 -0.03968876092750702
 -0.6496614928767962   0.2926872394528788   0.6754295563193224  -0.1295565127477675  -0.0676262035455176  -0.1212882747156009
  0.0619074351881495  0.05710584029342459  0.06358104958723827 -0.02256579533923499  -0.7784180940784283   0.6184010820642269
   0.152198483549057  0.07208120201841693   0.0340263887218791  -0.8811501286715248    0.301138208450901   0.3215157180366646
 -0.5606159579251851   -0.383579179805182    -0.19567320606382   0.1976215961681985   0.3620411144536806   0.5745961130580221
  0.4069736692600778   0.4073758166799475   0.4078096626006774   0.4086327667577636   0.4091050100480624   0.4095863868444926

0.4232162646688316
0.4231697329246715
0.4230561550823329
0.4228218491401077
0.4227178111867009
0.4225387033032695

0.001749797735340829
  0.4236381407349888

-0.1788932578960334   5.518401643737912  -3.187650697624435 -0.6746421739394219 -0.1151554223062657   -1.36264043535157
  9.549713628632306  -6.444180877621084  -4.992470986883675   1.206296685144141  0.6375664144287227   1.049623134745171

 -3.20557361324272e-08  -4.56107967230881e-09  -1.00421235850422e-07  6.990591186560189e-08  -0.001498058345550253  -0.002200972346933415
 2.401382505885892e-08 -3.335977467055923e-07  4.946047088304053e-09  5.202748066434773e-08 -0.0005306333758086487     0.1605464637417856

cov:
 0.0652186064200273 0.06521958259104281 0.06522175460376047 0.06521272918285935 0.06522945697980292 0.06523043747443442
0.06521958259104281 0.06524062793268844 0.06526407181758223 0.06529954400045454 0.06533488154005276 0.06535991631639694
0.06522175460376047 0.06526407181758223 0.06531010517538033 0.06539280756696085 0.06544790630694702 0.06549847690227463
0.06521272918285935 0.06529954400045454 0.06539280756696085 0.06557452517880302 0.06567079835431427 0.06577477813090477
0.06522945697980292 0.06533488154005276 0.06544790630694702 0.06567079835431427 0.06578473210779091 0.06591091068253566
0.06523043747443442 0.06535991631639694 0.06549847690227463 0.06577477813090477 0.06591091068253566  0.0660662804249918

cov.inverse():
 28520286.85704352 -45502615.51139148  13720491.11389344  1438526.903262889  531321.4640578522  1291830.160582737
-45502615.51698567  115359615.3316256 -77259323.01954851  587153.2523368398  1931823.783465787  4884194.395310217
 13720491.12185971  -77259323.0302166  79417836.39161736 -4980648.477338643 -3968973.776553282 -6930590.692761715
 1438526.900563904  587153.2595286083 -4980648.482357669  4905169.086046064 -978759.2643894597 -970428.9515334101
 531321.4651928626  1931823.779497062 -3968973.773199502 -978759.2645727906  4569230.961370139 -2084950.667666081
 1291830.159774058  4884194.397162563 -6930590.693799284 -970428.9518763639 -2084950.667329288  3809775.509304089

cov*(cov_.inverse()):
    0.9999999993742676 -1.164153218269348e-10   2.91038304567337e-10                      0  -2.91038304567337e-11 -8.731149137020111e-11
-4.074536263942719e-10      1.000000001455192 -2.328306436538696e-10  -1.01863406598568e-10 -5.820766091346741e-11  -2.91038304567337e-11
-1.455191522836685e-10   2.91038304567337e-10      1.000000000640284  3.637978807091713e-11 -5.820766091346741e-11 -5.820766091346741e-11
 -1.01863406598568e-10 -5.820766091346741e-10  4.074536263942719e-10      1.000000000014552  -2.91038304567337e-11   2.91038304567337e-11
 4.365574568510056e-11 -1.455191522836685e-09  1.396983861923218e-09  -2.91038304567337e-11     0.9999999999708962 -1.164153218269348e-10
-1.309672370553017e-10   2.91038304567337e-10  5.820766091346741e-11                      0                      0     0.9999999999708962
