5
2

0.0001736951550319719
0.0005491524984708336
0.0007755111266224461
  0.02109906617682344
   0.5231235644616088

 -0.5093627260899857   0.8342786821354046  -0.0398002500232667  -0.1086679739876842  -0.1764536917496742
  0.1085198114448912  0.09225384057492783  -0.0315053607537533  -0.7790271122815503   0.6097842651275827
  0.2623285418484668   0.1905539327432394  -0.8926274347867739   0.2464685135735944   0.1932419968085358
  -0.679815925798593   -0.244834204328551 -0.02714816668512369   0.3455809495030694    0.598116463414611
  0.4447551089716719   0.4463336426267679   0.4471046768414339   0.4484808902473562   0.4493789843023071

0.3939431433610736
0.3941386145360948
0.3942809981221425
0.3943495670008176
0.3944121242388935

-0.0005920171334039573
    0.3940490847229782

  3.609990796600056  -2.057837302742559 -0.0249325233246124 -0.4828054727967007  -1.044457162135588
  1.438142765999846 -0.2588822317213713 0.06681440467918248 -0.0972637004538468 -0.1487312254524646

-1.000995093901882e-07 -1.751429905701932e-08  1.541437584171165e-07  -0.001220292194393891  -0.002723924258038786
-2.758630342248805e-08  3.472747515912309e-08    1.2965415044635e-07  -0.000462387163714583     0.1213644099852386

cov:
0.05433733765570681 0.05439778963619421 0.05442559219339801 0.05448044816402083 0.05451336825650796
0.05439778963619421 0.05454321148232869 0.05461351199855741 0.05474108983375634 0.05482329186841326
0.05442559219339801 0.05461351199855741 0.05470580389724946  0.0548690799888167 0.05497592871562035
0.05448044816402083 0.05474108983375634  0.0548690799888167 0.05509566961068506 0.05524440989245724
0.05451336825650796 0.05482329186841326 0.05497592871562035 0.05524440989245724 0.05542234479856388

cov.inverse():
 8754126.417049209 -13968507.31308257  271306.2781839398  1661295.027761796  3281890.342967982
-13968507.31311393  23158694.66783094 -1393023.329866799 -3165363.158014379 -4631960.697507823
 271306.2782583735 -1393023.329984917  1380641.200557265 -141089.4029082266 -117774.2641419063
 1661295.027681877 -3165363.157880162 -141089.4029258426  2505103.898273736 -860007.3697282947
 3281890.343004826 -4631960.697555284 -117774.2641679754   -860007.36969161   2327920.01243417

cov*(cov_.inverse()):
    0.9999999998544808 -5.820766091346741e-11  2.728484105318785e-12  1.455191522836685e-11   2.91038304567337e-11
                     0      1.000000000058208  1.455191522836685e-11   2.91038304567337e-11  5.820766091346741e-11
-1.455191522836685e-10                      0      1.000000000010004 -1.455191522836685e-11  4.365574568510056e-11
-1.455191522836685e-10   2.91038304567337e-11  7.275957614183426e-12                      1                      0
                     0                      0  1.818989403545856e-12                      0      1.000000000029104
