6
2

8.649967397527952e-05
0.0001966790863530262
 0.000541308941934487
0.0007947486561194285
  0.02273757686723726
   0.5691756158858021

  0.3929878998280851  -0.7970785676101196   0.4571958845603793 -0.00655904599532988 -0.01726752767654574  -0.0292745997399463
   0.572079978068164   -0.168473402582413  -0.7677128427795986  0.04839343968777067   0.1206612046320646   0.1950824211430275
 -0.0747283736658696 -0.07185612995472758 -0.07017288510636811  0.05178559613893038   0.7781943320184961  -0.6132372840914473
  0.1820932969660006   0.1596237305259709   0.1301315958038318  -0.9092213666849587   0.2511695737338268   0.1861677072439694
 -0.5606558066885382  -0.3740841168563832  -0.1155606455589981  0.03862505290428417   0.3857340313772961   0.6181336744311482
  0.4064575956701641   0.4070632683448433   0.4078923697983378   0.4083600342773891   0.4094867397935528   0.4102172905728831

 0.397985201807903
0.3980191365746947
0.3980951539644235
0.3980662327024667
0.3980227923038963
 0.397975743369442

0.0004195767100515487
     0.39822226958759

    1.670541767130038     3.487080735680418    -3.789497662058699   0.01060824179204795   -0.4859710941853793   -0.8928785093016172
    1.616790023608939    0.1393211774854286   -0.6885229997598963 -0.008252872116089605   -0.1096196676239053   0.05038101838951931

 -2.85898863711926e-08  1.177941156925012e-07  1.770714837106203e-08   4.40561123181937e-08  -0.001314263118614546  -0.002650405043331343
 1.571344581831283e-09  5.517120470575543e-08  -5.83522023084671e-08  1.366817693554144e-07 -0.0004603732573042856     0.1313451004669227

cov:
0.05368340386810752 0.05370905488589271 0.05374327995479646 0.05376006290086408 0.05380793033340257 0.05383678840290661
0.05370905488589271 0.05375285303784539 0.05381218362483066 0.05384392623968295  0.0539254780338318 0.05397689376500208
0.05374327995479646 0.05381218362483066 0.05390631632072344 0.05395878853809204  0.0540870131129596 0.05416968535234797
0.05376006290086408 0.05384392623968295 0.05395878853809204 0.05402433635441843  0.0541796674408143 0.05428097111558321
0.05380793033340257  0.0539254780338318  0.0540870131129596  0.0541796674408143 0.05439870533801389 0.05454163722014697
0.05383678840290661 0.05397689376500208 0.05416968535234797 0.05428097111558321 0.05454163722014697  0.0547132350073205

cov.inverse():
 29173621.79328213 -44291838.35555536  12715130.71283799  95821.15313636666  751049.1969834559  1556888.422358572
-44291838.36214494  85704810.78079545 -45311331.85613079  245464.8437329652  1186359.045070349  2465974.055394174
 12715130.72252867 -45311331.86819835  43216740.32635141 -1560958.236297576 -3584522.713608329 -5475421.342312805
 95821.15271825157  245464.8446304413 -1560958.236850064   1384266.63249877 -57906.29356285041 -106602.1679148382
 751049.1955651725  1186359.047508475 -3584522.714600645 -57906.29359611194  2583130.504888963 -878078.9938940399
 1556888.421093693  2465974.057536971  -5475421.34314518 -106602.1679547002  -878078.993899748  2437393.698674563

cov*(cov_.inverse()):
     1.000000000189175  1.455191522836685e-10   2.91038304567337e-10  6.366462912410498e-12                      0                      0
 4.511093720793724e-10     0.9999999998544808   2.91038304567337e-10 -1.637090463191271e-11 -2.182787284255028e-11 -5.820766091346741e-11
 4.802132025361061e-10  6.402842700481415e-10      1.000000000174623  5.456968210637569e-12                      0                      0
 3.346940502524376e-10  5.238689482212067e-10  8.149072527885437e-10      0.999999999996362 -7.275957614183426e-12  -2.91038304567337e-11
 7.275957614183426e-11  8.731149137020111e-11  4.074536263942719e-10 -6.366462912410498e-12      0.999999999992724  -2.91038304567337e-11
 5.820766091346741e-11   4.94765117764473e-10   2.91038304567337e-10  8.185452315956354e-12  7.275957614183426e-12     0.9999999999708962
