5
2

5.745059889150513e-05
0.0001665393650064629
0.0006353938481835616
   0.0168119269082868
   0.5581273228254034

 -0.2645087208234475   0.7975205668069999  -0.5421557092157058 0.001282266902353533 0.007850151883310058
 -0.6214241363782638   0.2673131730406118    0.692959164640358  -0.1205847897671782  -0.2182718828966095
 0.07938345631843793  0.07695451010573656  0.08083720512431183  -0.8089081947249864   0.5717596951620305
 -0.5827986903486604  -0.2960365230206172  -0.1408672341192057   0.3603018304640732   0.6504206922304924
  0.4448720408451147   0.4460325026845588   0.4466503685490999   0.4486733641964923   0.4498216695078247

0.4170822558285191
0.4170805854283996
0.4171472314840625
0.4170860379311485
0.4170457142783941

0.0004373615527095283
   0.4172903870080628

  5.785667751293134  0.5874500865476364  -5.150700800724536 -0.4826080775311171 -0.7396081187518494
  3.565120109464405 -0.6864028824691188  -2.373230398781495  0.2091193173132079  0.2847904171721366

 5.690848117933842e-09 -1.882652644184373e-07  2.246024845316854e-08  -0.000982222950503506  -0.004324921823897627
 -6.64278167084409e-10 -1.145710649451872e-07  1.292639687256978e-08 -0.0003616833753654948     0.1376206573810428

cov:
0.06174654046276878 0.06186010510794351 0.06192016322844093 0.06211794178104744 0.06222933109621948
0.06186010510794351 0.06199735715974174 0.06207022100684321 0.06230933368817843 0.06244464870714411
0.06192016322844093 0.06207022100684321 0.06215002001689789 0.06241148852484266 0.06255974933564251
0.06211794178104744 0.06230933368817843 0.06241148852484266 0.06274556184781524 0.06293514814372148
0.06222933109621948 0.06244464870714411 0.06255974933564251 0.06293514814372148 0.06314970464467171

cov.inverse():
 35137923.13141552 -69887062.78095767  27938613.48728197  2439203.428164414  4372456.654427066
-69887062.78113428  195297086.6461469 -124307370.9087715 -1006923.287516556 -98558.95824316448
 27938613.48737667 -124307370.9089385  106384753.0847574 -3385544.508436547 -6628769.908653624
 2439203.428481408 -1006923.287808681 -3385544.508581148  2145960.245876516 -192725.1601809725
 4372456.654192002 -98558.95796060935 -6628769.908581377 -192725.1603007108  2547657.158074035

cov*(cov_.inverse()):
     1.000000000465661 -6.066329660825431e-10 -4.656612873077393e-10  7.457856554538012e-11 -5.820766091346741e-11
-8.149072527885437e-10      0.999999999832653   2.91038304567337e-10  4.729372449219227e-11 -1.455191522836685e-10
-2.328306436538696e-10  -3.80168785341084e-10      1.000000000116415  2.000888343900442e-11 -1.164153218269348e-10
-5.820766091346741e-11  7.248672773130238e-10 -1.746229827404022e-10      1.000000000060027 -1.164153218269348e-10
 6.984919309616089e-10 -9.658833732828498e-10  7.566995918750763e-10  2.000888343900442e-11     0.9999999999417923
