5
2

7.820724096572402e-05
0.0001845675006337943
0.0005784748823597181
  0.02244933818780927
   0.5344074333947862

-0.3303293365280966  0.7903425137136585 -0.5144089726494392 0.01866890380394725 0.03572284051122993
-0.6253543777839056  0.2159354130883706  0.7158839075248319 -0.1154717833961661 -0.1909981616328977
0.06058748760096749 0.06080413512366815 0.06761251404185774 -0.7909863811611558  0.6019975965571488
-0.5459787422227991 -0.3553863585046366  -0.137148079026227  0.3990226036492409  0.6305387501383408
 0.4450289889461417  0.4457959193754549  0.4466683245643038  0.4488198367548245  0.4497369889524965

0.4010908191155255
0.4011733078010924
0.4012221672015031
0.4013440707642717
0.4013655937606436

-0.0001758059055003971
    0.4012537190072538

  1.773864171650285   4.156193610334334  -4.551696727044316 -0.4493017523059201 -0.9290518603119745
  1.325059758271391   0.229868227518959 -0.3238673225718197 -0.0980426455662585  -0.132834384887648

 3.057399964237155e-08 -1.104045746768057e-07 -5.068332449050714e-08  -0.001303462578295799  -0.002955340489409256
-5.872133039605228e-10 -3.318472609488099e-08  2.340622413510801e-08 -0.0004453139664134995     0.1267337197155551

cov:
0.05671183255799731 0.05675684337979997 0.05680766496918682 0.05693358178754936 0.05698647473685643
0.05675684337979997 0.05682036101479655 0.05689234159410446 0.05707021042480439 0.05714554021723415
0.05680766496918682 0.05689234159410446 0.05698856166565732 0.05722591753053629 0.05732694115436696
0.05693358178754936 0.05707021042480439 0.05722591753053629 0.05760974896292091 0.05777349733780345
0.05698647473685643 0.05714554021723415 0.05732694115436696 0.05777349733780345 0.05796514826602597

cov.inverse():
 29331789.30186612 -46636998.56869833  14652373.32221479  967880.4052667541  1685282.121617441
-46636998.57005411  103506193.5713772 -61920359.36584933  1536380.321054762  3514241.448143141
 14652373.32404655 -61920359.36816495  58321742.84854238 -4156703.340701239 -6896808.834205783
 967880.4049667194  1536380.321844288 -4156703.341255464  2318405.256417173 -665997.9132449743
 1685282.121441509  3514241.448313444 -6896808.834135426 -665997.9133097042  2363307.502891392

cov*(cov_.inverse()):
    0.9999999999417923 -4.656612873077393e-10 -4.656612873077393e-10  7.275957614183426e-12   2.91038304567337e-11
  2.91038304567337e-11      1.000000000174623 -5.820766091346741e-10 -1.455191522836685e-11                      0
 -2.91038304567337e-11 -5.529727786779404e-10      0.999999999825377  2.182787284255028e-11  5.820766091346741e-11
-1.600710675120354e-10  1.164153218269348e-10                      0     0.9999999999854481   2.91038304567337e-11
 -1.01863406598568e-10  4.074536263942719e-10  1.164153218269348e-10  7.275957614183426e-12                      1
