6
2

0.0001278200824856493
0.0005339880593798111
0.0006951538793495534
0.0008656324872881224
  0.01801546712231502
   0.5696838136305449

 -0.5525790331105349    0.819680860620303 -0.02634176401892421 -0.04745351170208821 -0.07269680644847612  -0.1206198529558474
  0.1861330706191278    0.143835740701181  -0.1053462972983309  -0.1467962948430108  -0.7130669807415038   0.6352591960459363
  0.3005180807909572   0.2137074072162545  -0.5186743908389697  -0.6030591949693355   0.4566922818037595    0.150819994066642
-0.09858502755571977 -0.06942170226019306   0.7356555695032087  -0.6629916899066224  0.03863477930621612  0.05676156797311289
  -0.628329274855757  -0.3016394820090688  -0.1076775711691669  0.07806665203375614    0.329754709709002   0.6227269989205713
  0.4064272259671071   0.4073793817551477   0.4079234844033198   0.4084926393038713   0.4092089934275104   0.4100477332193551

 0.397710549081923
0.3977835734349095
0.3977570006895421
  0.39771726925838
0.3977059589830724
0.3976577879644416

0.0004450778937016397
   0.3979184487357906

   5.627414767157786   -3.711660540920689 -0.05018421019709213  -0.3903139495355307  -0.5336633084933271   -0.941751454996653
   2.444274940362547    -1.10666553854122 -0.02375034295537773  -0.1236483711624428  -0.1652644941845136 -0.02487374151853222

-9.769675628199112e-08  1.022076927336555e-07  3.738275138243619e-07 -1.118926660326438e-07  -0.001039810998282621  -0.003042225317688621
-3.653595660399543e-08  1.193264203016358e-07  2.443766725521069e-07 -8.050192730215292e-08 -0.0004151335338108042     0.1312964899583735

cov:
0.05373666196997109 0.05379560216396596 0.05382764443677584 0.05386492744211716 0.05390816162766131 0.05395907365102342
0.05379560216396596 0.05388951088894139 0.05394231933044002 0.05399944557695339 0.05406956461716027 0.05415179541134763
0.05382764443677584 0.05394231933044002 0.05400820835572019  0.0540763173749266 0.05416249588866161 0.05426334194399405
0.05386492744211716 0.05399944557695339  0.0540763173749266 0.05415719880833886  0.0542579107143914 0.05437655096866863
0.05390816162766131 0.05406956461716027 0.05416249588866161  0.0542579107143914 0.05438035187124521 0.05452275438380885
0.05395907365102342 0.05415179541134763 0.05426334194399405 0.05437655096866863 0.05452275438380885 0.05469380671379993

cov.inverse():
 19011772.57157506 -27486539.36248991  403024.7647382495  1221181.355860643  2271553.265978836  4579373.663959116
-27486539.36220919   41297404.0635469  -1672147.67764271  -2660150.34648099 -3808832.431052068  -5670225.48630968
 403024.7645403061 -1672147.677359702  1360376.398150284  127097.1242145751 -71707.55129689563 -146580.1015532378
  1221181.35552965 -2660150.346017088  127097.1242184519  1552619.392639466 -25788.60548913966 -214990.2257169698
 2271553.266202076 -3808832.431421474 -71707.55125642446 -25788.60542921081  2540590.155264649  -905813.374887472
  4579373.66398408 -5670225.486406457 -146580.1015125176 -214990.2256401071 -905813.3749332427   2358346.04880356

cov*(cov_.inverse()):
    0.9999999999417923  1.164153218269348e-10 -3.637978807091713e-12                      0  7.275957614183426e-12                      0
 1.746229827404022e-10      1.000000000116415 -8.185452315956354e-12 -2.000888343900442e-11 -1.455191522836685e-11   2.91038304567337e-11
-5.820766091346741e-11                      0     0.9999999999909051 -2.182787284255028e-11 -2.182787284255028e-11 -1.455191522836685e-11
                     0  1.746229827404022e-10 -7.275957614183426e-12     0.9999999999909051  1.455191522836685e-11 -1.455191522836685e-11
 2.037268131971359e-10 -5.820766091346741e-11 -1.182343112304807e-11    1.2732925824821e-11       1.00000000003638 -1.455191522836685e-11
 -2.91038304567337e-11  1.164153218269348e-10 -4.547473508864641e-12  5.456968210637569e-12  1.455191522836685e-11                      1
