6
2

7.188628278308138e-05
8.680513261773565e-05
0.0002765437515415181
0.0006680500578298147
  0.01272794772732804
   0.5571828129913237

    0.2457542479656922    0.08593816171153158     -0.824857502721496     0.5017627119924978 -0.0006431231671415361  -0.007959234827691989
    0.5309050937856995    -0.8220849487099754      0.154878645959402     0.1353778590095322   0.001214039153543696 -0.0002914131506439249
   -0.4559766456247014    -0.1139589251996518     0.3082480548525984     0.7442356885619932    -0.1582825227093838    -0.3242555806261213
   0.07306457741510765    0.07290111897328673    0.07376803442848862    0.08038091818339818    -0.8328176883217082     0.5327840814876429
   -0.5277461568788144    -0.3637322936550919    -0.1694803660547748    0.05316161080665974     0.3379727569887074     0.6658884866431318
    0.4074008972386454     0.4076623336026364     0.4079712300247719     0.4083295325383887     0.4088200937554521     0.4093024920051653

0.3780673617923587
 0.378174437621375
0.3781552560100433
0.3781357463537397
0.3781209124328824
0.3780642328208303

0.0003995502183446752
   0.3782720354689304

  4.729523178561126   2.700013069433026   1.839631158767712  -8.773988533357002 -0.1023139950839129  -0.393046151940212
   2.41816667224994   0.381305274570538  -1.058386376068546   -0.40375369328754 -0.1309838805777473 -0.2063052985644508

-2.336994430364517e-08 -4.608531609554518e-09 -6.334890845542546e-07 -6.755082032018288e-08 -0.0007375233003029672  -0.002284689969721188
  6.71379004437975e-09  5.663947161015363e-09 -1.288770380130498e-07  4.155871634514434e-08 -0.0002330549503369163     0.1260317473551053

cov:
0.05157267768848304 0.05159170387159956 0.05161415313569303 0.05164042256656712 0.05167811864070341 0.05171114681964478
0.05159170387159956 0.05161513205167432 0.05164276956461488 0.05167499425906923 0.05172027592442108 0.05176205167377134
0.05161415313569303 0.05164276956461488 0.05167657471381807 0.05171584776810423 0.05177011106417587 0.05182224742718776
0.05164042256656712 0.05167499425906923 0.05171584776810423 0.05176321461584341 0.05182776887780217 0.05189178465949534
0.05167811864070341 0.05172027592442108 0.05177011106417587 0.05182776887780217 0.05190597482948096 0.05198464889860822
0.05171114681964478 0.05176205167377134 0.05182224742718776 0.05189178465949534 0.05198464889860822 0.05208164931706914

cov.inverse():
 51825692.30542491 -53142408.28887844 -30140163.06852697  28976008.55990716   861238.191024203  1619325.189582828
 -53142408.2717527   91301397.8847864 -31061635.12250513 -7521403.175471928 -44085.70742218104   468144.852593106
-30140163.10090505 -31061635.07857852  136101835.5689316 -74295731.99626219 -648379.6563571834  44877.14635661183
 28976008.57527658 -7521403.201634767 -74295731.98626903  58409016.25577628 -1730857.085961107 -3837391.195472605
  861238.191015074 -44085.70809736878 -648379.6549652753 -1730857.086706503  1882687.407566622 -320779.7334148723
 1619325.189474688  468144.8526306137  44877.14651986423 -3837391.195527408 -320779.7334526843   2025872.17394764

cov*(cov_.inverse()):
     1.000000000145519 -2.146407496184111e-10  5.375113687478006e-10  3.201421350240707e-10  2.182787284255028e-11                      0
                     0      1.000000000432919 -8.562892617192119e-10  4.365574568510056e-10 -3.637978807091713e-12  1.455191522836685e-11
 1.600710675120354e-10  1.309672370553017e-10     0.9999999999095053  4.074536263942719e-10 -7.275957614183426e-12 -1.455191522836685e-11
 2.764863893389702e-10  7.275957614183426e-12 -8.640199666842818e-12      1.000000000407454  2.182787284255028e-11                      0
 -2.91038304567337e-10 -2.073647920042276e-10  4.934008757118136e-10  3.201421350240707e-10     0.9999999999890861  -2.91038304567337e-11
-1.455191522836685e-11  4.365574568510056e-11 -4.147295840084553e-10  5.820766091346741e-11  1.818989403545856e-11     0.9999999999854481
