5
2

9.825627186817835e-05
0.0002472802787991094
0.0007542019901163476
  0.01763061033691037
   0.5177740720959508

 -0.4439094282098587   0.8013823368041149   -0.399491760073397 0.009717389620892476  0.03229049050708027
 -0.4906243433115384   0.1356687269696328   0.7881177727131466  -0.1027141164000652  -0.3304571634847471
  0.1364367415259305   0.1366199950261524   0.1378821362068315  -0.8609514660682756   0.4499678678647724
 -0.5873181412807834  -0.3485609384585948  0.01504491218638541   0.2182630463958617   0.6969200573226829
    0.44572927857702   0.4463413446239694   0.4472570593064734   0.4477490349336281   0.4489841187781666

0.3976704950153457
0.3977138685128933
0.3977956665857533
0.3977839035979551
0.3977404082389838

0.0002946623849624768
   0.3978919636378409

   2.096562389268965    3.851064269585035   -4.956466710779545  -0.1326656649027449  -0.8584678622359598
   1.154482255315463   0.8054895222211893  -0.8803939154077628  -0.0339560822114085 -0.04576628435485483

 3.964583695925881e-08 -2.516295456263186e-07 -8.150741947366642e-08  -0.001018147763551172  -0.002215935366243988
 4.662270005678285e-09 -6.924224019838564e-08  8.805932788931372e-08 -0.0003143704171298874     0.1191915461137049

cov:
0.05336991735766466 0.05339944465547011 0.05344247389930315 0.05346411054074163 0.05352442192367696
0.05339944465547011 0.05344683068734368 0.05351700571494734  0.0535537756000108 0.05364980482056042
0.05344247389930315 0.05351700571494734 0.05362854120168297   0.053688359117965 0.05383878223024013
0.05346411054074163  0.0535537756000108   0.053688359117965  0.0537616964433091 0.05394178594997538
0.05352442192367696 0.05364980482056042 0.05383878223024013 0.05394178594997538 0.05419448208814759

cov.inverse():
 24381600.22706239 -37903095.26444642   12078326.0864326  170409.4622926979  1273340.827957242
-37903095.26479501  66855245.37372321 -31379248.59053206  371698.4063217619  2054468.441946892
 12078326.08690927 -31379248.59106284  26722155.12812632 -1934646.648597415 -5486256.959812391
 170409.4623736901  371698.4061448937 -1934646.648478761  1485584.274089888 -92973.75000580703
 1273340.827748185  2054468.442305938 -5486256.959985158 -92973.74998303136  2251389.744681471

cov*(cov_.inverse()):
    0.9999999997380655 -3.201421350240707e-10 -1.746229827404022e-10 -9.094947017729282e-12                      0
 -2.91038304567337e-11     0.9999999996653059 -1.164153218269348e-10 -1.818989403545856e-12  1.455191522836685e-11
-1.746229827404022e-10 -5.529727786779404e-10     0.9999999997089617   -1.2732925824821e-11   2.91038304567337e-11
 -1.01863406598568e-10 -6.402842700481415e-10 -5.820766091346741e-11     0.9999999999872671                      0
                     0 -1.164153218269348e-10 -5.820766091346741e-11  1.818989403545856e-12     0.9999999999854481
