6
2

5.508613451256108e-05
8.302882008847218e-05
0.0002245853347055582
0.0003835861736248156
  0.02217824825605971
   0.6268554636539682

 -0.02558095715165051    0.2834439116316235   -0.7931104137058717    0.5384334132787275  0.004127928452256927 -0.007311288065939953
   0.3924904012809459    -0.796286546293414   0.01296576712281886    0.4561546209102534 -0.005279544362501561  -0.06004996428718989
  -0.6280220685117215   0.04352521647740126     0.418622823871118    0.5598073860111128  -0.06009851565074245   -0.3338452145995311
   0.1283703248298417    0.1295687893082902    0.1348114253913824    0.1481371915526229   -0.8951529837866042    0.3539991189551882
  -0.5180961739531624   -0.3172586821544293   -0.1041492001357656 -0.001855547968907212     0.168022104002021    0.7693122621876498
    0.407409616030306    0.4077397431162249    0.4080949835313014    0.4082646706185625    0.4084274271143755    0.4095499805537643

0.4231451808068074
0.4230773045351311
 0.422939324251874
0.4229471757354776
0.4228253645594243
0.4223220305600155

0.002046964489126137
  0.4236028868544479

 -0.130829957566698   6.092364632822044  -3.176273219175394 -0.9800099907918085 -0.4269346336913304  -1.378841512442567
   8.83705358589326  -6.875792129727278 -0.6699899939964291  -3.212298925693461   1.253602758039282   1.674131719891005

 1.131854101925314e-08 -3.657692704393844e-08 -5.270648886692413e-08  1.372431632481933e-08  -0.001310817752727428  -0.001808795249686194
 -1.02573389037458e-08  5.075492335765163e-08 -4.318609752317457e-07 -1.253885033448394e-07 -0.0004046832024707528     0.1609221469172774

cov:
0.06535454522103389 0.06535618990282993 0.06535874260136762 0.06535983645094622 0.06534259962734337 0.06536911029208932
0.06535618990282993 0.06537775029763801  0.0654014065644926 0.06541263009825446 0.06541217817025409 0.06549822542055223
0.06535874260136762  0.0654014065644926  0.0654474663615623 0.06546943713014085 0.06548680167221942 0.06563603027251065
0.06535983645094622 0.06541263009825446 0.06546943713014085 0.06549657395140694 0.06552248682306819 0.06570204487004232
0.06534259962734337 0.06541217817025409 0.06548680167221942 0.06552248682306819 0.06556278669890632 0.06579247645051203
0.06536911029208932 0.06549822542055223 0.06563603027251065 0.06570204487004232 0.06579247645051203 0.06620073198318392

cov.inverse():
 30493865.27468238 -48153760.90396617  2329542.558174185  14590597.79751177 -368233.4545460821  1107570.804887516
-48153760.90789454  118605074.2035245 -75100217.62575099 -1782119.522907681  155175.9694538906  6276460.277911137
 2329542.572204665 -75100217.62580696  210914430.1868706 -135088308.0154283  -2407821.00238618 -648640.6459418101
 14590597.78869715 -1782119.533504776 -135088307.9894435  132084328.0572536   -1185140.3080344 -8619626.584684078
-368233.4565226692  155175.9747148671 -2407821.005776077  -1185140.30830768  5527212.176024915  -1719553.19703182
 1107570.805576008  6276460.279376377 -648640.6545631011 -8619626.577837816  -1719553.19741063  3603253.582723164

cov*(cov_.inverse()):
    0.9999999997962732 -1.164153218269348e-10  8.003553375601768e-11 -1.164153218269348e-10   2.91038304567337e-11                      0
-2.473825588822365e-10        1.0000000007567  1.673470251262188e-10 -1.047737896442413e-09  1.455191522836685e-11  5.820766091346741e-11
-1.600710675120354e-10 -5.238689482212067e-10      1.000000000844011  2.328306436538696e-10  -2.91038304567337e-11  1.455191522836685e-10
-4.074536263942719e-10  5.238689482212067e-10  1.935404725372791e-09     0.9999999980209395  4.365574568510056e-11  8.731149137020111e-11
-2.764863893389702e-10  1.164153218269348e-09   2.91038304567337e-10  4.656612873077393e-10       1.00000000007276  5.820766091346741e-11
-5.820766091346741e-11  4.656612873077393e-10 -5.820766091346741e-10  2.328306436538696e-10                      0      1.000000000087311
