5
2

8.676833331214447e-05
0.0002106659832232429
0.0007761947607996951
  0.02059455348814459
   0.5193074314236771

 -0.4057407540963918   0.8017036174697285  -0.4374692425747733 0.006517365804527351  0.03498479591575124
 -0.5645796628362005   0.1422439477995546   0.7610438803924764 -0.05878924995019431  -0.2799508882529499
  0.1829412118117794   0.1750441870684063   0.1666168289485128  -0.8830043994166198   0.3583770479766174
 -0.5334023977551352  -0.3274515513029509 -0.04202980325563474     0.12839493876348   0.7681182193885122
  0.4456889496801149   0.4462880047381967   0.4471075954036691   0.4475704618762058   0.4494038904461156

0.3978481895319353
0.3978764637635576
0.3979438961543013
0.3979105060173396
 0.397800987824598

0.0004983497020449184
    0.398095375779221

   1.791255234870842    3.780698851958106    -4.51833986537884 -0.01048659526085898   -1.043244332664782
   1.614513832418397   0.2417239192769304  -0.8551473912398835 -0.01193527451596299  0.01094296233962438

 3.195412161259299e-08 -1.606342415256601e-07 -7.709481983976892e-08  -0.001190222991267095  -0.002182363650966804
-6.540775775380506e-10 -6.791514988695757e-08  1.263108685716227e-07 -0.0003806717767178137     0.1199220691212237

cov:
0.05368961960327579 0.05371500656933144 0.05374893100370422  0.0537659120028686  0.0538416926831241
0.05371500656933144 0.05375851353238718 0.05381751046234991 0.05384943633920897 0.05398138115842836
0.05374893100370422 0.05381751046234991 0.05391126959452825  0.0539639076490246 0.05417368838679382
 0.0537659120028686 0.05384943633920897  0.0539639076490246 0.05402961739434103 0.05428509136573927
 0.0538416926831241 0.05398138115842836 0.05417368838679382 0.05428509136573927 0.05471597822790782

cov.inverse():
 29104762.01407447 -44961576.46573944  13945260.76231268  128365.7105027465  1783826.087584726
 -44961576.4637834  85876999.74778464 -44096540.22046345  248932.7429886467  2931633.934392915
 13945260.75959804 -44096540.21718007  38516509.73579373 -1631045.773322132 -6734490.330872043
 128365.7105910718   248932.742809883 -1631045.773222314  1377707.185738474 -123882.5590360575
 1783826.088255079  2931633.933244183 -6734490.330403032 -123882.5590266783   2143072.19983687

cov*(cov_.inverse()):
    0.9999999997817213 -2.619344741106033e-10 -1.164153218269348e-10  1.818989403545856e-12  7.275957614183426e-11
-2.619344741106033e-10      1.000000000029104  1.164153218269348e-10 -6.366462912410498e-12   2.91038304567337e-11
  1.01863406598568e-10 -6.111804395914078e-10      1.000000000058208  3.637978807091713e-12 -1.455191522836685e-11
-2.473825588822365e-10  -1.01863406598568e-09  2.328306436538696e-10      1.000000000002728                      0
-4.365574568510056e-11  -2.91038304567337e-10  5.820766091346741e-11 -1.818989403545856e-12      1.000000000043656
