6
2

8.885203276121621e-05
0.0001779670222917181
0.0007097569102527563
0.0007841260318179475
  0.01515321167341507
    0.567980206126199

   0.2645217096212187   -0.7791480572314682    0.5672015401030065 -0.004832996452023054  -0.01770975158238608  -0.03003314503109141
   0.6333109496635899   -0.2909879982912057   -0.6812835335520649   0.04793806701473075   0.09330413729852213     0.197717607944664
  -0.1245510442565553    -0.126490292666932   -0.1238791128330723     0.288746417427246    0.7011455499593466   -0.6149484798212465
   0.1290931685455433    0.1060972245329046   0.09607010291776891   -0.8605027889130491     0.467523683118908   0.06168811962161447
  -0.5754595727646754   -0.3390446493335831   -0.1522168718267295   0.08383514500044907    0.3369130275640724    0.6404578909837976
   0.4069567268128637    0.4074881597404049    0.4079089168870105     0.408424667514995    0.4090071368749147    0.4096979260965995

0.3978939123368161
 0.397989730941308
0.3979731025493718
0.3979655688720865
0.3979195296751409
0.3979129180130557

0.000310455445754738
    0.39807555750649

   4.485145207806469    4.356534716055051   -7.132498968265406  -0.1678879551759381  -0.5520883036562406   -0.989270137882525
   2.194973043187397   0.3251368152324404   -1.144057507073517 -0.07092337700028981  -0.1775407859434001  -0.1277581075845046

-4.905150186657431e-08  1.956360686672827e-07 -2.687147447430381e-08  1.114885935013189e-07 -0.0008739466822837199  -0.002772167719869972
-2.481290588707918e-09  6.428492992906853e-08 -1.204901835703421e-07  1.094971318939612e-07 -0.0003092507518307567     0.1307028591941732

cov:
0.05350332622719708 0.05354183375854708  0.0535723799751413 0.05360881065099222 0.05365191954171871 0.05370255265244542
0.05354183375854708 0.05359330229901952 0.05363406317172094 0.05368339297027638 0.05374031979100248 0.05380755350091336
 0.0535723799751413 0.05363406317172094 0.05368291514929996  0.0537424327807997 0.05381028720089252 0.05389063590636327
0.05360881065099222 0.05368339297027638  0.0537424327807997 0.05381549857311976 0.05389647303554843 0.05399335707633827
0.05365191954171871 0.05374031979100248 0.05381028720089252 0.05389647303554843 0.05399343386375038 0.05410748256886409
0.05370255265244542 0.05380755350091336 0.05389063590636327 0.05399335707633827 0.05410748256886409 0.05424381643824253

cov.inverse():
   21586021.611125 -31870501.30575174   5433228.53135563  544352.3835038946  1196260.118662012  3110604.606120221
-31870501.31227933  79620279.17862986 -49671499.02614202 -184559.6212969496  794718.3823488505  1311638.805084617
 5433228.539778634 -49671499.03700794  55451436.73911331 -1583912.912575113 -3378978.487713485 -6250312.289754511
 544352.3833403126 -184559.6208603136 -1583912.912866746  1445348.154734991 -100235.3007398764 -120936.4757310654
 1196260.118031304  794718.3837727902 -3378978.488500082 -100235.3007477304  1646467.522569539 -158229.0374221099
 3110604.605019073  1311638.807562392 -6250312.291119191 -120936.4757417908 -158229.0374233299  2107188.796730295

cov*(cov_.inverse()):
    0.9999999999126885 -5.966285243630409e-10 -2.328306436538696e-10 -6.366462912410498e-12 -5.456968210637569e-12 -4.365574568510056e-11
-2.328306436538696e-10     0.9999999991268851 -1.746229827404022e-10 -1.182343112304807e-11 -1.091393642127514e-11  -2.91038304567337e-11
-2.328306436538696e-10 -4.220055416226387e-10      1.000000000174623  4.547473508864641e-12 -2.364686224609613e-11 -8.731149137020111e-11
-2.037268131971359e-10 -1.455191522836685e-10 -1.746229827404022e-10      1.000000000012733 -5.456968210637569e-12                      0
-3.492459654808044e-10 -1.367880031466484e-09  -2.91038304567337e-10  5.456968210637569e-12     0.9999999999781721 -4.365574568510056e-11
-3.783497959375381e-10 -2.328306436538696e-10  -2.91038304567337e-10  3.637978807091713e-12 -5.456968210637569e-12     0.9999999999417923
