5
2

0.0001935719528161993
0.0005389394749741713
0.0007798753257717034
  0.02073294492600074
   0.5196421558105655

  0.4776340668285595  -0.8462250688216929  0.05057434148492465   0.1227247483674273   0.1953194901284816
  0.1232125700033269  0.09585093450360437 -0.06282396806053579   -0.770745808800116   0.6145203887603282
  0.2728310204754019   0.1787061268246376   -0.889977804987233   0.2714782092997198   0.1669324504319407
 -0.6959864517069183  -0.2083534618623852 -0.03957125498584703   0.3407695508017879   0.5954006407416488
  0.4448038377810497   0.4465072075765442    0.447067117365444   0.4484029766593572   0.4492734385327348

0.3981268995954955
0.3982453151968902
0.3982200733649219
0.3981824810431762
0.3981394175868917

0.0003723323552864852
    0.398358554576118

    3.450668385354679    -1.906896846532578 -0.001800601685545655   -0.5385125355955402    -1.003546983754236
    1.687235818191516   -0.6046892607739711 -0.008764959636892777   -0.1348193733092668   0.06114875438793899

 1.123963835271902e-07   1.18672070630267e-08  1.755030237085762e-07  -0.001197257877314224  -0.002623392806563223
 4.918097270916936e-08  8.480375860701768e-08  2.029438315940705e-07 -0.0004545680825810068     0.1197820937989987

cov:
0.05363343527054005 0.05369209908415616 0.05370868747008124 0.05375551771824943 0.05378392315253003
0.05369209908415616 0.05385383112492154  0.0539060736884067 0.05403317773168236 0.05411534851610238
0.05370868747008124  0.0539060736884067 0.05397137844212923 0.05412555902350303 0.05422634192536907
0.05375551771824943 0.05403317773168236 0.05412555902350303 0.05434337014073371 0.05448573853452711
0.05378392315253003 0.05411534851610238 0.05422634192536907 0.05448573853452711 0.05465674625381439

cov.inverse():
   6264218.1866952 -10665728.62910751  218859.9318289195  1358657.188716579  2824353.609012532
 -10665728.6290816  19195395.05276923  -1424381.38482497 -2946361.555552407 -4159543.010979794
 218859.9317786926 -1424381.384734334  1384145.182590707  -64927.7910363917 -113613.4589470857
 1358657.188759889  -2946361.55564679 -64927.79100500333  2568635.514779735 -915966.3038379599
 2824353.608993533  -4159543.01095013 -113613.4589380631 -915966.3038576476  2364927.550818279

cov*(cov_.inverse()):
    0.9999999999126885 -8.731149137020111e-11  1.546140993013978e-11   2.91038304567337e-11 -4.365574568510056e-11
-1.164153218269348e-10     0.9999999998544808 -1.000444171950221e-11  2.182787284255028e-11                      0
 -2.91038304567337e-11 -1.164153218269348e-10                      1  7.275957614183426e-12  1.455191522836685e-11
-5.820766091346741e-11 -8.731149137020111e-11  2.728484105318785e-12      1.000000000007276  -2.91038304567337e-11
 -2.91038304567337e-11 -1.455191522836685e-10  1.818989403545856e-12                      0     0.9999999999708962
