6
2

7.162542138826041e-05
8.385936043286769e-05
0.0001123252295736409
 0.000493202558073406
  0.01204410220218297
   0.5554786908459012

  0.03084370876981219   -0.3159084913599365  -0.06202509222185635    0.8188549172865578   -0.4742088170826171  0.002449670919170402
   0.1396739272807391   -0.6539430176232424     0.715670050609121   -0.2016181210964361  0.002956539409180936 -0.002737612314719809
  -0.5380624491245464    0.4699211559098441    0.5300297454273007  -0.02242907473026573   -0.4560199199038297   0.01655736362985005
   0.3566234690559847   0.01066421778242926     -0.15014730640424   -0.3374865357742147   -0.5436056862364795    0.6638956681735476
   -0.629916406181853   -0.2919576168473348   -0.1180903330186787    0.0876425660921543    0.3235433555065511    0.6258268308019764
   0.4074968503569164    0.4078988679081696    0.4081031673307232    0.4083446008799603    0.4086265340450367    0.4090179432856026

0.3783036241188811
0.3783288950583981
0.3784324817984474
0.3784087811796081
  0.37838481861978
0.3783647269427085

0.0004933251431208849
   0.3785522768862687

  1.427967082320275   3.081494221239074   2.358106450896277   1.978464300086939  -8.674017651936333 -0.1721644901249698
  1.726599362604964  0.2978737093694769 -0.2761830992758604 -0.7164208877709584   0.105938124903072 -0.1377341097519356

   2.3892684807369e-08  -3.88268019673979e-09  7.365640250560835e-08  1.002497713995745e-06 -0.0006989595176848822  -0.001782258500792632
-3.390728297824677e-09 -4.327583082458793e-11 -1.223779407935237e-08  1.832011886040606e-07 -0.0001822939639894008     0.1255151865371893

cov:
0.05129454979690257 0.05131417882307405 0.05132396632461716 0.05133551087668519 0.05134938938467825 0.05137108372975219
0.05131417882307405 0.05135047293592997 0.05136881572735232  0.0513904884593011 0.05141597983301262 0.05145244558520426
0.05132396632461716 0.05136881572735232 0.05139157640730208 0.05141845242264619 0.05144991930355115 0.05149398738900933
0.05133551087668519  0.0513904884593011 0.05141845242264619 0.05145150853978321 0.05149004182705507 0.05154310419798869
0.05134938938467825 0.05141597983301262 0.05144991930355115 0.05149004182705507 0.05153669371142456 0.05160006793343232
0.05137108372975219 0.05145244558520426 0.05149398738900933 0.05154310419798869 0.05160006793343232 0.05167710301870442

cov.inverse():
 26431347.49631859 -34910938.31606822 -8981869.758256068  1380011.308428563  15856728.53447101  224860.5252520955
-34910938.32388178  97766679.10410489 -42996129.95818309 -32525457.13776412   11916953.6319049  748253.6757582353
-8981869.730387257 -42996130.03361327  95940918.78648774 -31152296.75880929  -12787649.1831443 -22957.84222876599
 1380011.276475482 -32525457.02889068 -31152296.84060477  136989724.2083391 -74210343.56523433 -480662.5064851267
 15856728.54649837  11916953.59124139 -12787649.15076189 -74210343.56871447  61532288.19590695 -2308284.807815797
 224860.5251224162  748253.6751656337 -22957.84037804371 -480662.5078795378 -2308284.807549832   1838626.11157846

cov*(cov_.inverse()):
     1.000000000025466  -4.94765117764473e-10   4.49745130026713e-10  7.457856554538012e-10  9.313225746154785e-10 -1.455191522836685e-11
-1.036823960021138e-10     0.9999999991923687  1.052285369951278e-09  -2.91038304567337e-11  9.458744898438454e-10                      0
 1.746229827404022e-10  1.236912794411182e-10     0.9999999998453859  1.182343112304807e-09  8.440110832452774e-10 -1.455191522836685e-11
  -1.2732925824821e-11  2.692104317247868e-10 -1.512034941697493e-10      1.000000000178261  1.455191522836685e-09                      0
 1.382431946694851e-10 -1.236912794411182e-10 -2.319211489520967e-11  4.147295840084553e-10      1.000000000349246  -2.91038304567337e-11
 1.091393642127514e-11  6.548361852765083e-11  5.070432962384075e-11  2.364686224609613e-10  4.365574568510056e-11     0.9999999999854481
