5
2

7.780478395974868e-05
0.0001979103778102181
0.0007340634944485531
  0.01903334942600812
   0.5199896574023994

 -0.3700160421341561     0.80000545638918  -0.4710948433695267 0.008215381896200358   0.0328869938099425
 -0.5827053052977845   0.1799667171355717   0.7435909596412262 -0.07809554157954857  -0.2627547887793829
  0.1251730000465144   0.1300502382241801   0.1398354992653134  -0.8570187884445415   0.4619345029281321
 -0.5561003215332215  -0.3339361671203734 -0.07599144057821033   0.2424010369222272   0.7174302104995851
  0.4456756760147373   0.4462923058912998   0.4470049970576951   0.4478773575855071   0.4492090545377592

0.3990603934618873
0.3991051588266609
0.3991147074538381
0.3991654182357052
0.3991240431441892

0.0003028810890113975
   0.3992832452660224

    2.22341814241869    4.928778706593655   -6.208145034695413  -0.1281401321185265  -0.8159243475219612
    1.03271220067702    1.025952741047665  -0.8864919182932349 -0.05001867703336607  -0.1221763993333927

 3.642495355023254e-08 -1.880287331660354e-07 -1.163393791788248e-07  -0.001096588303827043  -0.002266976836619209
 5.156688634741714e-09 -4.074733157643547e-08  6.744209518309635e-08 -0.0003439036051269836     0.1202091707849576

cov:
0.05381860565599426 0.05384813685068051 0.05388204607333998 0.05392297854054787 0.05398785079202351
0.05384813685068051 0.05389568238797565 0.05395047847591072 0.05401715781876749 0.05412048202601658
0.05388204607333998 0.05395047847591072 0.05402953787935159 0.05412611050081607 0.05427408322559469
0.05392297854054787 0.05401715781876749 0.05412611050081607 0.05426017670488062 0.05446255262157375
0.05398785079202351 0.05412048202601658 0.05427408322559469 0.05446255262157375 0.05474809363895106

cov.inverse():
 31315429.88438597 -51545723.26035794  17765236.02730523  460211.1827029003  2005009.698502708
-51545723.25863311  106582514.2209972 -58806692.10094776  519809.2483744246  3249700.985173542
 17765236.02500393  -58806692.0982416  50813918.59684721 -2344378.029111429 -7427809.759750864
 460211.1827296973  519809.2484784392 -2344378.029292323  1530076.865781485 -165687.2905693638
 2005009.699052386  3249700.984088189 -7427809.759165104 -165687.2906194457  2338725.627836832

cov*(cov_.inverse()):
     1.000000000291038 -3.492459654808044e-10  3.492459654808044e-10  1.091393642127514e-11 -1.455191522836685e-11
 1.309672370553017e-10                      1 -5.820766091346741e-10  2.364686224609613e-11                      0
 -1.01863406598568e-10  4.074536263942719e-10      0.999999999825377  1.818989403545856e-12 -1.455191522836685e-11
 5.820766091346741e-11  5.529727786779404e-10 -1.164153218269348e-10      1.000000000010914                      0
-1.164153218269348e-10   2.91038304567337e-10 -1.746229827404022e-10  1.818989403545856e-12     0.9999999999708962
