5
2

8.872059600362768e-05
0.0002229713140371177
0.0005945932560692586
  0.02202598896215472
   0.5266160646752142

 -0.5358807555855646   0.7900736650143252  -0.2959681541962236  0.01236184445204359  0.02941863605438688
  0.3828510657050721 -0.06929804363133162  -0.8369205695299029   0.1867894459397982   0.3365954631610571
  0.1533986186524779   0.1252024443388978  0.07038996544148333  -0.8434588003308466   0.4943841791933399
 -0.5877881361570126  -0.3964507250059226   0.0813127779800295   0.2290635844563163   0.6620045589333495
  0.4441067980453711   0.4451208325539774   0.4476609173266533   0.4484016214374337   0.4507463647628036

0.4076535191052437
0.4076193778258949
0.4074326071566863
0.4074804890813854
0.4071996209098264

0.001337161057912229
  0.4080121441766112

 0.9737049211682154    3.53999447450955  -3.858387044290883 -0.2537902128698321 -0.4015890184179698
  0.140951612169437     1.9817919958675 -0.8589124592544158 -0.4372664179335006  0.1737997071743795

2.677890202634033e-08 1.578019443583157e-07 1.189706776196971e-07 -0.001267919295741009 -0.003857459900052108
1.372877873701847e-08 3.044094076108274e-08  2.34761287000512e-07 -0.000448020341025462    0.1227165115930737

cov:
0.05486457500369295 0.05493488731709886 0.05511147544387817 0.05516053752024995   0.055325937083501
0.05493488731709886 0.05502327020904139  0.0552449281030231 0.05530790294415627 0.05551413364225321
0.05511147544387817  0.0552449281030231 0.05557915296975215 0.05567687188907144 0.05598507137306904
0.05516053752024995 0.05530790294415627 0.05567687188907144 0.05578568190314102 0.05612497186658835
  0.055325937083501 0.05551413364225321 0.05598507137306904 0.05612497186658835 0.05655735480683363

cov.inverse():
 39498241.67657957 -54267019.90611093  13735043.52180235  230574.4907342864  802919.1428147022
-54267019.90675832  79443645.63170891 -28515910.95989792  681552.3692340592  2658217.870451896
 13735043.52356444 -28515910.96223978   25231328.9388441 -3777113.323859581 -6673852.330341474
 230574.4899526021  681552.3705075976 -3777113.324498492  2733589.318600633  131668.0452198268
 802919.1424816038  2658217.870872951 -6673852.330282379  131668.0450727631  3081054.943604739

cov*(cov_.inverse()):
     1.000000000363798  -2.91038304567337e-11 -1.746229827404022e-10 -2.091837814077735e-11   2.91038304567337e-11
 1.455191522836685e-11      1.000000000203727 -5.820766091346741e-11  4.547473508864641e-12                      0
 5.820766091346741e-11  5.529727786779404e-10      0.999999999825377                      0   2.91038304567337e-11
-1.964508555829525e-10  8.731149137020111e-10  -2.91038304567337e-10      1.000000000009095   2.91038304567337e-11
 1.455191522836685e-11  2.328306436538696e-10 -5.820766091346741e-11 -3.637978807091713e-12                      1
