5
2

8.163142792369883e-05
0.0001347984450250154
0.0005433635502982716
  0.01112477101310043
   0.5170164236305391

 0.09200707421750706   0.1774410811807078   -0.812434896105639   0.5477012481491006 -0.00471628763890206
 -0.5373649192219828   0.8085181582084474 -0.04327981863547223  -0.2357993682620806 0.007927588716403791
  0.3072255259352842 0.005316674337509225   -0.367377608808506  -0.5927076054275456   0.6475458255616091
 -0.6397174978948962    -0.33946657378961  0.05510202676937106   0.3044855569571159   0.6162599130375591
  0.4462596116436798   0.4467070950971944   0.4472961614867183   0.4476697898853358   0.4481328300278003

0.4013500622058525
0.4015167826071689
0.4014936600965329
0.4014785935228531
0.4014634961949855

0.0002819942097153587
   0.4015702635001475

   1.429068723238785    4.129896878863432    4.414677145619599   -9.759268719013342  -0.2143998147804745
   1.089503378643672    0.705954312890809   0.4983137333937098   -1.261820494708876 -0.03188131079018808

-5.375260531427184e-08   8.50317551965228e-08  1.324083267078533e-06 -0.0006406571432619031  -0.002071979536492732
-5.799345789833178e-09  4.743127863411071e-09  2.605980342140899e-07 -0.0001624997369256883     0.1190270763331881

cov:
0.05328403653836883 0.05331360401029567 0.05335260768894304  0.0533774151601668 0.05340807628047389
0.05331360401029567  0.0533544419702593 0.05340818979501242 0.05344232500499894 0.05348452189552862
0.05335260768894304 0.05340818979501242 0.05348135867920073 0.05352774942474663 0.05358510719670265
 0.0533774151601668 0.05344232500499894 0.05352774942474663 0.05358190241027103 0.05364884061047931
0.05340807628047389 0.05348452189552862 0.05358510719670265 0.05364884061047931 0.05372832331396573

cov.inverse():
 17485008.29598492 -21453279.62980985 -10320116.48861905  13917262.49333452  371076.1310059869
-21453279.62890706  40701682.34759337 -23566098.81406548  4080603.758310322  237130.8824122318
-10320116.49102424 -23566098.81056117  99612041.80068564 -65476262.11588283 -249352.4926744189
 13917262.49489564  4080603.755638364 -65476262.11482407  49267177.82081793 -1788959.675355255
 371076.1309472912  237130.8824826531 -249352.4926340459 -1788959.675407353  1430100.431374272

cov*(cov_.inverse()):
    0.9999999999308784 -2.746673999354243e-10 -1.837179297581315e-10  1.600710675120354e-10 -1.455191522836685e-11
 1.491571310907602e-10      1.000000000400178 -8.712959242984653e-10 -2.328306436538696e-10 -1.455191522836685e-11
 1.091393642127514e-11 -2.546585164964199e-11     0.9999999991014192 -1.746229827404022e-10                      0
-1.709850039333105e-10 -5.093170329928398e-11 -7.185008144006133e-10      1.000000000101863                      0
 3.274180926382542e-11   1.01863406598568e-10  7.639755494892597e-11 -3.637978807091713e-10                      1
