6
2

8.515274788125106e-05
0.0002535117176825811
0.0007123517502757677
0.0007843879137904719
   0.0178048371540986
   0.5663399688036388

 -0.1530748288562772   0.7473337892710765  -0.6456619533759823 0.005330000855812936  0.01628004305640691  0.02979089518670516
  0.5608769417289655  -0.4384224961979771  -0.6232992670646891  0.08008515978209607   0.1405018588157264   0.2802612880740415
  0.1180538313473113   0.1180735266019635   0.1187396610531276   -0.331865638408845  -0.6625210153520005   0.6394950589124424
  0.1133431914213105   0.0816649299971752  0.07610635255580568   -0.839218463604915   0.5175430344069336  0.05053277302018008
 -0.6855303350650458  -0.2500303777472662 -0.09080746429118002   0.1106743517639767   0.3253715041408398   0.5840989184144436
   0.406509442172802      0.4076177301948   0.4080213058922025   0.4085177040512099   0.4090754012579496   0.4097402530330577

0.3982207663262665
0.3983528409698062
0.3983342090055416
0.3983202522529174
0.3982742491597471
0.3982663819966307

0.0003538601855495647
   0.3984503679650466

   3.010102826090558     3.82063478935599   -5.294896417547914  -0.1529222497533672  -0.4736340273469682  -0.9092758722839119
   1.492959760181631   0.1055014855567016  -0.3490253753950308  -0.0528118447005593  -0.1310081965337102 -0.06566212841824495

 4.189345062512775e-08  1.915141956891718e-07 -1.988144297003974e-08   5.38185505496561e-08  -0.001027155777741838  -0.002638816557627089
 5.169392877460802e-10  6.218724145097993e-08  1.063578928328348e-07  7.658180794387517e-08 -0.0003502915673939558     0.1300365656908943

cov:
0.05315143597635259 0.05320125652388459 0.05321926840221994 0.05324013837039327 0.05326627195657834 0.05329678156719462
0.05320125652388459 0.05331166631879247 0.05335180667069476 0.05340064634743692 0.05345658875775737  0.0535230545323367
0.05321926840221994 0.05335180667069476 0.05340005242244649 0.05345911431748158 0.05352596030738498 0.05360557180690621
0.05324013837039327 0.05340064634743692 0.05345911431748158 0.05353177771764602 0.05361173998732838 0.05370795450093903
0.05326627195657834 0.05345658875775737 0.05352596030738498 0.05361173998732838 0.05370760294804428 0.05382093802986834
0.05329678156719462  0.0535230545323367 0.05360557180690621 0.05370795450093903 0.05382093802986834 0.05395663133590557

cov.inverse():
 8176219.232323185 -19559994.18389012  8232722.053850743  354347.7288798032  822998.7807108882  1973785.815564109
-19559994.18238038  80054360.68642829 -62256276.64706446 -185674.6558304422  633736.5994157715  1313611.302739736
 8232722.051910895 -62256276.64399341  63574983.61705639 -1432801.730486817 -2903396.329185669 -5215086.218106271
 354347.7289167059 -185674.6559696479 -1432801.730378814  1465480.835130902 -85480.84034703225 -115813.0442305703
 822998.7808361832  633736.5990685447 -2903396.329001973 -85480.84033312892  1644380.169321204 -112230.2553456711
 1973785.815832032  1313611.301664859 -5215086.217266778 -115813.0442387732 -112230.2553700051  2155697.535759747

cov*(cov_.inverse()):
    0.9999999999854481 -2.328306436538696e-10 -6.984919309616089e-10 -1.182343112304807e-11 -2.273736754432321e-11 -7.275957614183426e-11
  2.91038304567337e-11     0.9999999998108251 -2.328306436538696e-10  1.000444171950221e-11 -1.364242052659392e-11  1.455191522836685e-11
 1.455191522836685e-11 -6.111804395914078e-10     0.9999999995925464  9.094947017729282e-12 -2.273736754432321e-11 -1.455191522836685e-11
-1.455191522836685e-11 -1.746229827404022e-10 -3.492459654808044e-10      1.000000000002728 -3.365130396559834e-11 -5.820766091346741e-11
                     0  3.637978807091713e-10  -2.91038304567337e-10  1.818989403545856e-12     0.9999999999854481 -1.455191522836685e-11
-1.455191522836685e-11  -2.91038304567337e-10 -5.238689482212067e-10  4.547473508864641e-12  7.275957614183426e-12                      1
