5
2

6.844851255229511e-05
0.0003567446280418186
0.0004144304964701137
  0.01621508136741173
   0.5699321143554351

 -0.6592747870284106   0.7479551980655262 0.007990654262020983 -0.02400732917948939 -0.07266068032667955
 -0.3114581199928813   -0.312872854539039   0.7263428989863815   0.3181173162162425  -0.4199187809547555
 0.08124298283448562  0.06242652667318801  -0.5024520669095387   0.7592844073393912  -0.4006639686037157
 -0.5125491569567887  -0.3734534342982225  -0.1423795603076423   0.3478730859343556    0.675676158379782
  0.4461429525636207   0.4464404324853851   0.4468021080987188   0.4479916585415638   0.4486855872387669

0.4235575521035966
  0.42355459131326
0.4234155511789103
0.4230780349212453
0.4228513884245285

0.002332823341085683
  0.4243002471751359

  6.811667468704508  -3.898416725923503 -0.2747644308522925  -0.465996399779252  -2.172972564350241
  9.061008032200327   -9.36724409609241   1.459781839716419  0.1063333497553274 -0.2531096314101977

-3.391952903521569e-08 -4.291219063380277e-08  1.657240389632124e-07 -0.0009535509177786172  -0.002579972090809398
-6.068489830137389e-08  1.665980050979184e-07  -6.86911671294219e-08 -0.0003912000981592223     0.1451605581140583

cov:
0.06472292992068761 0.06474729026924114 0.06476851610878151 0.06487486806600891 0.06493126753004323
0.06474729026924114 0.06477677574965189 0.06480648419550296 0.06493087653894077 0.06499933512270939
0.06476851610878151 0.06480648419550296 0.06485046906711098 0.06500461065196091 0.06509308185460634
0.06487486806600891 0.06493087653894077 0.06500461065196091 0.06522270084717571 0.06535348149247329
0.06493126753004323 0.06499933512270939 0.06509308185460634 0.06535348149247329 0.06551297195734705

cov.inverse():
 93571091.36670586 -104452095.2858599 -3139362.186874467  2958133.616650278  11061223.24675386
-104452095.2841081  120197562.2618672 -692420.2665706626 -4339160.169837201 -10713965.08985765
-3139362.189103711 -692420.2641130274  5629019.021685463 -446798.9402873741 -1348751.309207523
  2958133.61661267 -4339160.169626581 -446798.9405029664  4275291.936429627 -2447676.038468909
  11061223.2472683 -10713965.09077344 -1348751.308763538 -2447676.038511423  3448796.243325076

cov*(cov_.inverse()):
     1.000000001629815 -1.629814505577087e-09 -1.455191522836685e-11  5.820766091346741e-11  1.455191522836685e-10
 6.984919309616089e-10     0.9999999991850927 -5.820766091346741e-11  5.820766091346741e-11  1.164153218269348e-10
 5.820766091346741e-10 -3.492459654808044e-10      1.000000000014552  5.820766091346741e-11   2.91038304567337e-11
 2.328306436538696e-10  2.328306436538696e-10 -5.820766091346741e-11      1.000000000029104   2.91038304567337e-11
 4.656612873077393e-10                      0  4.365574568510056e-11  5.820766091346741e-11      1.000000000029104
