5
2

7.154043924022362e-05
0.0001016202392499003
0.0003815840071992308
  0.01469989277379215
   0.5074190895920703

  -0.0352460643954448    0.3531736554106412   -0.7980034151003482    0.4869996045844429 -0.006929552027066267
  -0.5039821534737985    0.7590486606711865    0.1172673634526498   -0.3944690821960436   0.02212754784122681
   0.4430174376798764   0.02163727961927719   -0.3865542671372033   -0.6094797803395848    0.5313921094234131
  -0.5911244067593897   -0.3148603987277599 -0.004558151227719829    0.1883074703378962    0.7182996484188776
   0.4461694628383497     0.446663472091503    0.4472068165540979    0.4475491283626426    0.4484756337406641

0.3776607203856228
0.3776955966166495
0.3777867641972914
0.3777694036995872
0.3777061671613759

0.0003545062691865704
   0.3778916970967405

  1.540293133988747   4.048295274982547   2.638847982818765  -7.857155077929965 -0.3704000728856274
  1.633944520554145   0.276200581060315  -1.088831856027423  0.3484313699458201 -0.1696749186443119

-2.330861615718788e-08  5.883345519600268e-08  6.322027474590369e-07 -0.0008519872736878001  -0.001804925702440339
 5.525992487210873e-09 -9.115494005280861e-09  1.235046140382609e-07 -0.0002385882421340675     0.1146524383598041

cov:
0.05133018995554665 0.05135161811389072 0.05137437695217614 0.05138905325218895 0.05142786088116504
0.05135161811389072 0.05138964434496355  0.0514310107984487 0.05145725369899295  0.0515277525801757
0.05137437695217614  0.0514310107984487 0.05149329502015041 0.05153252695023659  0.0516386249477494
0.05138905325218895 0.05145725369899295 0.05153252695023659 0.05157984525628854 0.05170807023858514
0.05142786088116504  0.0515277525801757  0.0516386249477494 0.05170807023858514 0.05189740580411905

cov.inverse():
 26188562.30444112 -39410037.40489766   -1403649.4518283   14042948.4694578   582643.371504216
-39410037.40474276  80167561.56037924  -46504650.8662911  4519979.121514797  1226197.523086138
-1403649.453503751 -46504650.86438455  126782494.8484883 -78794393.37097479 -79018.25026257963
 14042948.47144102  4519979.119297041 -78794393.37139776  63959456.59008443 -3728300.279563534
 582643.3710415486  1226197.523552236 -79018.24960847906 -3728300.280221069  1998506.477760283

cov*(cov_.inverse()):
    0.9999999999672582 -4.220055416226387e-10  7.366907084360719e-11  4.365574568510056e-10  -2.91038304567337e-11
-8.731149137020111e-11      1.000000000465661 -7.148628355935216e-10 -4.365574568510056e-10                      0
 2.000888343900442e-10 -3.274180926382542e-10     0.9999999999131433 -2.619344741106033e-10 -1.455191522836685e-11
  2.91038304567337e-10 -2.619344741106033e-10  5.779838829766959e-10     0.9999999995634425  1.455191522836685e-11
-7.639755494892597e-11  1.818989403545856e-10 -1.991793396882713e-10  8.731149137020111e-11                      1
