5
2

5.427498754903794e-05
9.129599575097316e-05
0.0006837055472494643
  0.01161912267530191
   0.5201997151319523

-0.01439076160414992  -0.4236272604566413   0.8193795994872913  -0.3859134247546535 0.004555295449711875
 -0.5861403489325657   0.7090073353757975   0.1966453495735374  -0.3386908639825562  0.01916232977413643
 0.09554664177311048   0.1896524392845265   0.2618914506381443   0.3339138567838184  -0.8802370111792128
 -0.6697622823486159  -0.2873211135522319   0.1453446167983803   0.6508099537001047   0.1555198038285745
  0.4455577647429307   0.4464606058342071    0.447476802622804   0.4486727846231677   0.4478933457514198

0.4013594248605448
0.4013815182507155
0.4013628380905426
0.4013253322050405
0.4013746171488296

0.0005951599936483924
   0.4016199267338724

0
0
0
0
0

0
0

0
0
0
0
0

0
0

0
0
0
0
0

0
0

0
0
0
0
0

0
0

0
0
0
0
0

0
0

0
0
0
0
0

0
0

0
0
0
0
0

0
0

0
0
0
0
0

0
0

0
0
0
0
0

0
0

0
0
0
0
0

0
0

0
0
0
0
0

0
0

0
0
0
0
0

0
0

0
0
0
0
0

0
0

0
0
0
0
0

0
0

0
0
0
0
0

0
0

0
0
0
0
0

0
0

0
0
0
0
0

0
0

0
0
0
0
0

0
0

0
0
0
0
0

0
0

0
0
0
0
0

0
0

0
0
0
0
0

0
0

0
0
0
0
0

0
0

0
0
0
0
0

0
0

0
0
0
0
0

0
0

0
0
0
0
0

0
0

0
0
0
0
0

0
0

0
0
0
0
0

0
0

0
0
0
0
0

0
0

0
0
0
0
0

0
0

0
0
0
0
0

0
0

0
0
0
0
0

0
0

0
0
0
0
0

0
0

0
0
0
0
0

0
0

0
0
0
0
0

0
0

0
0
0
0
0

0
0

0
0
0
0
0

0
0

0
0
0
0
0

0
0

0
0
0
0
0

0
0

0
0
0
0
0

0
0

0
0
0
0
0

0
0

0
0
0
0
0

0
0

0
0
0
0
0

0
0

0
0
0
0
0

0
0

0
0
0
0
0

0
0

0
0
0
0
0

0
0

0
0
0
0
0

0
0

0
0
0
0
0

0
0

0
0
0
0
0

0
0

0
0
0
0
0

0
0

0
0
0
0
0

0
0

0
0
0
0
0

0
0

0
0
0
0
0

0
0

0
0
0
0
0

0
0

0
0
0
0
0

0
0

0
0
0
0
0

0
0

0
0
0
0
0

0
0

0
0
0
0
0

0
0

0
0
0
0
0

0
0

0
0
0
0
0

0
0

0
0
0
0
0

0
0

0
0
0
0
0

0
0

0
0
0
0
0

0
0

0
0
0
0
0

0
0

0
0
0
0
0

0
0

0
0
0
0
0

0
0

0
0
0
0
0

0
0

0
0
0
0
0

0
0

0
0
0
0
0

0
0

0
0
0
0
0

0
0

0
0
0
0
0

0
0

0
0
0
0
0

0
0

0
0
0
0
0

0
0

0
0
0
0
0

0
0

0
0
0
0
0

0
0

0
0
0
0
0

0
0

0
0
0
0
0

0
0

0
0
0
0
0

0
0

 0.8028909483733186   2.335005767038817    3.65127865147745  -6.621524389989164   -0.16752148134689
   1.25466396174801  0.6274200631694414 -0.5864727433116651 -0.3144267628644594 0.01883914303652831

 1.339039689174457e-08  3.452653444240128e-08 -2.747542650259889e-07 -0.0006768231350871932  -0.003205257029477205
 -1.89402765613783e-09 -2.492456160404343e-09  -1.69666317243883e-08 -0.0001765232120868868     0.1201698250845746

cov:
 0.0537820826113234 0.05385635674387865 0.05393976477852315 0.05403826738711219 0.05398901780254454
0.05385635674387865 0.05395061592414106 0.05405660738423722 0.05418149875976574 0.05410643635639314
0.05393976477852315 0.05405660738423722 0.05418816016949569 0.05434290577768881 0.05423865724275746
0.05403826738711219 0.05418149875976574 0.05434290577768881 0.05453254042665543 0.05439419724783401
0.05398901780254454 0.05410643635639314 0.05423865724275746 0.05439419724783401 0.05428982723750084

cov.inverse():
 41312375.66906023 -47749906.93898757 -17778756.74381853    25768095.900352 -1550498.257261783
-47749906.91777465  121309944.3561368 -101000277.2270586  26821207.57867822  617484.9900738569
-17778756.78301287 -101000277.1715573  232700213.1094983 -115146356.8850962   1226182.47705268
 25768095.91851329  26821207.54447606 -115146356.8694191  64561241.90910876 -2003456.223756375
-1550498.257441841  617484.9899881559  1226182.477682157 -2003456.224120087  1708807.567470929

cov*(cov_.inverse()):
     0.999999999825377  7.639755494892597e-10  2.764863893389702e-10 -5.820766091346741e-11                      0
-6.693881005048752e-10      1.000000000967702  -2.35741026699543e-09  1.455191522836685e-11  1.455191522836685e-11
-2.619344741106033e-10  7.639755494892597e-10      1.000000000829459 -6.693881005048752e-10                      0
 5.820766091346741e-11 -1.309672370553017e-10  3.492459654808044e-10     0.9999999997671694  1.455191522836685e-11
-2.328306436538696e-10  2.328306436538696e-10  9.604264050722122e-10 -9.313225746154785e-10                      1
