5
2

0.0002772944786908279
 0.001497943614067547
 0.003353522888435008
  0.08415739934385449
   0.5590198150342347

 -0.5617853553661682   0.7891413705411108  -0.2478725464108108 0.009242112778937051  0.01126480731331335
 -0.2453983082625116  0.07551450137641703   0.7738610011453513  -0.5784134652987221 -0.02557820265786688
  0.2440492600734437    0.242878388786029   0.1876717491201675   0.2187672743538558   -0.893515663641253
 -0.6312911016049545  -0.3634972718513793     0.29382970333671   0.6160863661753126 -0.05867685438882644
  0.4075394318222627   0.4247743859976436   0.4670564972906093   0.4877816269573803   0.4443035507980447

0.3987802103920773
0.3988704267838401
0.3989906499957845
 0.399054954203914
0.3990002828537305

-0.0003080683329419957
    0.3989319133717681

  -0.2270217576448242     5.641847033959372    -5.206301116422776   -0.1161122402471935  -0.09263020501343804
    1.450049401596888    0.0467444362421193   -0.4799112714081148 -0.002532099835502566  -0.01430391009392457

 4.512139685226068e-07 -7.803320549725696e-06  4.444100229490221e-06   -0.02481232853032051    -0.0704501853524285
-5.066861444699947e-08  -1.61974361436232e-06  3.232108212550957e-06  -0.007607474417450198      0.118461220813309

cov:
0.05472653936594227 0.05572396660598695  0.0581694393769692 0.05936891455064299 0.05684523749953625
0.05572396660598695 0.05732250115624973 0.06124281371587609 0.06316417179282326  0.0591269520198722
 0.0581694393769692 0.06124281371587609  0.0687832073402493  0.0724765188276168 0.06472500891051915
0.05936891455064299 0.06316417179282326  0.0724765188276168 0.07704368897679231 0.06746845860079173
0.05684523749953625  0.0591269520198722 0.06472500891051915 0.06746845860079173 0.06172325146905958

cov.inverse():
 4136673.244045904 -5768532.146856458  1730404.727005319  427.4912122943865 -98889.04012026321
-5768532.146847694   8106727.27731725 -2513822.136160279  80079.00840962934  95456.05433393252
 1730404.726985012  -2513822.13613562  1069087.188693869 -225601.2785758958 -60047.61655025122
 427.4912268611123  80079.00838931107 -225601.2785698033  154523.6485416683 -9438.196013822308
 -98889.0401232866  95456.05433835469 -60047.61655199074 -9438.196013481613  72933.75467558714

cov*(cov_.inverse()):
     1.000000000074579 -1.182343112304807e-11 -9.094947017729282e-13 -1.477928890381008e-12  9.094947017729282e-13
 6.366462912410498e-11     0.9999999999872671  -1.13686837721616e-11  2.614797267597169e-12 -9.094947017729282e-13
 2.728484105318785e-11  6.275513442233205e-11     0.9999999999690772  2.955857780762017e-12                      0
 3.001332515850663e-11  3.001332515850663e-11 -1.364242052659392e-12     0.9999999999995453                      0
-2.728484105318785e-12  7.366907084360719e-11 -2.955857780762017e-11 -5.684341886080801e-13      1.000000000000909
