5
2

9.770964141570231e-05
0.0001547242580184039
0.0003505585149159794
  0.08784939407190448
   0.5605127124246743

-0.03881035718380361   0.2050457293462922  -0.6007153834810162   0.7178504354832003  -0.2833404054806655
 -0.2682617945177573   0.7438983958592176  -0.3532318811197989  -0.4093321743934319   0.2869236752293347
  0.6171231811287778  -0.3055428820007777  -0.5588228861062108  -0.1788219885657873     0.42607769824465
 -0.6166340457479252    -0.36274095278455 -0.07546083588111838   0.2611766151540926    0.643641121077791
   0.406756436599866   0.4238324833546218   0.4431601408315867   0.4657761215272341   0.4915047522976845

0.4001506574497372
0.4003163038923416
0.4004648286186138
0.4006265565762296
0.4007932263151458

-0.001345474379794629
   0.4001658866101367

  0.4522284149230661 -0.02227217284299438   -1.334344738063525    9.753500021109918   -8.848898717697972
   1.458890301096808  -0.3943373293352528 -0.06720328650141813   0.7486925517295009  -0.7459793633043973

 9.822369635762495e-08  -1.48375955947617e-07 -5.509105811373472e-07   -0.02560840532868167   -0.07010791888825715
 6.221971395213207e-09 -2.828406255872755e-08  7.454939260988865e-08  -0.007996040584339854     0.1189367088584153

cov:
0.05491495999359206 0.05588882658189016 0.05699161188962119 0.05827977501320868 0.05974763895794132
0.05588882658189016 0.05745191768027034 0.05922129695416035 0.06129036574288702  0.0636456162405159
0.05699161188962119 0.05922129695416035 0.06174500719340038 0.06469774069390076 0.06805715045469093
0.05827977501320868 0.06129036574288702 0.06469774069390076 0.06868578915593085  0.0732216695954785
0.05974763895794132  0.0636456162405159 0.06805715045469093  0.0732216695954785 0.07909449918331524

cov.inverse():
 6262908.297310748 -10703809.92579257  3593980.272995303  770730.3084839879  76192.13688384242
-10703809.92538173  28279354.66592562 -22488552.47564434  3142367.935169169  1771144.521963129
 3593980.273072287 -22488552.47651501  45550581.30310517 -38314785.86205573  11656888.66402077
 770730.3072581913  3142367.938160001 -38314785.86409301  61234256.20701281 -26830267.73853349
 76192.13762177639  1771144.520253899  11656888.66526432 -26830267.73880577  13325142.70794298

cov*(cov_.inverse()):
     1.000000000040927 -3.783497959375381e-10  3.492459654808044e-10                      0  1.164153218269348e-10
 5.729816621169448e-11     0.9999999995925464                      0 -2.328306436538696e-10  2.328306436538696e-10
 6.366462912410498e-12 -8.731149137020111e-11      1.000000000349246 -4.656612873077393e-10  2.328306436538696e-10
-9.094947017729282e-12  -1.01863406598568e-10  2.328306436538696e-10      1.000000000232831  1.164153218269348e-10
-3.819877747446299e-11 -8.731149137020111e-11 -1.164153218269348e-10                      0                      1
