5
2

0.0002186667087136202
0.0005084229177720849
0.0007582965955923081
  0.01809057160430437
   0.5183339823731065

 -0.2717891658470752   0.8278970194189196  -0.4880689555653195  -0.0437841965163516 -0.02426547576735686
 -0.5106778886360956    0.251938531614758   0.7434043482622794  -0.1893273691446539  -0.2953645080633063
-0.09078935077200119 -0.04875722403651513 -0.07481308832951626   0.8003090573362511  -0.5859082193064143
 -0.6776055483410194  -0.2222624227280728 -0.06096860282418157   0.3474208887248501   0.6058314054650988
  0.4449120789888673   0.4464702118533442   0.4470173384583432   0.4483773302157219   0.4492781552264421

0.4004445871977542
0.4006603901464855
0.4006743696706704
0.4006984187282827
0.4007348855163517

-0.0003062880350619412
    0.4005892141131208

0
0
0
0
0

0
0

0
0
0
0
0

0
0

0
0
0
0
0

0
0

0
0
0
0
0

0
0

0
0
0
0
0

0
0

0
0
0
0
0

0
0

0
0
0
0
0

0
0

0
0
0
0
0

0
0

0
0
0
0
0

0
0

0
0
0
0
0

0
0

0
0
0
0
0

0
0

0
0
0
0
0

0
0

0
0
0
0
0

0
0

0
0
0
0
0

0
0

0
0
0
0
0

0
0

0
0
0
0
0

0
0

0
0
0
0
0

0
0

0
0
0
0
0

0
0

0
0
0
0
0

0
0

0
0
0
0
0

0
0

0
0
0
0
0

0
0

0
0
0
0
0

0
0

0
0
0
0
0

0
0

0
0
0
0
0

0
0

0
0
0
0
0

0
0

0
0
0
0
0

0
0

0
0
0
0
0

0
0

0
0
0
0
0

0
0

0
0
0
0
0

0
0

0
0
0
0
0

0
0

0
0
0
0
0

0
0

0
0
0
0
0

0
0

0
0
0
0
0

0
0

0
0
0
0
0

0
0

0
0
0
0
0

0
0

0
0
0
0
0

0
0

0
0
0
0
0

0
0

0
0
0
0
0

0
0

0
0
0
0
0

0
0

0
0
0
0
0

0
0

0
0
0
0
0

0
0

0
0
0
0
0

0
0

0
0
0
0
0

0
0

0
0
0
0
0

0
0

0
0
0
0
0

0
0

0
0
0
0
0

0
0

0
0
0
0
0

0
0

0
0
0
0
0

0
0

0
0
0
0
0

0
0

0
0
0
0
0

0
0

0
0
0
0
0

0
0

0
0
0
0
0

0
0

0
0
0
0
0

0
0

0
0
0
0
0

0
0

0
0
0
0
0

0
0

0
0
0
0
0

0
0

0
0
0
0
0

0
0

0
0
0
0
0

0
0

0
0
0
0
0

0
0

0
0
0
0
0

0
0

0
0
0
0
0

0
0

0
0
0
0
0

0
0

0
0
0
0
0

0
0

0
0
0
0
0

0
0

0
0
0
0
0

0
0

0
0
0
0
0

0
0

0
0
0
0
0

0
0

0
0
0
0
0

0
0

0
0
0
0
0

0
0

0
0
0
0
0

0
0

0
0
0
0
0

0
0

0
0
0
0
0

0
0

0
0
0
0
0

0
0

0
0
0
0
0

0
0

0
0
0
0
0

0
0

0
0
0
0
0

0
0

0
0
0
0
0

0
0

 -1.807702923635889   7.622949283764301 -0.6232227737420306  -1.588963766061272  -3.602649775039428
 0.7284096446576727   1.050541734324832 -0.1044527848206084 -0.1962880358544955 -0.4781791604368482

 3.473051100081541e-07  9.681348043358703e-07  3.899924627114897e-07  -0.001036141536283565   -0.00281771706930996
 3.552397510711354e-08 -1.696123501051629e-09  7.785171479047355e-09 -0.0003529896670634954      0.119175368133621

cov:
0.05333271960543245 0.05341787670671414  0.0534474624618993 0.05351953607045128 0.05356999702737999
0.05341787670671414  0.0535717503001488 0.05362562809245666 0.05375898970142338 0.05384828261374477
 0.0534474624618993 0.05362562809245666 0.05368824606700228 0.05384320545180089 0.05394627742117192
0.05351953607045128 0.05375898970142338 0.05384320545180089 0.05405391898972308 0.05419118591163307
0.05356999702737999 0.05384828261374477 0.05394627742117192 0.05419118591163307 0.05435163242414721

cov.inverse():
 2569523.552797698 -5195472.644765326  1317542.374695814  495829.9378104874   812704.042769309
-5195472.644719403  14584492.27824617 -7719752.322330976 -1010725.272557282 -658749.4191559522
 1317542.374643658 -7719752.322248749  7129630.904947774 -201753.8687762101 -525634.6564023891
 495829.9377979519 -1010725.272541743 -201753.8687714057  1293007.781100653 -576276.0316763092
 812704.0427880809 -658749.4192078017 -525634.6563771191 -576276.0316685003  947939.9975045259

cov*(cov_.inverse()):
    0.9999999999417923  -2.91038304567337e-11  1.455191522836685e-11  7.275957614183426e-12 -7.275957614183426e-12
-3.637978807091713e-11      1.000000000050932  2.546585164964199e-11  1.091393642127514e-11                      0
-7.275957614183426e-12 -5.093170329928398e-11     0.9999999999781721  2.182787284255028e-11 -7.275957614183426e-12
-2.182787284255028e-11  1.091393642127514e-10 -4.001776687800884e-11                      1                      0
-2.182787284255028e-11  1.455191522836685e-11  1.455191522836685e-11 -3.637978807091713e-12                      1
