10
1

0.1218948002346572
0.3252130491568112
0.7692649309663357
 1.001165921724341
 1.546514607727298
 1.846439601265626
 2.019320451012721
 2.581938048260012
 7.114080590299388
 18.81558826325404

    0.3677751322437638    -0.2494595934665258    -0.6753115601261653     0.4588898750869067     0.3050201061499312     -0.206973081148944    0.00248919489251003  -0.001915334564140214  0.0008366543271923824 -0.0002378426238700621
   -0.4022441010448511     0.2446551920021584    0.09036075402345807   -0.05530042794276671      0.684224026472655    -0.4240913675503966    -0.2783704691189273     0.1678118817304225     -0.100408706911918    0.05806424388836032
   -0.3853034508106545    0.07694489173209014    -0.1565028453371191    0.04267021549342719    0.09477288846407204   -0.02163700518569616     0.8028990366260343    -0.2606626697143778    -0.2493714917344797     0.1872932323179824
    0.6496234853540616     0.0114885024846927     0.5451107426260259  -0.001543935295870648     0.4102604912085864   -0.03303821586541068     0.3179478306826105   -0.04483656050722188   -0.07412490432012613    0.05204229180158959
     -0.24453034227354    -0.3130009397115405    0.08448909212589469     0.0839176704313136     0.2879452081160112     0.2804565376844901     0.2606900995891845     0.2826960478399725     0.4481291215127477    -0.5637289560644476
    0.2401155345016874     0.4167625939366415    -0.2794454750093637    -0.4184595783732104    -0.1751155625838843    -0.3496468521439229     0.2888473598190355     0.4384778506338221    0.08486694878848781    -0.2822036054161989
     -0.11932613427624    -0.1538810439031621     0.3578901824666992     0.5312586126133916    -0.3839642724884976    -0.5828710114359864     0.1138322182239128     0.2223306278034581   0.007077567458873566   -0.04642035520747036
    0.0185982380826585     0.1385849337559484     0.0256128674757411    0.08108043218431302   -0.02174591031724344   -0.06819892310948408    -0.1112497710589434    -0.4298467786943032    -0.4607651977857393    -0.7474255523319159
  -0.02081843785259176    -0.6853428370615505   -0.01334034533739871    -0.4155860523405571  -0.004321119760812546   -0.09986221386870368   0.001050609622179911     0.2754605396921809    -0.5206813873979713  -0.001484215134934821
   0.00176833548453142     0.2960078282534974   0.001679843980991905     0.3753221325522982   0.002573525232225704     0.4695508602477309  -0.006203646930198869     0.5653517561670834    -0.4803653547839074    0.02470045825978695

22.67950387144328
32.11249545233932
35.56207864064113
50.80864304433574
50.57228785968604
72.63110547741206
68.27026005956556
98.42763907941757
91.47653993768013
131.2573074621238

1.44917595086827

   0.05048774562265403   -0.03486022503684109  -0.002393553302872374   0.001628709141334035   -0.04563762299886522    0.03138529187758347  -0.001882347514795909   0.001264463318790673 -0.0008942123234721073  0.0005151907466487227

0.0001367541914860023 -0.007702143339403849  -0.01669797251933121   0.01079307601149188  -0.01593685511442666  -0.01912873608211259 -0.005648736143529658   -0.0351755424900369       1.0157131550834     2.182929672034072

cov:
   0.9529585655785884     1.501860461826596  -0.05094015509386342   0.02687591535553065   0.09662001980550806    0.2244012377072133   0.04564128006288057    0.1189354126141963  0.007563736829588606   0.03432836113243774
    1.501860461826596      55.8533027247765  -0.01846832880223377     52.82939493146414    0.2016450594783495     52.25453140477136   -0.6124831100389579     49.55810194422705    -32.93951430834004     2.010226191684116
 -0.05094015509386342  -0.01846832880223377     1.139947591152359     1.698636797366331   -0.1157211032609593   -0.1438242797816153   0.01689036871771125    0.0419477333614461  -0.01115439845871788  -0.01307754160632973
  0.02687591535553065     52.82939493146414     1.698636797366331     60.42455762442119   -0.1032309769246551     63.74762109951943   -0.9982797839562896     68.99974579357537    -53.14705078053171     3.102484735376991
  0.09662001980550806    0.2016450594783495   -0.1157211032609593   -0.1032309769246551      1.13537473897022     1.727584338207503 -0.005254285092178322   0.08104709536687217  -0.06185474682961286   0.02022016008010425
   0.2244012377072133     52.25453140477136   -0.1438242797816153     63.74762109951943     1.727584338207503     80.60203156967111    -1.434327425765061     91.91937991260293    -76.81897798357792     4.515229519009252
  0.04564128006288057   -0.6124831100389579   0.01689036871771125   -0.9982797839562896 -0.005254285092178322    -1.434327425765061      1.08701848427882   -0.3400363890913642     1.596154965127344  -0.04708204746179697
   0.1189354126141963     49.55810194422705    0.0419477333614461     68.99974579357537   0.08104709536687217     91.91937991260293   -0.3400363890913642     119.3201818709968    -101.6070892128618     6.189556584175235
 0.007563736829588606    -32.93951430834004  -0.01115439845871788    -53.14705078053171  -0.06185474682961286    -76.81897798357792     1.596154965127344    -101.6070892128618     97.37650613167206    -2.584986032028525
  0.03432836113243774     2.010226191684116  -0.01307754160632973     3.102484735376991   0.02022016008010425     4.515229519009252  -0.04708204746179697     6.189556584175235    -2.584986032028525      5.00445444452921

cov.inverse():
   11.35040245971601   -7.081257242957013   -16.64256413260178    11.48682530962843    5.121210595118707   -3.553810305981646   0.7936645825689445   -0.550815256519898    0.475792367892314  -0.2779028721933118
  -7.081257242957039    4.874429424662292    11.47485226062341   -7.901339924707449    -3.56624120853632    2.433577851349024  -0.5831196868776301   0.3819578263329377  -0.3310578024913963   0.1887908471825274
  -16.64256413260242    11.47485226062377    31.16535362005204   -20.83159901388654   -13.08978873181548    9.019525449131494  -0.3952935799335035   0.2668161874135764 -0.09031327132514616  0.03545920120617962
   11.48682530962889   -7.901339924707691   -20.83159901388651    14.33281576621338    9.050128116033035   -6.194684600933895   0.2669888847125227  -0.1874474141744732  0.06486431967658099 -0.02452291317178698
   5.121210595119555    -3.56624120853688   -13.08978873181658    9.050128116033777    10.95110826875032   -6.902606639457169   -1.484866970871755   0.9781820013598836  -0.6522132902716881   0.3754887914826595
   -3.55381030598221    2.433577851349411    9.019525449132239   -6.194684600934409   -6.902606639457172    4.739069089071461    1.027503931200368  -0.6742002531946429   0.4504635643440123  -0.2609217525142178
  0.7936645825687154  -0.5831196868774746  -0.3952935799330816   0.2669888847122342   -1.484866970871948      1.0275039312005    1.981223144217954  -0.7285494208106433 -0.03351868699347599  0.04358109231916663
 -0.5508152565197515   0.3819578263328339   0.2668161874132932  -0.1874474141742804    0.978182001360013  -0.6742002531947313  -0.7285494208106432   0.5153796442178558   0.0441134546621257 -0.04989984814370164
  0.4757923678922258  -0.3310578024913337 -0.09031327132497725  0.06486431967646454  -0.6522132902717676   0.4504635643440665 -0.03351868699347548   0.0441134546621253   0.3298844438834231  -0.1990000015669403
 -0.2779028721932609   0.1887908471824924  0.03545920120608516 -0.02452291317172245   0.3754887914827028  -0.2609217525142473  0.04358109231916672 -0.04989984814370171  -0.1990000015669402   0.3344220829270824

cov*(cov_.inverse()):
     1.000000000000028  2.455067399376176e-14  1.158309559379234e-13 -9.201515417667228e-14 -3.271341530997063e-14   1.39645239816133e-15  2.727635825539032e-15  4.056217167702769e-15 -2.556115041851825e-15 -1.214306433183765e-16
-2.275957200481571e-14      1.000000000000021  3.406996906818449e-14  -1.27897692436818e-13 -1.831867990631508e-14 -3.708144902248023e-14  -4.85722573273506e-16 -4.440892098500626e-16 -8.326672684688674e-16 -1.110223024625157e-15
-2.098581725062942e-15  3.789069752402341e-15      1.000000000000013 -2.063946886662893e-14  2.649876845728372e-14 -8.322335875998732e-16 -2.794747940015885e-15  2.926370083755625e-15  6.730727086790012e-16  6.956241138666996e-16
-4.019007349143067e-14  1.023625628704394e-13    1.2864709297844e-13     0.9999999999999594  2.131628207280301e-14  3.697042672001771e-14 -2.775557561562891e-16  5.245803791353865e-15  6.550315845288424e-15  2.664535259100376e-15
 2.796374243274613e-15  2.301978052621223e-15  9.248244531301353e-15 -6.291191526064388e-15     0.9999999999999946  9.341485918135106e-16  4.781331580661075e-16 -3.035766082959412e-17 -6.071532165918825e-18 -2.775557561562891e-16
-2.353672812205332e-14  1.143529715363911e-13  2.755295991363482e-13 -4.042599588416351e-14 -7.971401316808624e-14      1.000000000000054 -9.797718192317006e-15  3.774758283725532e-15  4.218847493575595e-15 -2.442490654175344e-15
 3.181482854941464e-15 -8.101158632811689e-16  2.704000218178848e-16 -2.323228415201939e-15  1.734723475976807e-17 -1.856154119295184e-16      1.000000000000001 -2.905661822261152e-16 -2.393918396847994e-16 -1.734723475976807e-17
 1.214583988939921e-13  9.769962616701378e-15  3.680389326632394e-14  7.518985434273873e-14  2.051692149507289e-13  -1.77635683940025e-15 -1.232347557333924e-14      1.000000000000002   1.48769885299771e-14 -2.220446049250313e-15
-7.327471962526033e-14  8.387734951043058e-14  6.555866960411549e-14   -1.1055045767705e-13 -9.159339953157541e-14  3.486100297322992e-14  1.930400284066991e-14 -5.717648576819556e-15     0.9999999999999893 -3.108624468950438e-15
-2.220446049250313e-16 -1.554312234475219e-15  5.745404152435185e-15 -3.733124920302089e-15  3.996802888650564e-15 -1.998401444325282e-15 -8.049116928532385e-16  3.608224830031759e-16  2.220446049250313e-16                      1
