5
2

 3.77402125225425e-05
5.931742796600102e-05
0.0003384183981871564
  0.01806339051110792
    0.522365753326035

  0.01524401197753059    0.4141810858619018   -0.8207651211673009     0.393145027977487 -0.001803070961330733
  -0.5807718892151384    0.7166423885769688    0.1898200801336966   -0.3361352196435691   0.01044753010917948
   0.2978186501479843  0.009243348385487762   -0.2998686167660838   -0.6443960861511122    0.6372213971349214
  -0.6131958522128236   -0.3406367643704258  -0.02155338631618131    0.3405126273054129    0.6257348030692449
   0.4447094908469231    0.4458238108029046    0.4471322145298457    0.4486144624178362    0.4497693245554196

0.4028686299853154
0.4028772791632737
0.4028695538501104
 0.402851047116811
0.4028637957679012

0.0002914123097478819
   0.4030464611372593

0
0
0
0
0

0
0

0
0
0
0
0

0
0

0
0
0
0
0

0
0

0
0
0
0
0

0
0

0
0
0
0
0

0
0

0
0
0
0
0

0
0

0
0
0
0
0

0
0

0
0
0
0
0

0
0

0
0
0
0
0

0
0

0
0
0
0
0

0
0

0
0
0
0
0

0
0

0
0
0
0
0

0
0

0
0
0
0
0

0
0

0
0
0
0
0

0
0

0
0
0
0
0

0
0

0
0
0
0
0

0
0

0
0
0
0
0

0
0

0
0
0
0
0

0
0

0
0
0
0
0

0
0

0
0
0
0
0

0
0

0
0
0
0
0

0
0

0
0
0
0
0

0
0

0
0
0
0
0

0
0

0
0
0
0
0

0
0

0
0
0
0
0

0
0

0
0
0
0
0

0
0

0
0
0
0
0

0
0

0
0
0
0
0

0
0

0
0
0
0
0

0
0

0
0
0
0
0

0
0

0
0
0
0
0

0
0

0
0
0
0
0

0
0

0
0
0
0
0

0
0

0
0
0
0
0

0
0

0
0
0
0
0

0
0

0
0
0
0
0

0
0

0
0
0
0
0

0
0

0
0
0
0
0

0
0

0
0
0
0
0

0
0

0
0
0
0
0

0
0

0
0
0
0
0

0
0

0
0
0
0
0

0
0

0
0
0
0
0

0
0

0
0
0
0
0

0
0

0
0
0
0
0

0
0

0
0
0
0
0

0
0

0
0
0
0
0

0
0

0
0
0
0
0

0
0

0
0
0
0
0

0
0

0
0
0
0
0

0
0

0
0
0
0
0

0
0

0
0
0
0
0

0
0

0
0
0
0
0

0
0

0
0
0
0
0

0
0

0
0
0
0
0

0
0

0
0
0
0
0

0
0

0
0
0
0
0

0
0

0
0
0
0
0

0
0

0
0
0
0
0

0
0

0
0
0
0
0

0
0

0
0
0
0
0

0
0

0
0
0
0
0

0
0

0
0
0
0
0

0
0

0
0
0
0
0

0
0

0
0
0
0
0

0
0

0
0
0
0
0

0
0

0
0
0
0
0

0
0

0
0
0
0
0

0
0

0
0
0
0
0

0
0

0
0
0
0
0

0
0

0
0
0
0
0

0
0

0
0
0
0
0

0
0

0
0
0
0
0

0
0

0
0
0
0
0

0
0

0
0
0
0
0

0
0

0
0
0
0
0

0
0

0
0
0
0
0

0
0

   0.543819406630165    1.063094624750655    5.251140792403802   -6.821342663655928 -0.03681625932620509
   1.716215447080352  -0.4078076195729435   0.3928079914379821   -0.399960532486614   -0.301128716842303

  -9.3194351910306e-09  1.314288272828718e-08  3.400673704386029e-07  -0.001029291391681221  -0.003537171664983402
-8.857111424048923e-10 -3.811034868241233e-09   5.21565188403114e-08  -0.000406730798985681     0.1206552021302289

cov:
0.05408645630619151 0.05416712931384095 0.05426204816737151 0.05436946132541629 0.05445257585462512
0.05416712931384095 0.05427239611733031 0.05439609671158894 0.05453616957719215 0.05464495970019578
0.05426204816737151 0.05439609671158894 0.05455349907909064 0.05473180775637524   0.054870660051192
0.05436946132541629 0.05453616957719215 0.05473180775637524 0.05495350603124828 0.05512646884237105
0.05445257585462512 0.05464495970019578   0.054870660051192 0.05512646884237105 0.05532652826066521

cov.inverse():
 96800772.71877314 -113831247.8071179 -40895730.73883621  58013712.56386865 -87893.62954519507
-113831247.6299613  266403591.3919986 -200034010.7447157  45808471.85640785  1654360.741804258
-40895731.07316251 -200034010.2687382  483990727.3172004 -242996141.6088002  -65847.4199702793
 58013712.72236414  45808471.54574747 -242996141.4483679  144254593.4271995 -5080489.627186629
-87893.63087031097  1654360.753644099 -65847.43875391535 -5080489.618917665  3579966.233645206

cov*(cov_.inverse()):
     1.000000000657565  1.688022166490555e-09 -1.540229277452454e-09  2.328306436538696e-10                      0
 9.777068044058979e-10      0.999999998792191 -8.858478395268321e-10  8.149072527885437e-10   2.91038304567337e-11
 3.456079866737127e-11 -4.365574568510056e-11      1.000000000661657 -4.656612873077393e-10   2.91038304567337e-11
 1.012267603073269e-09 -5.820766091346741e-10   -1.7066668078769e-09     0.9999999984866008                      0
 7.721610018052161e-10 -1.164153218269348e-10 -9.399627742823213e-10 -5.238689482212067e-10                      1
