10
1

0.05044443271860168
0.05845026170223509
 0.1085900916253998
 0.8409380905932354
  1.307001090932759
  1.989780929200465
  2.176714291547674
  2.930168205837874
  3.684660859310602
   11.9992504421959

  -0.06901294309997927    0.01554088393811025   -0.04276872586340426    0.01257376278587929     0.5816528275122589    -0.1294866393202087    -0.7342136520902329     0.1664720887657798     0.2590439878865238   -0.06352321433307921
   0.04770069788446329    -0.0114703358029305     0.5158975649355303    -0.1202355499271092    -0.6085117187106632     0.1393138100561265    -0.3667407930675611    0.09140826514609368     0.4173503609567089    -0.1012706094438173
   -0.6045721097072266     0.1415174214213958     0.6494254733111686    -0.1216137220218561     0.2162870785714175   -0.07217201724118809    0.07602349656263403  -0.009194609584176521    -0.3361166423007367    0.08422962835482507
    0.7669213181463227   -0.03930412620087553     0.4230180152497388    -0.1067545417474625     0.1951897869493739   -0.02903179785265664   -0.09003573611331878   0.002853553249631302    -0.4032536609097661      0.101371170606388
  -0.02265778511253784 -0.0007066195824486458   -0.05072586434440729    -0.3004220671446055    0.08364489003850008       0.30783151390562    -0.1352765321966321    -0.6960151383375142     0.1591656555723189      0.526148616140682
  -0.01237227968789773    0.02129976378813984    0.07643933225360143     0.3275435242067648     0.1668053795831133     0.7555361598932343   -0.03988144309110901    -0.1814265650680104    -0.1209259797793963    -0.4883414490166039
 -0.000752441984304195   0.007175065535007605    -0.1457237824640385    -0.8698381677352691    0.09682386976001466      0.146653139920627     0.1058579581013588     0.1354298524537499   -0.01211935330898847    -0.4018930918582799
   0.07095311096116648     0.1307242131393684    0.09971148935397736    0.04751565304532194    0.01120105962049497    -0.5127898585586059    0.03110646034425497    -0.6378675200572901     0.1115312665387127    -0.5313341759556053
   -0.1831430691108696    -0.5624708813335363    -0.1900568900432926   -0.04557106799472765    -0.3015617403154691   -0.08599191699629487    -0.4270560306035426    -0.1457707297702521    -0.5491844435581339   -0.09123143760658271
  0.006585637754754366     0.8025502752835403    -0.2358120942694449    -0.0266046463353937    -0.2669344716424787    0.01796955949690094    -0.3132169469678407   0.004571003017631411    -0.3591385841071859    0.02951854089865089

22.54881846733929
 96.8484697517724
30.59513537647802
130.8810103951432
36.43197745136537
156.1289335551618
43.24719683790453
185.5394811332114
 51.2394848767778
220.1258345264862

4.359548952373416

  -0.1090117352105767   0.02481484401466649    0.3461829607081346  -0.08214297363783976 -0.003383964076787751  0.007945477086164186   0.01806153293182773  -0.01032936168724467   -0.2587273858414643   0.05466755008265978

-0.0002453082512072846  0.0002223028742601465   0.004669047357498382     0.1258489476728109   0.006937571546161244    0.04995213136097122     0.0179090518333637    -0.2467590362961258      1.020797592427582      4.265161388170267

cov:
   0.9266056769293194     2.215828253133083    0.5333406162049643   0.05866245989510472    0.5959051766054169   -0.1461653636910361    0.7413295543646756    0.0151473966287572    0.8764628697768119 -0.009488875214714662
    2.215828253133083     97.18234305953601     -25.6946046106051     -2.67172362445357    -28.51733440486122     2.226569451869638    -32.89395028917148    0.9154932601104313    -37.18059556406896     3.453124023737957
   0.5333406162049643     -25.6946046106051     8.842811506799199     1.754229101987135      9.88616328039026   -0.7354841897431271     11.66278977627292   -0.4123211787986584     13.54177516050533    -1.106804262386741
  0.05866245989510472     -2.67172362445357     1.754229101987135     4.321637788004879    0.9732304618146598 -0.005191705378543908     1.064958468687946   -0.6240229654832049     1.603205324066123    0.4719132604824007
   0.5959051766054169    -28.51733440486122      9.88616328039026    0.9732304618146598     11.69118628121165    0.2176790477679252     13.77989623187251    0.2030799101165775      15.9425721465015    -1.229465427992323
  -0.1461653636910361     2.226569451869638   -0.7354841897431271 -0.005191705378543908    0.2176790477679252     4.929184312145509   -0.5637826989388601     2.175717983219417    -1.056850780191129     1.056663344615206
   0.7413295543646756    -32.89395028917148     11.66278977627292     1.064958468687946     13.77989623187251   -0.5637826989388601     16.70800721595198    0.7254793412580876     19.41086349551993    -1.196345730066734
   0.0151473966287572    0.9154932601104313   -0.4123211787986584   -0.6240229654832049    0.2030799101165775     2.175717983219417    0.7254793412580876     4.829752758185778    0.1290074008530061     2.577374457959925
   0.8764628697768119    -37.18059556406896     13.54177516050533     1.603205324066123      15.9425721465015    -1.056850780191129     19.41086349551993    0.1290074008530061     22.99142844725984   -0.9844469334060267
-0.009488875214714662     3.453124023737957    -1.106804262386741    0.4719132604824007    -1.229465427992323     1.056663344615206    -1.196345730066734     2.577374457959925   -0.9844469334060267     4.852160350185422

cov.inverse():
   34.3695316706191  -7.871283201689887  -24.47083341149207    4.10377393498769  -35.14603776837362   9.116180185959346   10.80454853671604  -2.757638527519849   15.60373118714307  -3.908256376141859
 -7.871283201689884   1.863897721368939   5.785473606329205 -0.9700905819287612   8.192416395235847  -2.123078315356106   -2.31895749901402  0.5951643076441346  -3.808875050878084   0.949685441847322
 -24.47083341148906   5.785473606328637   114.6531605649046  -25.08588622383586  -89.63304153341765   19.21734044944435  -38.89946639755675    10.5080677182944   39.91831011481897  -9.542791038277773
  4.103773934987137 -0.9700905819286358  -25.08588622383582   5.804024082915661    22.0119547605587  -4.815126971344049   8.511119785199158  -2.220486308787854  -9.913790331390329   2.304374202146922
 -35.14603776838042   8.192416395237307  -89.63304153336453   22.01195476054677   245.3792404893914  -55.69231461789814  -101.1313071102628   21.56667752954317  -21.38438167462676   5.088708199800772
  9.116180185960621  -2.123078315356416    19.2173404494328  -4.815126971341455  -55.69231461789835   12.94822198023476   21.91690407386442   -4.80437014884589   5.912579890261076  -1.395316355509981
  10.80454853672247  -2.318957499015289   -38.8994663976459   8.511119785219288  -101.1313071101502   21.91690407383953   251.7426020571965  -57.84247287646065  -121.6526067549114   29.68485861703878
 -2.757638527521133  0.5951643076444231   10.50806771831478  -2.220486308792454   21.56667752951665  -4.804370148840029  -57.84247287645927   13.68829152571479   28.31163498343481   -7.09357263648218
  15.60373118714113  -3.808875050877672   39.91831011485773  -9.913790331399094  -21.38438167469336   5.912579890275746  -121.6526067548813   28.31163498342854   87.20783190629412  -21.23486263763467
 -3.908256376141389  0.9496854418472239  -9.542791038287216   2.304374202149058   5.088708199816924  -1.395316355513539   29.68485861703163  -7.093572636480694  -21.23486263763476    5.49371554019539

cov*(cov_.inverse()):
     1.000000000000085  -3.99853761212654e-15 -2.680494715079362e-13 -4.831551825290603e-14   3.13693515607838e-13  1.025169532598014e-13 -1.112498981825638e-12  9.865719352575297e-14  3.547995230945844e-13 -9.513917431647201e-14
-3.552713678800501e-15     0.9999999999999343  2.273736754432321e-13 -2.131628207280301e-14 -6.750155989720952e-14  1.509903313490213e-14 -9.521272659185342e-13 -8.171241461241152e-14 -5.684341886080801e-14  7.105427357601002e-15
  1.20792265079217e-13  1.820765760385257e-14     0.9999999999996696 -4.840572387365683e-14  7.061018436615996e-13  8.415490526658687e-14 -4.973799150320701e-13  8.881784197001252e-15   1.20792265079217e-13 -1.012523398458143e-13
 2.220446049250313e-15 -1.110223024625157e-16 -1.687538997430238e-14     0.9999999999999958  8.926193117986259e-14  1.088018564132653e-14 -5.329070518200751e-15 -1.909583602355269e-14  -1.77635683940025e-15  5.773159728050814e-15
 3.286260152890463e-14   1.77635683940025e-15 -2.629008122312371e-13 -3.641531520770513e-14      1.000000000000748  1.081357225984902e-13 -1.648459146963432e-12  1.580957587066223e-13  6.679101716144942e-13 -1.536548666081217e-13
-2.131628207280301e-14                      0  7.993605777301127e-14  4.884981308350689e-15 -3.996802888650564e-14     0.9999999999999709  5.684341886080801e-14  1.332267629550188e-14                      0  3.552713678800501e-15
 1.509903313490213e-13 -7.105427357601002e-15 -7.887024366937112e-13 -6.883382752675971e-14  5.719869022868806e-13   1.62980740014973e-13     0.9999999999999076 -2.664535259100376e-14  1.030286966852145e-13  7.993605777301127e-15
 8.881784197001252e-15  -1.77635683940025e-15 -2.842170943040401e-14  3.552713678800501e-15 -2.664535259100376e-14  1.598721155460225e-14  7.105427357601002e-14     0.9999999999999822   -1.4210854715202e-14  8.881784197001252e-15
 3.463895836830488e-14 -3.885780586188048e-15 -6.981082378842984e-13 -3.819167204710538e-14  6.377121053446899e-13  1.112443470674407e-13 -1.303845920119784e-12 -9.681144774731365e-14      1.000000000000053  2.042810365310288e-14
 -1.77635683940025e-14   1.77635683940025e-15                      0  8.881784197001252e-15 -6.750155989720952e-14 -2.664535259100376e-15                      0 -7.105427357601002e-15 -4.263256414560601e-14      1.000000000000014
