6
2

0.0001339796789695194
0.0006310788602908076
 0.001138925374739927
 0.001867397866227301
  0.08719468666129206
   0.7049451495035303

  -0.2073737578228565    0.7803709084878188   -0.5895040669370526  -0.01081324402236893   0.01120482068491313   0.01611988102095993
   0.6631177621992707   -0.3152150567698668   -0.6431457437785006 -0.009420863067582469    0.1329573278168845    0.1717889694359205
  -0.2075743249593061   -0.1932925202753205   -0.2065840350128886    0.8676674533849038   0.08178440881630868   -0.3425469873057131
   0.1233970304562104    0.0560372210707115   0.01971037568340724    0.2812510061630473   -0.8673802647316591    0.3870321068154315
  -0.5752385886380385   -0.3262884092842854   -0.2067445593258691 -0.004880073813777452     0.199914801650503    0.6927505931128559
   0.3578513611211425    0.3803871956289845    0.3912029295412279    0.4096603078663795    0.4280112847611116    0.4724330904367197

0.3989539302432827
0.3977853370774397
0.3972904429734287
0.3963552087915721
0.3953459877856215
0.3930925254878792

0.01479257696243144
  0.402117179704813

  3.634139606558025   4.374419406547943  -7.129808260471484   1.060314439140481 -0.6048753514657577  -1.334628652954862
  3.159744642333132  -2.679475535136683  0.4448924875541261  0.2671204550716977  0.0764468125647999 -0.2678124072775476

 1.224827071965639e-07  2.109506097427689e-06   1.55750466877182e-06  2.996767993657928e-06   -0.02352670880663361    -0.1390431829280874
-5.411818898760799e-08  1.041612002770587e-06  1.295792223403338e-07  5.359410377105495e-07  -0.009175593211858388     0.1496554331640262

cov:
0.06615400811123184 0.06907255634547757  0.0704730377675632 0.07287251243505308  0.0752400157007183 0.08098494862436327
0.06907255634547757 0.07271510073453064 0.07446308696184185 0.07745106835105872 0.08041191157740032 0.08758682582512753
 0.0704730377675632 0.07446308696184185 0.07637793871920406 0.07964844807198276 0.08289419931507294 0.09075564683789536
0.07287251243505308 0.07745106835105872 0.07964844807198276 0.08339996957605218 0.08712624650154807 0.09615209282288957
 0.0752400157007183 0.08041191157740032 0.08289419931507294 0.08712624650154807 0.09134415808113246  0.1015378821098082
0.08098494862436327 0.08758682582512753 0.09075564683789536 0.09615209282288957  0.1015378821098082  0.1145646025052461

cov.inverse():
 3537426.471797952 -9507138.950563181  5773156.440386485 -19660.04666819766   48139.6326264625    168268.67201351
-9507138.950598545  34204549.51994582 -25087576.12196627 -587405.3721346961  355744.6126770581  622051.9825235128
 5773156.440408942 -25087576.12194641  20431197.34123046  233730.8930316253 -600614.9951871198 -750080.6183058667
-19660.04664364158 -587405.3722323471  233730.8931091534  609805.5787217985 -25145.56825349016 -211689.4121762454
 48139.63262385727  355744.6126880063 -600614.9951979964 -25145.56825072284  272290.6202688544 -50433.89036775297
 168268.6720044603  622051.9825550327 -750080.6183302385 -211689.4121745793 -50433.89036751816  222054.5714535128

cov*(cov_.inverse()):
    0.9999999999035936 -8.731149137020111e-11 -1.455191522836685e-10 -3.637978807091713e-12 -6.366462912410498e-12 -3.637978807091713e-12
-5.275069270282984e-11     0.9999999998035491 -1.600710675120354e-10                      0 -1.818989403545856e-12                      0
-2.546585164964199e-11  -2.91038304567337e-10      1.000000000422006  7.275957614183426e-12 -6.366462912410498e-12 -1.091393642127514e-11
-9.094947017729282e-11 -3.856257535517216e-10  4.365574568510056e-10      1.000000000003638 -3.637978807091713e-12 -7.275957614183426e-12
-1.818989403545856e-10  2.837623469531536e-10 -1.600710675120354e-10 -3.637978807091713e-12     0.9999999999972715 -3.637978807091713e-12
-2.146407496184111e-10                      0  1.746229827404022e-10 -3.637978807091713e-12 -9.094947017729282e-13                      1
