5
2

0.0001775964396019483
 0.001273371476518077
 0.001887297338202775
  0.07223146930099138
    0.589013009493715

  -0.1566780910969664    0.7623129739873417   -0.6277523589781893  0.008382414620830572   0.01369731299300078
   -0.415516836097354    0.4448765164305949     0.632882660943904   -0.4003314157359404   -0.2619636217104282
   0.2087005092305724  -0.01577688437414776  -0.06763491794591635   -0.7495880882970073    0.6242903195821888
   -0.776017516360243   -0.1733898625638034 -0.001485929858188674    0.2484381213008307    0.5531808580917786
   0.3962810195288643    0.4366358440379163    0.4481180906421743    0.4648232895065973    0.4852215778733875

0.3981208166758728
0.3975100971880833
0.3973936682376295
0.3971089614993127
  0.39673497204516

0.004301652145918919
  0.3988877605593319

   1.961766866258992    11.92354434382028   -13.35236950525558  -0.1111941253645966  -0.4224342054320612
   1.516354831831767   0.3391242218597686  -0.7873203127758354 0.002140060003608252 -0.07003084647209543

 5.411519434220026e-07 -6.171250088318151e-06   3.36249652171675e-06    -0.0199891270108422   -0.08896846116576998
 1.621938754133764e-08 -1.556608029302339e-06  1.136386863777192e-06  -0.006639418757996924     0.1259997192432044

cov:
0.05762477276682727 0.06073226752605146 0.06161473599683606 0.06289973622143538 0.06447127128172581
0.06073226752605146 0.06630090472645334 0.06788488460766738 0.07018868549056329 0.07300305659147546
0.06161473599683606 0.06788488460766738 0.06966891185145883 0.07226319694731891 0.07543193543395089
0.06289973622143538 0.07018868549056329 0.07226319694731891 0.07528358807460549 0.07896434809087706
0.06447127128172581 0.07300305659147546 0.07543193543395089 0.07896434809087706 0.08328074799753327

cov.inverse():
  897125.728700086 -3901707.682006534  2952229.609221454   16991.7843278512  35585.80000777307
-3901707.682008347  18546736.77849151 -14998419.29854857  96072.88999457523  256398.3072508126
 2952229.609222725 -14998419.29854835  12742499.77979981 -308856.1625867129 -386720.0894134085
 16991.78432985507  96072.88998630228 -308856.1625806764  258827.6981923721  -63035.4437172239
 35585.80000631173  256398.3072570571 -386720.0894179589 -63035.44371745697   157749.251189661

cov*(cov_.inverse()):
    0.9999999999786269  9.458744898438454e-11 -5.456968210637569e-11 -4.092726157978177e-12                      0
-2.728484105318785e-11      1.000000000029104   8.36735125631094e-11 -2.728484105318785e-12 -3.637978807091713e-12
 2.228262019343674e-11 -9.458744898438454e-11      1.000000000098225 -9.094947017729282e-13 -3.637978807091713e-12
-1.045918907038867e-11 -1.600710675120354e-10  2.000888343900442e-10     0.9999999999990905 -1.818989403545856e-12
-1.591615728102624e-11  4.001776687800884e-11 -6.912159733474255e-11 -9.094947017729282e-13      0.999999999998181
