5
2

0.0001194898187154009
0.0001706436157805327
 0.001140441157286255
  0.05957728454447788
   0.5523741651420916

  -0.1841388224600513    0.6284883851041553   -0.7071207604942434     0.266572692115869 -0.003804437979207233
  -0.5524554870428277    0.5380630492542888    0.4537346430643265   -0.4464915940748414  0.007156812645613617
   0.4645818487757377    0.1194385202384215   -0.2869012777174017   -0.7157492116768753    0.4186751347995582
  -0.5142783395583304   -0.3375823351421021   -0.1282039905252489     0.111568516657286    0.7698520373197872
   0.4249321406395878     0.432739080393266    0.4419915128357731     0.452592298115456    0.4816360435220383

0.3815568741517763
0.3807258101586487
0.3796026642443545
0.3783218209553526
0.3747445705719263

0.0262942757299271
0.3869488037876163

 -0.2411021902433129    5.235874637125836    10.13769887992756   -14.72626060024785  -0.4062275224449195
   2.537929796095593  -0.2652019620733359   0.4794356054957065   -1.718923138398059 -0.03329567364800465

-1.107611365142323e-07  4.112364700612769e-07   1.03724198766573e-05   -0.01738863008233716   -0.06607422413654043
-2.043323950739279e-08 -1.630694045933648e-08  2.895445450585961e-06  -0.005304837673765502     0.1164276614228348

cov:
0.05603325688420657 0.05672268843059554 0.05753986305647915 0.05847636891858572 0.06104105367923693
0.05672268843059554  0.0575417345100807 0.05851242963538905 0.05962474123743518 0.06267096954884621
0.05753986305647915 0.05851242963538905 0.05966509100347231  0.0609857335027042 0.06460258123818748
0.05847636891858572 0.05962474123743518  0.0609857335027042 0.06254500146136323 0.06681538184855772
0.06104105367923693 0.06267096954884621 0.06460258123818748 0.06681538184855772 0.07288293129408707

cov.inverse():
 13022120.03850255 -18271033.47802401  408830.6892221513  4777286.807520132  62726.54379625357
-18271033.47742167  37618416.50652163 -22768672.21067994  3418160.542388396  3152.922461820555
 408830.6880681425 -22768672.20907544  42154108.41322335 -20001560.77258636  207552.2174646125
 4777286.808081154  3418160.541374502 -20001560.77213831  12217067.71857602  -411147.647006183
 62726.54378690178  3152.922473561582  207552.2174670303 -411147.6470109899  137715.1937791243

cov*(cov_.inverse()):
    0.9999999998940439   2.68101985057001e-10 -7.457856554538012e-11  5.456968210637569e-11                      0
 7.639755494892597e-11     0.9999999999794795  1.673470251262188e-10   8.36735125631094e-11                      0
-2.592059900052845e-11  2.813749233609997e-11      1.000000000241926  2.037268131971359e-10                      0
 2.728484105318785e-11  1.917896952363662e-10  5.002220859751105e-10     0.9999999999781721  3.637978807091713e-12
-2.364686224609613e-11  4.490630090003833e-12  1.127773430198431e-10 -7.275957614183426e-12                      1
