6
2

0.0001002404806657275
 0.000160821859348393
0.0003730905871854649
 0.001702126304213377
   0.1131696910082075
   0.6281685802984388

-0.03565355326248327     0.19830994947505   -0.594018789194889   0.7219684435331869  -0.2920668219448928 0.001484662816287357
  0.2688932484505617  -0.7430369147986606   0.3633196039137271   0.3985247369273967  -0.2911316414571417 0.003439621430387585
 -0.6129576325300403   0.3098614440911089   0.5556162952058898    0.164428035889915  -0.4382569699542524  0.02129807480792101
  0.2725437119380126   0.0830801372146239  -0.1212901956535158  -0.3417225623091809  -0.5714376297939857   0.6788159028676777
  -0.590838327342657  -0.4078170082475166  -0.1941359790021226  0.06041849117658243   0.3423181176064474   0.5710293273258283
  0.3568447587209497   0.3732802850887093   0.3924678153585475   0.4153050901992351    0.440621729788498      0.4611581443908

0.4005996812513881
 0.400772277075286
0.4009368301157022
0.4011181584308797
0.4013023733023922
0.4015057282273962

-0.001515574627957141
    0.400595605790993

  0.1454540554446913    0.299595904706793   -1.262172159768125    9.931194181664949   -9.079640429327934 -0.03424195929430777
   1.428303357939785  -0.2484009630333069  -0.2187929218816048   0.8005523710360959  -0.7554695402621431 -0.00609402486188107

 1.067696800740057e-07  1.541218268166195e-07  6.839905600385911e-07  5.762926485498313e-06   -0.03189982448625871   -0.08824207895673027
 8.323837726548284e-09   2.65904526818983e-08 -8.510910569843891e-08  1.591090034018882e-06   -0.01170391136394338     0.1293789051725825

cov:
0.05471830370815144 0.05564740649576909   0.056732073685675 0.05802139976695203 0.05945292702752953 0.06061491944636921
0.05564740649576909  0.0571123558942246 0.05882244794739087 0.06085663719747553 0.06311319637950005 0.06494384558575719
  0.056732073685675 0.05882244794739087 0.06126276185294093 0.06416660471624701 0.06738642096400146 0.06999775200300216
0.05802139976695203 0.06085663719747553 0.06416660471624701 0.06810631727425552 0.07247348197674791 0.07601469610723352
0.05945292702752953 0.06311319637950005 0.06738642096400146 0.07247348197674791 0.07811155100414376 0.08268277960265712
0.06061491944636921 0.06494384558575719 0.06999775200300216 0.07601469610723352 0.08268277960265712 0.08809492684569886

cov.inverse():
 5646922.528764496   -9785338.7640318  3426934.499901048  825335.1479524331 -114325.3952395084  535.8451513426693
-9785338.764271006  25952700.03691377 -20927962.74200721  3155757.115317293  1607709.081168186 -2656.799623775572
 3426934.500081323 -20927962.73876546  42443334.86761183 -36411850.36574072  11451080.23020174  17135.95820738991
 825335.1482567212  3155757.108290184  -36411850.3563915  58249324.24938205 -25921497.32833908  104771.2390968249
-114325.3954983178  1607709.084795644  11451080.22411945  -25921497.3255894   13259073.7008632 -282799.3301331647
 535.8451647476004 -2656.799705216658  17135.95836267597  104771.2389736518 -282799.3300972462  163006.7169532694

cov*(cov_.inverse()):
    0.9999999999633715  1.828652784752194e-10  3.637978807091713e-11  6.893969839438796e-10 -2.983142621815205e-10  1.818989403545856e-12
-1.423927642463241e-11      1.000000000001961  6.843947630841285e-11  7.576090865768492e-10  2.182787284255028e-10  1.818989403545856e-12
-7.814549007889582e-11 -9.868017514236271e-11     0.9999999996020961  5.456968210637569e-10 -3.637978807091713e-11 -1.818989403545856e-12
-6.709655053782626e-11   2.48121523327427e-11  9.322320693172514e-11      1.000000000095497  1.127773430198431e-10  3.637978807091713e-12
-7.180034344855812e-11  2.245315045001917e-10 -4.761204763781279e-10 -3.474269760772586e-10      1.000000000247383                      0
 -1.77280412572145e-11 -1.370210611639777e-10   -4.1154635255225e-11 -1.982698449864984e-10  6.184563972055912e-11                      1
