7
2

0.0001343157644961135
0.0002799476190204848
0.0009889045053370056
 0.001809065730192107
  0.00266008277945632
   0.1013349162145227
   0.7036385324700555

 -0.05455869179858786    0.3383563655895327   -0.7844706854913636    0.5167459005264794 -0.001337884516518843 -0.005355689067643857 -0.009341497079612198
  -0.4493782279928693    0.7693340770613351   0.06785687728958904   -0.4473959091068904  0.009320599140202918   0.01934295152482854   0.03091290111060402
   0.5483886881506566   -0.0155153995784125    -0.457575061573623   -0.6201313196869123    0.1383640221772799    0.1625279111653957    0.2439905816065986
  -0.1255652481824666  -0.08758350691047012   -0.0543453230602222  -0.04332259238221712     0.882588602718388   -0.4069510168638559   -0.1648043228862067
  0.08838543187326778   0.07251975012825274   0.05823158930428082   0.05386104286997761   -0.1893007280598948   -0.7278424005008473    0.6442419155341615
   -0.601712489506492   -0.4007096632159907   -0.1768272928113404  -0.05564255333043533    0.1205244961710873    0.3351107432134822    0.5623028509253017
   0.3297208939648328    0.3462673837904398     0.364710881686715    0.3746648748628273    0.3891570022419181    0.4068401954117581    0.4254798683048144

  0.39844018579327
0.3981843957461701
0.3978659757586744
0.3977602082456811
0.3974912328669697
 0.397134836137433
0.3967791676410384

0.004082072613623824
  0.3991802402249495

-0.008477892757978098     4.287800330970138     5.566891729510616    -8.810445560125592   0.01536701592732995   -0.4184690148355194    -0.633127268634801
    1.502553820948515  -0.02523233679422686    0.2116217060391317    -0.574739995231018   0.01051994024722722  -0.07151169561471267  -0.05293874120344105

-1.345914354185217e-07  5.951897230478199e-07  2.566898279931437e-06 -2.329519272618809e-08     3.793708241509e-07   -0.02774204595341238    -0.1101025142938749
-9.970332853054864e-09 -3.339001526854734e-08  1.037461631625333e-06 -4.121955323243122e-07   9.07809664027455e-07   -0.00977482822623304     0.1490311302663905

cov:
0.05754431189828621 0.05900314333807236 0.06063042425842491 0.06150652639727586 0.06278367522916334 0.06434471741786983 0.06598460876191302
0.05900314333807236 0.06101284506529737 0.06325349954474582  0.0644613306206005 0.06622058491275942 0.06836929756885679 0.07063065871837709
0.06063042425842491 0.06325349954474582  0.0661775330146189  0.0677549361157351 0.07005131543442532 0.07285473839076172 0.07580847334831442
0.06150652639727586  0.0644613306206005  0.0677549361157351 0.06953227757107744 0.07211919347150784 0.07527676510118746 0.07860503649602191
0.06278367522916334 0.06622058491275942 0.07005131543442532 0.07211919347150784 0.07513258996706788 0.07880226899603814 0.08267371139017275
0.06434471741786983 0.06836929756885679 0.07285473839076172 0.07527676510118746 0.07880226899603814 0.08310710926906208 0.08763612069980704
0.06598460876191302 0.07063065871837709 0.07580847334831442 0.07860503649602191 0.08267371139017275 0.08763612069980704 0.09288070593813265

cov.inverse():
 3055209.058643112 -5439036.194903281  1729532.914811784  657223.1452614117  -8042.71233626379   2926.59244400705  2154.174967219957
-5439036.194630919   13901521.5498086 -14037417.45117446  5311285.794522631  38645.15546446388  90275.37089709858  135379.0568721627
 1729532.913986041 -14037417.44969673   34385631.7836339 -22565881.76121452 -14710.24704051716  174346.7274752554  326830.8184824288
 657223.1458322151  5311285.793215965 -22565881.76034274  17749589.42555049  -192394.714237067 -367045.7143285941 -591682.1667310024
-8042.712343642019  38645.15552256591 -14710.24718491587 -192394.7141406357  263867.2674087322 -64577.92220994676 -22782.02302059202
 2926.592437889105  90275.37092582035  174346.7274179435 -367045.7142939703 -64577.92220897594  158855.5875553037  5197.770737970621
  2154.17496334874  135379.0568865397  326830.8184643712 -591682.1667261122 -22782.02301881335  5197.770738854488  144890.8076013392

cov*(cov_.inverse()):
     1.000000000054627  -8.36735125631094e-11 -4.001776687800884e-11 -5.093170329928398e-11 -2.273736754432321e-12 -5.343281372915953e-12 -1.818989403545856e-12
 3.424815986363683e-11      1.000000000201908 -2.946762833744287e-10  8.731149137020111e-11  4.547473508864641e-13 -4.604316927725449e-12 -5.456968210637569e-12
 2.589217729109805e-11  1.582520781084895e-10     0.9999999999272404 -1.746229827404022e-10  4.547473508864641e-13 -1.989519660128281e-12 -1.818989403545856e-12
 1.080024958355352e-11 -3.637978807091713e-12  9.822542779147625e-11     0.9999999995197868  3.183231456205249e-12 -2.614797267597169e-12  1.818989403545856e-12
 3.720401764439885e-11  1.073203748092055e-10 -2.000888343900442e-10 -9.458744898438454e-11     0.9999999999954525 -3.865352482534945e-12 -9.094947017729282e-12
 7.779021871101577e-11 -4.001776687800884e-11 -2.764863893389702e-10  2.837623469531536e-10  6.821210263296962e-13     0.9999999999940883 -1.818989403545856e-12
 1.139710548159201e-11  2.182787284255028e-11  7.275957614183426e-12 -7.275957614183426e-11  4.547473508864641e-13 -2.557953848736361e-12      1.000000000001819
