5
2

 0.000149373379318395
0.0009861721845294189
 0.001969952514029111
  0.05805116971650088
   0.5608312963050037

  -0.2989023056953005    0.8035072717135074   -0.5147566659086867  0.003138881559109411  0.007014148464303148
  -0.5000134405178177    0.2855637933120214    0.7311062250862648   -0.2730806979516183   -0.2436195790513403
    0.181578632423749   0.05995887447043404 -0.008986665028953532   -0.8004991912558876    0.5679387451738847
  -0.6741816454230012   -0.2837521482799572  -0.04128679737370203     0.269662203829917    0.6249332152394041
   0.4161157052712909     0.434418042870589    0.4457845923279138    0.4603264281497175    0.4769741718846233

0.3818683058522148
0.3799387604109027
0.3786713805592501
0.3771100728734101
0.3751301339531798

0.02596004451527967
 0.3871944185029585

    2.07783836856615    13.63970877174384   -15.11764016561653  -0.2041197002257081   -0.395780935117924
   2.392145306667442   0.3302516932977501   -1.661225280945015  -0.0322497181634494 -0.02893599545434761

 4.042343981626514e-07 -7.823445587475244e-06  4.926907046877399e-06    -0.0166790318879499   -0.07296924641389939
 9.040194709700841e-09 -2.237291713488213e-06  1.856823598747126e-06  -0.005609744242849867       0.11627633721888

cov:
0.05599396892459649 0.05750189654257639 0.05843844296216626 0.05963516803803342 0.06100784309510034
0.05750189654257639 0.05962956650109814 0.06095090417678865 0.06264008370771366 0.06457540936159384
0.05843844296216626 0.06095090417678865 0.06251124595041697 0.06450625034863249 0.06679103009640439
0.05963516803803342 0.06264008370771366 0.06450625034863249 0.06689702202829871 0.06962599532284429
0.06100784309510034 0.06457540936159384 0.06679103009640439 0.06962599532284429 0.07287475337708597

cov.inverse():
 4269871.729746616 -10907929.79637248  6519504.704291943  60842.10893347616  57739.33850415144
-10907929.79636365  29020448.33265853 -18322714.47129694  20462.06458270892  189780.6855858417
 6519504.704286207 -18322714.47129617  12425287.30450849 -275853.3881652866 -346283.2172404645
 60842.10892160561  20462.06461369009 -275853.3881843968  242266.8685467073 -47708.31839911152
 57739.33851292924  189780.6855629282 -346283.2172263292 -47708.31839911107  146465.4558564201

cov*(cov_.inverse()):
    0.9999999999772626 -3.456079866737127e-11  -1.01863406598568e-10  1.364242052659392e-12 -1.818989403545856e-12
-6.684786058031023e-11      1.000000000023647 -3.819877747446299e-10  1.364242052659392e-12 -1.818989403545856e-12
 1.091393642127514e-11  2.182787284255028e-11     0.9999999998108251  4.547473508864641e-13 -1.818989403545856e-12
 3.274180926382542e-11  9.822542779147625e-11 -2.364686224609613e-10      0.999999999998181 -3.637978807091713e-12
 2.728484105318785e-11  4.911271389573812e-11  -2.91038304567337e-11                      0                      1
