5
2

0.0004275923843385261
 0.002126771854638721
 0.003039339180629556
  0.08448186084589913
   0.5875233330562175

  0.5632839322546762  -0.8130721325674136  0.06127598653167666  0.08755857347770919   0.1010132099831795
  0.3803294538241744   0.2272785664470676  -0.6734914426084755  -0.3841192740916842   0.4500617955259074
-0.00915334058404124 0.009236170774359126  -0.5846564896734637   0.7858467468530415  -0.2011282900259801
  -0.614957117994161  -0.3297095390288705 -0.06330584729594163   0.1292117598054608   0.7017236305895689
  0.3997557724436053   0.4224505574606821   0.4436481590050509   0.4588410302820515   0.5043531191935973

0.4006304632336158
0.4006038012843093
 0.400646002062762
0.4005922253881113
0.4004719610470122

0.0006699822199760621
   0.4008845758098167

   7.459127715783398   -5.854809966864391  -0.2233654175360636  -0.4652861680896601  -0.9153785353115336
   2.982377375570234   -1.834046612965424  -0.0230146495887924 -0.03595953822091344  -0.0892065377883437

 1.611710541498769e-06  6.438428162893888e-06 -1.600827091552609e-06   -0.02387373934122865    -0.0917499681553022
 5.773146518716342e-07  3.196113295035464e-06 -3.796586157079003e-07  -0.009243505806415725     0.1193392595322029

cov:
0.05786176295152007 0.05974102127278386 0.06149538877314064 0.06274725316890867 0.06651615767317257
0.05974102127278386 0.06237924847482658 0.06484233974525959 0.06660518877935107 0.07189543720324375
0.06149538877314064 0.06484233974525959 0.06797413586253545 0.07020550623995804 0.07691934597575616
0.06274725316890867 0.06660518877935107 0.07020550623995804 0.07279880838872078 0.08052657587720762
0.06651615767317257 0.07189543720324375 0.07691934597575616 0.08052657587720762 0.09132083959629356

cov.inverse():
 1767423.352386082 -2485804.870310825  132735.5837978622  236664.9736806852  349187.1456432273
-2485804.870309911  3627193.841202761 -306918.1152197325  -407895.602944513 -426826.1395418551
 132735.5837949829 -306918.1152156811  157822.7497609024  36801.79840125051 -20435.58132898001
 236664.9736828828   -407895.60294782  36801.79840192742  141407.1042656801  -6942.68883018179
 349187.1456429946 -426826.1395416852 -20435.58132848454 -6942.688830614505  105038.7537699416

cov*(cov_.inverse()):
     1.000000000040018 -3.637978807091713e-12  3.637978807091713e-12  1.648459146963432e-12                      0
-7.275957614183426e-12      1.000000000029104 -1.364242052659392e-12 -3.353761712787673e-12 -6.366462912410498e-12
-1.091393642127514e-11   2.91038304567337e-11      1.000000000000682  2.614797267597169e-12 -3.637978807091713e-12
-7.275957614183426e-12  2.182787284255028e-11  3.865352482534945e-12                      1 -5.456968210637569e-12
                     0                      0  4.547473508864641e-13 -5.684341886080801e-13      0.999999999996362
