5
2

0.0001558363780818327
0.0003083853408392217
 0.001280751824608218
   0.1104409135469793
   0.5593520761803749

  -0.1632544017303485    0.6049377172179699   -0.7237587658357446    0.2890045239292422 -0.006927671118763173
  -0.5372097331439413    0.5687828710805757    0.4091418104486954   -0.4687338584864503   0.02798744418343677
   0.4636060659885111   0.07882702672050391   -0.3163926510739206   -0.6844706286198415    0.4585317484539499
   -0.558068997625038   -0.3624050375601558   -0.1334034641938333    0.1265905745469804    0.7234638379475217
   0.3979725020645562    0.4159150062956085    0.4368929318565191    0.4606948448262264    0.5152838258503322

0.3962940292548691
0.3961898926360536
0.3960327004733177
0.3958307743009299
0.3953398528032895

0.002216772233904242
  0.3967803251165773

  0.3899109945219327    2.079300701841905    4.581554961800001   -6.726707499729319  -0.3244485149916218
   1.543359634569601  -0.1212558659133783  0.09351522289780598  -0.4990866587032575 -0.01629931944763971

-9.868319430246917e-08  5.698166687066721e-07  5.496014094072199e-06   -0.03254951031487575   -0.07650017217970809
-1.304395517150522e-08 -5.956516708612531e-08  1.657551150238442e-06      -0.01103607504418     0.1146101724133053

cov:
0.05335285050123997 0.05425475860419665 0.05530776386303371 0.05650148561767368  0.0592366647069297
0.05425475860419665 0.05572472720239201 0.05744222935505845 0.05939021730261498 0.06385563975252437
0.05530776386303371 0.05744222935505845    0.05993736277459 0.06276800232152967 0.06925815117855699
0.05650148561767368 0.05939021730261498 0.06276800232152967 0.06660070816260109 0.07538944661051136
 0.0592366647069297 0.06385563975252437 0.06925815117855699 0.07538944661051136 0.08945805158329541

cov.inverse():
 4263115.796583003 -7257306.354558254  2464850.912282927  511510.8518351954  18037.97313035456
 -7257306.35389364  18474546.55608646 -15597005.30346068  4362792.241292989  16833.50072847159
 2464850.910943812 -15597005.30142469  23391213.99743351 -10497670.33152383  238419.3050629522
 511510.8525485282   4362792.23979705 -10497670.33069494  6035211.321637793 -411713.5207389591
 18037.97309153568  16833.50085298234  238419.3049309973 -411713.5206926962  138433.0496009247

cov*(cov_.inverse()):
    0.9999999999761258 -7.503331289626658e-12  5.275069270282984e-11  7.275957614183426e-12 -1.818989403545856e-12
 3.660716174636036e-11     0.9999999998901785  4.365574568510056e-11  1.091393642127514e-11 -3.637978807091713e-12
 5.343281372915953e-11 -3.319655661471188e-11      1.000000000152795 -3.637978807091713e-11  1.818989403545856e-12
 2.273736754432321e-11 -2.194155968027189e-10  2.837623469531536e-10      1.000000000010914                      0
 1.887201506178826e-11 -1.000444171950221e-11 -5.820766091346741e-11 -1.455191522836685e-11      1.000000000001819
