5
2

0.0002310771550476911
0.0007951467206880876
 0.002584496957873095
   0.1039293703061351
   0.5768244038196413

-0.3671099645649207  0.8000292087126409 -0.4736117381792463 0.01558621344150294 0.02515015970440874
-0.5860013206045587  0.1838658950929263  0.7494989011811446 -0.1553206066196278 -0.1921527807734194
 0.1753245997918781  0.1167619812513821 0.05968067435950294 -0.8430387533889829  0.4912756882183504
-0.5779981609822725 -0.3747357114012853 -0.1419585067065759  0.2130570743888438  0.6781929946027089
 0.3962475700566311  0.4148329593500583  0.4361528608970991  0.4685348679096177  0.5110256730784487

0.3999804372651968
0.3998906460691304
0.3997469187418222
 0.399560914834827
0.3992080860517307

0.0020088851287057
0.4004309046739774

  0.4724120443419851    7.090341332301571   -6.244263565187999  -0.3914221918413814  -0.9264444277150481
   1.473376811408232   0.3053141325008819  -0.6640298249274016   -0.030606269612236 -0.08386251448111867

 4.499740369027995e-07 -2.158792882111033e-06   2.75795248610723e-06    -0.0297612326324013   -0.08377579698356637
 8.156361442157402e-10 -8.118736144142541e-07  1.596037445732705e-06   -0.01010087435237764     0.1209998909575138

cov:
0.05585103476502058 0.05703199756252399 0.05838934450417222 0.06044151049867819 0.06314125186015741
0.05703199756252399 0.05877462301574294 0.06077509001178003 0.06380688190670211 0.06779004736112849
0.05838934450417222 0.06077509001178003 0.06351237618329671 0.06766647902179301 0.07312002976764492
0.06044151049867819 0.06380688190670211 0.06766647902179301 0.07353680562593017 0.08122376911835595
0.06314125186015741 0.06779004736112849 0.07312002976764492 0.08122376911835595 0.09186023254360799

cov.inverse():
 3071697.733668249 -5667649.152042917  2563061.704649069  14660.91632634937  18042.64080906723
-5667649.151984896  12042169.78554983 -6877001.817373264  173612.5928058683  329503.9656831048
 2563061.704567097 -6877001.817270283   5089804.48188724 -329901.3292931032 -446476.8966391651
 14660.91633956125  173612.5927809586 -329901.3292813604  149110.8101453998 -7444.587044171135
 18042.64081981765  329503.9656630381 -446476.8966298954 -7444.587044125173  106419.9028731282

cov*(cov_.inverse()):
     1.000000000041837 -7.639755494892597e-11 -1.455191522836685e-11 -3.353761712787673e-12 -4.547473508864641e-12
 1.887201506178826e-11     0.9999999999563443  1.455191522836685e-11  -1.13686837721616e-12 -5.456968210637569e-12
-4.320099833421409e-12 -5.456968210637569e-11     0.9999999998872227  4.547473508864641e-13                      0
 -1.13686837721616e-11 -9.458744898438454e-11  -2.91038304567337e-11     0.9999999999979536 -3.637978807091713e-12
 4.547473508864641e-13 -7.275957614183426e-12 -5.093170329928398e-11  6.821210263296962e-13      1.000000000001819
