6
2

0.0002232963931890577
0.0007173109326784213
 0.002281901515303713
 0.003042191463240321
    0.108346845654776
   0.6288229493475103

  -0.3598774918621817    0.7944649313924075   -0.4881580692373655   0.01236646086296667   0.01817497920953226    0.0230673763906575
   0.5690913651185117   -0.2169190258081231   -0.7575557699257208    0.1209034261575331    0.1488685864963152    0.1356868281750714
  -0.2767063305976992   -0.1732754188619154  -0.07213740098411676     0.695290211350956    0.3548481908105958    -0.528071694642528
 -0.01699708825361032 -0.002214149297414869   0.01380019322081484   -0.5721693394307809    0.7914853032475856   -0.2137498841152368
  -0.5834801654266283   -0.3873157028950128    -0.159891896327111   0.05258241368700119    0.2060688474552048    0.6623765879112203
   0.3596092478653808    0.3764689656295342    0.3960445510620509    0.4143166554398106    0.4274075577424086    0.4666535213104278

0.4005282359481755
0.4005352508887984
0.4005077020555039
0.4005384364397802
0.4004809655473862
0.4003453064341154

0.0007508402383595489
   0.4008111644917037

  0.2009666761615817    7.191962947783168   -5.844417745757517  -0.2044180723348684  -0.4459166034277308  -0.8977282332945244
   1.485182860278564   0.2700690117916174  -0.6319331211283955 -0.01591342041154678 -0.02829179313669036 -0.07900710703469399

 4.219808904238377e-07  1.424675037159021e-06 -3.678776035338914e-06  -1.33344461235537e-06   -0.03129179001450225    -0.0905663922995037
-6.967492304077144e-10  6.423918967100528e-07 -2.038841110455476e-06  -2.86552623493194e-07   -0.01090715204098244     0.1304604225536762

cov:
0.05513214442190755 0.05618550016278401 0.05741104955867813 0.05855316380866633 0.05936361809061987 0.06182018828566836
0.05618550016278401 0.05780341968895122 0.05968338148073897 0.06143659804347441 0.06268776274932539 0.06645614163169659
0.05741104955867813 0.05968338148073897 0.06232231875830476  0.0647842628024391 0.06654654129390777 0.07183631632941281
0.05855316380866633 0.06143659804347441  0.0647842628024391 0.06791484190106795 0.07014579355575533 0.07685918596709687
0.05936361809061987 0.06268776274932539 0.06654654129390777 0.07014579355575533 0.07273887195590027 0.08046646248577491
0.06182018828566836 0.06645614163169659 0.07183631632941281 0.07685918596709687 0.08046646248577491 0.09126077026298716

cov.inverse():
 3241639.814465145 -5964797.208738795  2689253.787233654  8567.560009761466  13153.68232772592  12005.29753525108
-5964797.208872914  12755839.85035959 -7456293.703335087  123068.7013547812  214826.7001042273  327943.2666864821
 2689253.787428708 -7456293.703583823  5895606.186597471 -309564.9992464537 -400858.0180705678 -418621.8834081455
 8567.559990858204  123068.7013909862 -309564.9992640139  159691.2300150414  37939.65266557853  -19689.9235893827
 13153.68230998904  214826.7001379394 -400858.0180867514  37939.65266560797  141570.7805254172 -6588.417514772869
  12005.2975109354  327943.2667312095 -418621.8834280866  -19689.9235896719 -6588.417514952849  104982.0007962652

cov*(cov_.inverse()):
    0.9999999999693046 -3.274180926382542e-11  -2.91038304567337e-11  2.046363078989089e-12  4.433786671143025e-12  4.547473508864641e-12
-2.012257027672604e-11      1.000000000047294  7.275957614183426e-12 -1.364242052659392e-12 -7.389644451905042e-13  9.094947017729282e-13
 5.900346877751872e-11 -8.003553375601768e-11      1.000000000021828 -3.183231456205249e-12   -1.4210854715202e-12                      0
-8.753886504564434e-12 -3.274180926382542e-11 -2.546585164964199e-11      1.000000000000455  2.387423592153937e-12  2.728484105318785e-12
-2.603428583825007e-11 -4.365574568510056e-11 -2.182787284255028e-11  2.273736754432321e-13      1.000000000005116  1.818989403545856e-12
-2.387423592153937e-11  3.274180926382542e-11  7.275957614183426e-12 -6.821210263296962e-13  1.818989403545856e-12      1.000000000001819
