5
2

0.0002745608846370923
 0.001102364266729662
 0.002472538483751695
   0.1063571330385308
   0.5746291996176793

 -0.5515574324114283   0.7904161278647309  -0.2657852417520666  0.01008742439892076  0.01682833024483815
  0.3445120402216983 -0.05473082152046891  -0.8485838328020576   0.2473812859061566   0.3114867082370655
 0.09039228117121297  0.06849323120462456  0.02448183369928691  -0.7880303268283643   0.6046046283326959
 -0.6465564231416809  -0.4493539224158599  0.05073738606071217   0.2998035091910384   0.5362736406315182
  0.3884454660475467   0.4069847806437619   0.4539714103863931   0.4773120605305645   0.4995564669337278

0.4000596386171948
  0.40015518946266
0.4002971285688903
0.4003852993448942
0.4004334816192994

-0.000455052319654529
   0.4001919385474759

  -0.3989757936639417      5.60958461196811    -4.834692301515012   -0.1062134916255904   -0.2699811797426276
     1.42159556663613   0.06801466678741966   -0.4450732946543394 -0.007317550740689738  -0.03733299759772052

 4.472769490142076e-07  4.311313505698161e-06  9.186045988931477e-07   -0.03036838831446291   -0.08332389059660529
-4.619058553232792e-08   1.03326294957367e-06  6.447139793266186e-07   -0.01124963353792202      0.117451696782743

cov:
0.05455260922401605  0.0554880160951665 0.05785686642774589 0.05902902894997544 0.06015350427459581
 0.0554880160951665 0.05697715086640125 0.06074948669056044 0.06261973520357839  0.0644076656919106
0.05785686642774589 0.06074948669056044 0.06808067120627725 0.07172114281804184 0.07519145687532257
0.05902902894997544 0.06261973520357839 0.07172114281804184 0.07624872128918835  0.0805498721308244
0.06015350427459581  0.0644076656919106 0.07519145687532257  0.0805498721308244 0.08565880825275728

cov.inverse():
 4134606.527139532 -5797690.538438288  1704448.145622484 -15341.81958251303 -25911.11289798456
-5797690.538442307  8290955.159613417 -2748331.022160319  85787.28351828775  169173.4161330015
 1704448.145631779 -2748331.022171892  1529765.001516179 -211466.9667237915 -274420.8753098561
-15341.81958485081  85787.28352195285 -211466.9667255367  153296.2331845679 -12257.66691358813
-25911.11290092473  169173.4161368927 -274420.8753103896 -12257.66691400589  143418.2727364906

cov*(cov_.inverse()):
    0.9999999999326974  7.639755494892597e-11 -3.274180926382542e-11 -1.477928890381008e-12  3.637978807091713e-12
-2.046363078989089e-12     0.9999999999254214  1.818989403545856e-11 -3.410605131648481e-12  3.637978807091713e-12
 -1.70530256582424e-11  1.818989403545856e-11      0.999999999992724  7.958078640513122e-13 -1.818989403545856e-12
 4.320099833421409e-11 -2.546585164964199e-11  1.091393642127514e-11      1.000000000001933  1.818989403545856e-12
-1.500666257925332e-11 -1.091393642127514e-11 -7.275957614183426e-12  -1.13686837721616e-12                      1
