5
2

0.0005777767360384018
 0.002299283398707956
 0.002879881638421482
  0.06872263714970801
   0.5820813717143412

   0.4833126763184311   -0.8481964499780474   0.08434821358630563     0.124512553578526    0.1560565346940219
   0.2867981849228478    0.1539968286194101   -0.8606380822880995   0.02942703531654389    0.3904714058776457
 -0.08116679874019601  -0.03645843784488213    -0.227700407469114    0.8362138377235058   -0.4908988440914331
  -0.7175240534447226   -0.2629405689741122 -0.009850925447708386    0.2621256989631359     0.589249155389073
   0.4033941516003903    0.4317184250379899    0.4474851437606444    0.4643998375717281     0.484749622912888

0.4001246604273749
0.4001125028989191
0.4000704829329706
 0.399950340840113
0.3998748283261349

0.001117621797494732
  0.4004783937671321

   6.337554383169462   -4.373532191801431  -0.4312458700545745   -0.650609347832897  -0.8822512791951448
   2.557894358294318   -1.346403952268533 -0.06258344785333791 -0.06671407127294002 -0.08226857546091362

 2.175734014549899e-06  6.088148531416352e-06 -3.049636657463052e-06   -0.01928568834348856   -0.08619278166799912
 7.851098215850389e-07  2.886712258064445e-06 -1.324338576313999e-06  -0.007304634063439938     0.1191643755717376

cov:
0.05756695858187101 0.05989734533422137 0.06119339093827515 0.06258423516798203 0.06425850781834451
0.05989734533422137 0.06347620455695153 0.06546714704607758 0.06760397844972971 0.07017508793299389
0.06119339093827515 0.06546714704607758 0.06785086852316703 0.07039670135300309 0.07346770673988673
0.06258423516798203 0.06760397844972971 0.07039670135300309 0.07340240071217469 0.07700020743889274
0.06425850781834451 0.07017508793299389 0.07346770673988673 0.07700020743889274 0.08125900602785065

cov.inverse():
 716201.6418734436 -1219266.007376341  77660.91644578456  173642.5474713358  251836.3178155918
 -1219266.00737479  2159787.899146895 -238382.3630414371 -319198.5104667587 -383013.9689504958
 77660.91644323862 -238382.3630372433  167670.1921563871   3712.40745364294 -10658.16592355924
 173642.5474719499 -319198.5104682301  3712.407454397212  130931.7057916076  10918.93712212745
 251836.3178159719 -383013.9689516666 -10658.16592266539  10918.93712202437  130923.1315820489

cov*(cov_.inverse()):
     1.000000000009095  7.275957614183426e-12   1.70530256582424e-12 -3.296918293926865e-12                      0
 1.091393642127514e-11      1.000000000007276 -2.160049916710705e-12 -6.707523425575346e-12 -1.818989403545856e-12
 1.091393642127514e-11  3.274180926382542e-11      1.000000000000568  -7.16227077646181e-12                      0
 2.546585164964199e-11 -1.091393642127514e-11   1.13686837721616e-13     0.9999999999951115  3.637978807091713e-12
 7.275957614183426e-12  1.091393642127514e-11  5.684341886080801e-13 -4.206412995699793e-12                      1
