7
2

0.0001565104989557225
0.0009641525246992501
 0.001148307607432188
 0.001251942443141228
 0.002008044163626874
   0.1060845317408833
   0.7673071059285907

 -0.09925551945794847    0.7366490237947244   -0.6680735049081004   -0.0172293271744781   0.01877046386386414  0.007498325676651794   0.02165513155619155
  -0.5210630986962201    0.4933320662387699    0.6161681176819297   -0.1745647354187795   -0.2380037211227906   -0.1258529803098473  -0.04995977959312223
  -0.3080605496275091  -0.04898026203196236  -0.04293104012978612    0.8903702916253541   -0.0348005215523319   -0.1904181569655311   -0.2657576912835634
  -0.1374611090232158 -0.005474390352209747  0.006831382254134464  -0.07405361318232463     0.100116319236815    0.7476186272731121   -0.6376417332046727
   0.1735340929935233 -0.004224188853824223    -0.047928926152063    0.1672866542825098   -0.8721019745581206    0.3580074636057869    0.2255102439107703
  -0.6926820792349948   -0.2996672491127644   -0.2023747412931729  -0.03825564125431058    0.1284221904038497    0.3025654038958532    0.5290878606543844
   0.3080944432785691    0.3488901677922919    0.3589877197431949    0.3762164148599795    0.3933362832537866    0.4113355667568565    0.4347782318597998

0.3984882333226088
0.3962730941875605
0.3957826089275248
0.3948527789147023
0.3938679565016254
 0.392862669767147
0.3916224698519597

0.01466021133673067
 0.4005803194288364

  1.556892795507475   7.347405291373329  -8.098293285942473   1.169322036576199 -0.7147014973755652  0.3122025310819209  -1.573628287635027
  1.598939220744094  -1.118171325551227  0.5030632907706922  0.2875712654878548 0.03438234477366382 -0.1194957634025202  -0.185444520488818

 2.597233755263439e-07 -2.018263865544083e-06  1.230170432506536e-06  1.205482156890805e-06   4.85113211702922e-06   -0.02831444472381776    -0.1536897034604973
-3.252291323382442e-08 -1.030809155876365e-06 -1.747329387495877e-07 -3.121829561990816e-07  7.725954323891226e-07   -0.01142433505119855     0.1619276626515723

cov:
0.06128666335631754 0.06562229563042772 0.06669540316774275 0.06854137794359835 0.07034713721863829 0.07225530982035044 0.07474203033856888
0.06562229563042772 0.07267730225482327 0.07442338579995526 0.07740848270036212 0.08036305771552806 0.08347308646010723 0.08752462838391764
0.06669540316774275 0.07442338579995526 0.07633609780263255  0.0796031729530559 0.08284219624883409 0.08624971244165845 0.09068865069564316
0.06854137794359835 0.07740848270036212  0.0796031729530559 0.08335007121919057 0.08706858704116267 0.09098103131613756  0.0960760577107508
0.07034713721863829 0.08036305771552806 0.08284219624883409 0.08706858704116267 0.09127784963636669 0.09569357655533282  0.1014500641777886
0.07225530982035044 0.08347308646010723 0.08624971244165845 0.09098103131613756 0.09569357655533282  0.1006481338405929  0.1070949474452684
0.07474203033856888 0.08752462838391764 0.09068865069564316  0.0960760577107508  0.1014500641777886  0.1070949474452684  0.1144458768705003

cov.inverse():
 785790.7215413598 -3249657.446430641  2369023.006565217 -26654.49546318061  19160.41034214135  34468.87733134769   67940.9174374703
-3249657.446433498  22416750.27873202 -19762205.51779377 -643763.6013962156  440025.3556956672  162784.6034867625  636565.2716406945
 2369023.006555649 -19762205.51771884   18630973.6835529  322893.1763616074 -657756.5715426001 -282726.6101961221  -620538.087374213
  -26654.495450677 -643763.6014754898  322893.1764312476  656547.0665982901 -32918.58065760739 -130688.3382903786 -145817.1047388876
 19160.41033732882  440025.3557343203 -657756.5715791468 -32918.58065801766  271255.0448312737  13321.35443869453 -53098.38955743665
 34468.87734986727  162784.6033597245 -282726.6100834938 -130688.3382873697  13321.35443511275  435234.8145153217 -232343.2110708011
 67940.91742367535  636565.2717306201 -620538.0874546191 -145817.1047386162 -53098.38955697179 -232343.2110672618  347437.0030538889

cov*(cov_.inverse()):
    0.9999999999472493 -2.546585164964199e-10  1.382431946694851e-10                      0  1.364242052659392e-12 -7.275957614183426e-12 -3.637978807091713e-12
-3.910827217623591e-11      0.999999999832653  2.837623469531536e-10  9.094947017729282e-12  4.547473508864641e-12 -3.637978807091713e-12 -7.275957614183426e-12
-6.366462912410498e-11 -2.619344741106033e-10      1.000000000123691 -7.275957614183426e-12                      0 -7.275957614183426e-12  3.637978807091713e-12
-5.820766091346741e-11 -1.455191522836685e-11 -4.365574568510056e-11      0.999999999998181  7.275957614183426e-12 -3.637978807091713e-12  7.275957614183426e-12
-7.366907084360719e-11  2.182787284255028e-10 -4.365574568510056e-11  5.456968210637569e-12      1.000000000012733 -3.637978807091713e-12  7.275957614183426e-12
-1.909938873723149e-11 -7.275957614183426e-11  5.820766091346741e-11  7.275957614183426e-12 -2.728484105318785e-12      0.999999999992724                      0
-7.275957614183426e-12 -4.365574568510056e-11  1.455191522836685e-11  7.275957614183426e-12                      0                      0                      1
