5
2

0.0002188784706528378
 0.000651199688585466
 0.002710846718285656
  0.07195312495025573
   0.5707453300440827

-0.3099889426768525  0.7960137047530959 -0.5193201303452836 0.01342152004840461 0.01988723915195197
-0.6225416773659231  0.2293886352572672  0.7127131827667207 -0.1399462889143498 -0.1796598711088928
 0.1077006658464424 0.07674290100145215 0.05427340712446108 -0.8089530975111514  0.5702283551598704
-0.5781070976569177 -0.3548786145919574 -0.1660457100062696   0.327011646667128  0.6366675409321222
 0.4129666640001806  0.4265146327047109  0.4379837220677329  0.4678602013314009  0.4866424701227411

0.3961953912840155
0.3959336941324067
0.3956121824113884
0.3947702077315481
0.3942488145084352

0.006743962826712042
  0.3976839787289928

  0.6778198500442194    14.37353936299552   -13.61004958747061   -0.593726284595765  -0.8476735358362303
   1.620084153884298    2.318201355119586   -2.775258604947876 -0.07088975300553937 -0.09224059058271292

 8.754938714880879e-07 -2.794360185142383e-06  3.191787554705772e-06   -0.02053642759947678   -0.07845145569685352
 1.332590334285178e-07 -1.029735351434345e-06  1.517616053683314e-06  -0.007146424268400504     0.1186430462251353

cov:
0.05728445427886687 0.05843859096309934 0.05941615467919604 0.06195906800719546 0.06356003361119485
0.05843859096309934 0.05991087912086775  0.0611574049740728 0.06440191875553043 0.06644331997509693
0.05941615467919604  0.0611574049740728 0.06263157543774464 0.06646967410962901 0.06888374132144612
0.06195906800719546 0.06440191875553043 0.06646967410962901 0.07186295537391238 0.07524153538310373
0.06356003361119485 0.06644331997509693 0.06888374132144612 0.07524153538310373 0.07924544040459362

cov.inverse():
 2921358.111402338 -5486222.089091442  2314796.287239691  106711.6312689354  143354.8008428562
-5486222.089049716  13351107.57942864 -8242675.414112124  138834.4665248317  239165.1804408754
 2314796.287186313 -8242675.414044692  6827680.796624223 -386679.2318194818  -513337.655010978
  106711.631273665  138834.4665138074 -386679.2318130222  139016.2950289547   2131.28911725349
 143354.8008497811   239165.180426192 -513337.6550033849  2131.289117418659   128697.526947965

cov*(cov_.inverse()):
     1.000000000029104 -1.091393642127514e-11  4.001776687800884e-11 -2.216893335571513e-12                      0
 4.911271389573812e-11      1.000000000096406 -6.548361852765083e-11  1.506350599811412e-12  1.818989403545856e-12
 6.730260793119669e-11 -5.456968210637569e-11      1.000000000065484 -1.790567694115452e-12 -3.637978807091713e-12
 3.092281986027956e-11 -6.184563972055912e-11   1.01863406598568e-10     0.9999999999966462 -7.275957614183426e-12
 5.456968210637569e-12  1.455191522836685e-11  2.182787284255028e-11  2.245315045001917e-12      0.999999999998181
