5
2

0.0004978450584201505
 0.002133579417176994
 0.002417882450157533
   0.1121861034059629
   0.5803628013807918

  0.6214559687821415  -0.7781675073061184  0.04887352269440074  0.04929844047282706  0.05855640002953454
 0.05628483952945196  0.04527132707457971    0.130165340577817  -0.8054177032577108    0.573708838327758
 -0.2575845664104203  -0.1822119011784332   0.8833767903281616  -0.1176632686236847  -0.3259598376217581
 -0.6290743082181631  -0.4422884372296436 -0.02812166183019415   0.3202225176367067   0.5525515038140038
  0.3854091353239951   0.4044571656922263   0.4466799540354642   0.4821668606003749   0.5058323207651686

0.4001825343748022
0.4000216030517652
0.3996324800610001
0.3992451016746884
0.3989750671490634

0.003002176498356006
  0.4007579164518714

   2.869747070806707  -0.5327797168122838  -0.2640811142787228  -0.7109204326268628   -1.361874996383808
    1.75168455474359  -0.5286108375584417 -0.02476332996911423 -0.07850738617695482  -0.1197529809841044

 5.131264531071273e-07 -4.811744462691711e-07 -2.033533188994322e-06   -0.03199761505611601   -0.08726433435543521
 3.687631133401294e-07   3.00292129738059e-07 -1.920409327627921e-06   -0.01206661646304821     0.1185020138252126

cov:
0.05501255862255396 0.05600607559958293 0.05820661912916161 0.06005661580505494 0.06128995865507394
0.05600607559958293 0.05756142253107418 0.06100667416699937 0.06390285224785708 0.06583403037158204
0.05820661912916161 0.06100667416699937 0.06721811928416278 0.07242815223004199 0.07590616169353571
0.06005661580505494 0.06390285224785708 0.07242815223004199 0.07959939129483369 0.08437418125978845
0.06128995865507394 0.06583403037158204 0.07590616169353571 0.08437418125978845 0.09002585745772339

cov.inverse():
 1570309.861764234 -1942559.080318479  85234.31081266217  118820.7622834985  168252.2500103979
-1942559.080316538  2449338.447677879 -179683.8801070889 -159134.3409854168 -168001.8727517421
 85234.31080938896  -179683.880103146  146841.6661692869 -31088.54853524874 -21302.87726262238
 118820.7622833647 -159134.3409853956 -31088.54853501299  154685.9182000788 -83284.40395330616
 168252.2500118636  -168001.872753765 -21302.87726218846 -83284.40395318287  104338.2451777849

cov*(cov_.inverse()):
     1.000000000005457 -1.091393642127514e-11 -9.094947017729282e-13 -9.094947017729282e-13  9.094947017729282e-13
 1.818989403545856e-12      0.999999999994543 -2.273736754432321e-13 -9.094947017729282e-13  1.818989403545856e-12
 1.091393642127514e-11 -3.637978807091713e-12      1.000000000000909 -9.094947017729282e-13 -9.094947017729282e-13
 1.455191522836685e-11 -9.094947017729282e-12                      0                      1                      0
 2.546585164964199e-11 -9.094947017729282e-12  1.364242052659392e-12  9.094947017729282e-13      1.000000000001819
