8
2

0.0001318818962660863
0.0003102348775340424
0.0009661336031457368
  0.00116118698169556
 0.001255638657503524
 0.002011420357359371
   0.1175501243760136
   0.8079104279892465

 0.02965629990770942  -0.2538525575154873   0.7789548292026653    -0.57219354923939 -0.01214163672986113  0.01153317448171565 0.003548068401751406  0.01450092906740605
   0.424691531328353  -0.8053078313637475  0.02434008092844592   0.4109985236796844   0.0102563603558358 -0.02878084746550024 -0.01535323845688942 -0.02085478161040976
 -0.5459516293386817  0.04486570890243818   0.4813932578756423   0.6039304594661804  -0.1698485190461715  -0.2357377984634187  -0.1285603008909979 -0.05003836504347808
 -0.2431059315113627  -0.1156009779596361 -0.02278624365804737 -0.02014171067306104   0.9041698288907432  -0.0429229421577061  -0.2040435168509956   -0.256148010613348
 -0.1184318501741341 -0.05379242855557823  0.00774295695255047  0.01947897646921628 -0.04884148569190256  0.09663983916195851   0.7436152339937436  -0.6464924764622987
   0.145030315362214   0.0650551514826736 -0.01976465011259699 -0.06089690321306053   0.1514434785991867  -0.8741543820105301   0.3579003760781976    0.235502167041282
 -0.5829235538087738  -0.4082991756045193  -0.2226537438228436   -0.133466407372706  0.01704010490812759   0.1697608127745893   0.3294377110073113   0.5370899719017362
  0.2945066493059399   0.3127741084918168   0.3321941728557332   0.3415200171584013   0.3574420312738612   0.3732560575025392   0.3898777766007879   0.4115333875906798

0.3993706552375318
0.3982628421721426
0.3970457156696841
0.3965278231829518
0.3955521698209896
0.3945178187230011
0.3934665884248406
 0.392162091593153

0.01536230971795218
 0.4015543863669756

 0.1515340832416281   3.553705198666297   3.725122943616323  -6.657852566797336   1.118649424583756 -0.6449654004622373  0.3152272223415645  -1.562428411378721
  1.323592207531471  0.8131423123917645  -2.090404985973265  0.9182396566288473  0.2834927858723867 0.03228451323376468 -0.1042382549331361 -0.1751241967846226

 1.003757985796335e-07 -5.183204126335614e-07 -2.007983116864085e-06  1.316795712211207e-06  1.289030195187226e-06  4.300928100749517e-06    -0.0318625218400593    -0.1574145452755626
-4.047114857814788e-08  2.319848549590212e-08 -1.093482310024447e-06 -8.841012870297895e-08 -2.740477234956623e-07  6.733068799485498e-07   -0.01214276301971731     0.1723090273448134

cov:
0.06130890881050895 0.06341343890729055 0.06565093408342917 0.06672517694779788 0.06857377258684055 0.07038327557049741 0.07229289774159857 0.07478331484950408
0.06341343890729055 0.06615767122715477 0.06907486504252131 0.07047555418507437 0.07287686449179034  0.0752435881409389 0.07773639169263948 0.08098601052043079
0.06565093408342917 0.06907486504252131 0.07271476181581774 0.07446252429283659 0.07745144612129778 0.08041061147213283 0.08352338572533449  0.0875801210887069
0.06672517694779788 0.07047555418507437 0.07446252429283659  0.0763770357769486 0.07964821078082572 0.08289201105292693 0.08630256841491496 0.09074703717373531
0.06857377258684055 0.07287686449179034 0.07745144612129778 0.07964821078082572 0.08339978747939418 0.08712352272720868 0.09103961364635611  0.0961409190644604
0.07038327557049741  0.0752435881409389 0.08041061147213283 0.08289201105292693 0.08712352272720868  0.0913382813133488 0.09575814494261362  0.1015214414072708
0.07229289774159857 0.07773639169263948 0.08352338572533449 0.08630256841491496 0.09103961364635611 0.09575814494261362  0.1007175042918064  0.1071719086092686
0.07478331484950408 0.08098601052043079  0.0875801210887069 0.09074703717373531  0.0961409190644604  0.1015214414072708  0.1071719086092686  0.1145313585277564

cov.inverse():
 2301828.130535738 -3985333.140462221  1156850.416599504  484676.6661589014 -30024.64459679419 -313.4080780753175  7243.356015710548  65134.59012478757
-3985333.140523489  10458179.53036043 -11548172.49623819  4941505.727290375   9811.37219607008  47476.80125990176  68367.30570484221   8236.04066620095
  1156850.41676359 -11548172.49639622  35141191.12649435 -25210095.75473488 -645037.3428441235  393135.6716667615  94064.61578366092  618352.3211704432
  484676.666059304  4941505.727342055 -25210095.75457919  20971457.15403663  316952.7399939048 -639858.0365449274 -258623.1131627219 -606197.3894445037
-30024.64459683745  9811.372235071376 -645037.3430171993  316952.7401370218  653968.7477855085 -32719.90682585214 -127183.8948485295 -146162.2278477881
-313.4080794289965  47476.80127650667  393135.6716234997 -639858.0365191502 -32719.90682187871  271956.2954493935  14162.73343580142  -53860.2543854757
 7243.356018416441   68367.3056585853   94064.6159567537 -258623.1132992938 -127183.8948493106  14162.73343901265  434151.2068416201 -232132.4488252248
 65134.59012025302  8236.040701926891  618352.3210641302 -606197.3893691221 -146162.2278419811 -53860.25438694517 -232132.4488298252  346773.8522695069

cov*(cov_.inverse()):
     0.999999999998181 -4.297362465877086e-11  3.637978807091713e-10 -1.600710675120354e-10  3.637978807091713e-12 -4.547473508864641e-13 -3.637978807091713e-12  7.275957614183426e-12
-9.094947017729282e-13     0.9999999998441353 -2.182787284255028e-11  2.182787284255028e-11 -5.456968210637569e-12 -5.456968210637569e-12                      0 -3.637978807091713e-12
-1.818989403545856e-12  5.286437954055145e-11      1.000000000087311 -1.455191522836685e-11  3.637978807091713e-12 -6.366462912410498e-12 -3.637978807091713e-12                      0
-2.364686224609613e-11 -1.023181539494544e-12   1.01863406598568e-10     0.9999999999781721 -3.637978807091713e-12 -3.637978807091713e-12  3.637978807091713e-12                      0
-1.637090463191271e-11  2.444267011014745e-11 -6.548361852765083e-11 -8.731149137020111e-11      1.000000000012733 -1.000444171950221e-11 -3.637978807091713e-12 -7.275957614183426e-12
 4.092726157978177e-11 -5.184119800105691e-11  8.003553375601768e-11 -7.275957614183426e-11  9.094947017729282e-12      0.999999999998181                      0                      0
-6.821210263296962e-11  1.112994141294621e-10                      0 -5.093170329928398e-11  1.637090463191271e-11 -9.094947017729282e-13                      1                      0
 8.185452315956354e-12 -6.366462912410498e-11 -1.891748979687691e-10 -1.164153218269348e-10                      0  2.728484105318785e-12                      0                      1
