6
2

0.0001189371117551362
 0.000166061976397451
0.0009913108239087407
 0.001986833844075415
  0.06379240295918892
   0.6095038184084712

  -0.1979725388718749    0.6428205333880783    -0.695355063932821    0.2531007606807767 0.0005180847037887105 -0.003115654237089821
   0.5458077709937572   -0.5212134424430301   -0.4709812392511137    0.4566737654625599 -0.003872280245231221 -0.006416712316102083
  -0.4464788093389863  -0.09249326076927289     0.314112892054949    0.7462366516806916    -0.278396074592049   -0.2430251960363644
   0.1370466363699774   0.08925940913992814   0.02922966536959385  -0.03047937639285479   -0.8003379969351979    0.5752622899847561
  -0.5451995869773557   -0.3812217996668184   -0.1869179224380512   0.03554790387700241    0.3208203722046403    0.6467609105367946
    0.384100317112714    0.3914920220418338    0.4002479422997301    0.4102770901648103    0.4231001561402594    0.4377916112904918

0.3817774517019257
0.3809584608849467
0.3798485968644919
0.3785824990630809
0.3770220157481304
0.3750422600331788

0.02593897696160357
 0.3870979795086806

 -0.5609675283214612    5.449937129588561    10.33331407018981   -14.63565874343861  -0.1916139771033316  -0.3950517236007493
   2.577020777297647  -0.3484355029603629   0.4950783307056058   -1.661697766679899  -0.0311083604316211 -0.03089687329635329

-1.028996759470923e-07 -4.052103346282071e-07 -7.645490003410769e-06  4.278318270993556e-06   -0.01847752049422785   -0.07603420431100795
-2.120367649908359e-08  1.644831502355382e-08 -2.148861262306881e-06  1.556553078530999e-06    -0.0059159174041718     0.1274725299226625

cov:
0.05601767648979654 0.05670839576520763 0.05752648622288688 0.05846376880029745 0.05966060920818017 0.06103452513164535
0.05670839576520763 0.05752900890533116 0.05850093784403333 0.05961435790334312 0.06103657266357214 0.06266808491430119
0.05752648622288688 0.05850093784403333 0.05965518873953447 0.06097730837995356 0.06266657982633814 0.06460329409447901
0.05846376880029745 0.05961435790334312 0.06097730837995356  0.0625384307735664 0.06453347163340989 0.06681969355396497
0.05966060920818017 0.06103657266357214 0.06266657982633814 0.06453347163340989 0.06692415093103551 0.06965452949923219
0.06103452513164535 0.06266808491430119 0.06460329409447901 0.06681969355396497 0.06965452949923219 0.07290489141904045

cov.inverse():
 13781159.72851067 -19267128.25425163  267891.7966138577  5156456.821558167  14766.03000439247  46902.36275197493
-19267128.25321975  39072882.32351023 -22725210.84971247  2799009.585010612  104807.6605846671  15520.29143139841
 267891.7948083646 -22725210.84733882  42325036.79554947  -20002528.7010429 -54259.89089649246  189291.5542653636
 5156456.822276889  2799009.583824178 -20002528.70062336  12657997.19048125 -260080.6703470766  -350990.387021747
 14766.03002008877  104807.6605121676 -54259.89079996302 -260080.6703874164  241722.1204231685 -46944.65793085234
 46902.36279115951  15520.29134857464  189291.5543174481  -350990.387029578 -46944.65793146633  146215.5642115084

cov*(cov_.inverse()):
    0.9999999997594387 -7.082689990056679e-11  1.855369191616774e-10   8.36735125631094e-11  1.364242052659392e-12 -1.818989403545856e-12
-1.605258148629218e-10     0.9999999999953388 -1.964508555829525e-10   1.01863406598568e-10  1.818989403545856e-12  1.818989403545856e-12
-1.073203748092055e-10  1.664375304244459e-10     0.9999999998581188  1.055013854056597e-10  1.818989403545856e-12 -3.637978807091713e-12
-8.276401786133647e-11  6.389200279954821e-11  1.382431946694851e-10      1.000000000207365 -4.547473508864641e-13 -3.637978807091713e-12
-2.332853910047561e-10  4.570210876408964e-11  4.220055416226387e-10 -1.200533006340265e-10      1.000000000003638                      0
-1.300577423535287e-10   7.73070496506989e-12 -4.911271389573812e-11 -6.184563972055912e-11  1.364242052659392e-12                      1
