5
2

0.0001498223966322435
0.0003678929185596106
  0.00158069648603715
   0.1133478003669783
   0.5707617992967464

  -0.2467526444334619    0.7432153338701596   -0.6108931570750485    0.1164036305386007 -0.001960969574974621
  -0.6236760854993845    0.3468535830696758    0.6074483295390231   -0.3484401490566847   0.01779667815907724
   0.2415771890127262    0.0320833015062012   -0.1957629211664237   -0.7094853627800691    0.6315999700842254
   -0.580762154826335   -0.3968314384551381   -0.1820440840018626    0.3571042333448229    0.5870065135773429
   0.3930611327916298    0.4108759309451983    0.4316861218008309    0.4838871189139348    0.5061464843819491

0.4006495018822464
0.4007758956266479
 0.400887309109194
0.4011202039157232
0.4012675773124946

-0.0008949171693521664
    0.4007245182668771

-0.001484752196676195  -0.08769012648820296     4.743663601519705    -4.596721325949177  -0.05785111323582785
    1.414647291997926   -0.2857343130931701    0.2770975581117135   -0.3981228440515074 -0.007797653206796623

-7.851064176704212e-08  6.026507046481263e-07  5.729198573045485e-06   -0.03216251694608752   -0.07897129779720408
 -1.74419049353408e-08 -9.128817103540145e-08  1.388900352107274e-06   -0.01163204457578065     0.1178200434189062

cov:
0.05466389595548866 0.05557242228041189 0.05663432598571743 0.05929544122498756 0.06043105926226514
0.05557242228041189 0.05701924112816825  0.0587096024544958  0.0629478827457636 0.06475530674131345
0.05663432598571743  0.0587096024544958  0.0611339345478018 0.06721413372921164 0.06980613595151217
0.05929544122498756  0.0629478827457636 0.06721413372921164 0.07791741829527164 0.08247867444775708
0.06043105926226514 0.06475530674131345 0.06980613595151217 0.08247867444775708  0.0878849218510926

cov.inverse():
 5609810.447028155 -9765212.446136085  3897361.686250978  257412.1422057832  589.0404129687398
-9765212.444620095   25497290.8421039 -18672545.35755767  2952062.388422842 -11227.30129855825
 3897361.684120202 -18672545.35490436  19367243.70444958 -4676215.352573369  83749.33625665432
 257412.1428460778  2952062.387247423 -4676215.352041933  1702156.856877201 -235313.5223139113
 589.0403875015201 -11227.30126052317  83749.33624776782 -235313.5223175926  162195.7504270942

cov*(cov_.inverse()):
     1.000000000041318 -3.333298081997782e-10  2.501110429875553e-10 -8.003553375601768e-11  1.818989403545856e-12
-1.399769189447397e-12      1.000000000080149  1.000444171950221e-11   -1.2732925824821e-11 -1.818989403545856e-12
-1.309530262005865e-11  6.821210263296962e-13     0.9999999999763531 -4.365574568510056e-11                      0
 1.165290086646564e-11 -3.137756721116602e-10  9.276845958083868e-11     0.9999999999818101                      0
-3.354472255523433e-11  1.350599632132798e-10 -6.821210263296962e-11  7.275957614183426e-12                      1
