5
2

0.0001352954407610893
0.0006723481967323227
 0.001271364996404794
  0.09227283216738068
   0.6487369780153633

   0.2147038886607765   -0.7825150627663788    0.5842409036774127 -0.001140114157551774  -0.01528670492878669
  -0.6779997991305177    0.2966575454007899    0.6413957811002102  -0.07057535552904283   -0.1895814978170524
 -0.04613429698604201  -0.07547833329552363  -0.09781854063441613    0.8019783588249393    -0.582612129061131
  -0.5849268530579621   -0.3522975229000586    -0.240531289691939    0.3399397555968293    0.6002771802876506
   0.3872347037472652    0.4121334175505811    0.4240875502114362    0.4860961775954241     0.513863392580778

0.4000534393021478
0.3989630390513796
0.3985038831257182
0.3957404044963189
 0.394576214962138

0.01385293630779435
  0.403025773838952

   3.981917864051284    5.443740457636942   -8.500571185696353    0.519017276421593   -1.444023274919058
   3.078266123115338   -2.379935030263709   0.5035604818166977   -0.110018119910966 -0.09074830657395894

-1.528414209772137e-07 -2.847888913298931e-06   2.41561835069194e-06    -0.0246290169496975      -0.13014691724429
 5.160073133538641e-08 -1.105330286799511e-06 -7.596732472531092e-08   -0.01000521905853703     0.1366122361085112

cov:
0.06602148967364584 0.06892042196843057 0.07031188452940956 0.07752679200856548 0.08075565563605322
0.06892042196843057 0.07254147552010302 0.07427970386697179 0.08329376737207894 0.08732925596083525
0.07031188452940956 0.07427970386697179 0.07618452002495661 0.08606277279108439 0.09048572898552093
0.07752679200856548 0.08329376737207894 0.08606277279108439  0.1004296609611826  0.1068619440913108
0.08075565563605322 0.08732925596083525 0.09048572898552093  0.1068619440913108  0.1141988827467155

cov.inverse():
 3536574.465202696 -9621141.477327174  5893586.708580135  69565.09426928915  121624.5365271196
 -9621141.47760525  33649988.89616854 -24550246.89110396 -35038.98699809146  556261.2703053225
 5893586.708884492 -24550246.89144993  19563343.99971793 -185068.2310189627 -721656.4147507182
 69565.09430371615 -35038.98714643876 -185068.2308994244  409013.4723880486 -258494.5355565587
 121624.5364663897   556261.270521636 -721656.4149119218 -258494.5355509402  302315.4211118755

cov*(cov_.inverse()):
     1.000000000070941  2.182787284255028e-11  1.455191522836685e-11 -3.637978807091713e-12  3.637978807091713e-12
 5.638867150992155e-11      1.000000000247383                      0 -3.637978807091713e-12  1.455191522836685e-11
 5.093170329928398e-11 -7.275957614183426e-12      1.000000000160071 -3.637978807091713e-12  3.637978807091713e-12
 1.964508555829525e-10 -7.130438461899757e-10  2.619344741106033e-10      1.000000000003638 -1.091393642127514e-11
 2.364686224609613e-11 -1.673470251262188e-10 -1.164153218269348e-10  3.637978807091713e-12                      1
