7
2

0.0001329822351426623
0.0003148126759532675
 0.001059221009254413
 0.001165730366773812
 0.001278016371369727
    0.115528664332936
   0.7495645889417455

   0.03191375477545433    -0.2641216002808913     0.7833254112144684    -0.5614257680766614    -0.0102182109025857   0.002899026426207037    0.01763188640328159
   -0.4362883912325026     0.8039340457059814 -0.0006574661536716403    -0.4028060174349412  -0.006418640073201199    0.01230106781718274    0.02994753207185515
   -0.5340718409094667    0.01915349051575196     0.4626651296190149     0.6061781723821827     -0.314790825424163   -0.06843817224157651    -0.1706234641532596
   -0.3110249508592631     -0.124016003626498    0.02288267179983907    0.04520740707289927     0.8616004754289192    -0.1467876116998228    -0.3484454078570624
 -0.002926603738998893   -0.03059724391172055   -0.05431933183918435   -0.07344417077051145   -0.08950971160457423     0.8150429403312588    -0.5642726509131736
   -0.5703567206681562    -0.3913636020224593    -0.2010558178966216    -0.1096091880891672    0.04473266762754392     0.3649490793201005     0.5778419196695253
    0.3183541216973248     0.3377593000088418     0.3583911233949946     0.3682994876417015      0.385217790568382     0.4196749550874092     0.4426745807389347

0.3995058169943945
0.3984180393185747
0.3972251405144056
0.3967172541533484
0.3957635285072631
0.3937111111364467
0.3924363805818429

0.01508687413292121
 0.4016521911448974

0.08434793358714324   3.881767577853816   4.148579219989289  -7.804164355336502   1.046119721489834  0.3773382119632653   -1.73493858079139
  1.382068224305852  0.6645423314545524  -2.021371645963048  0.9614847211088878  0.3105073638395655  -0.146107164502551 -0.1501627147799257

  1.16157282910819e-07  6.115588784929837e-07 -3.187593952312328e-06  9.308230435113015e-07  2.322085388476767e-06   -0.03155192736870941    -0.1439283861005452
-3.998151266113368e-08 -4.588479420648119e-08 -1.278917482198995e-06 -2.361220634949329e-07 -7.731861585589464e-08   -0.01165890368365065     0.1606530742160372

cov:
 0.0612851323847329 0.06339302001205031 0.06563435234754476 0.06671041091752855 0.06856179170543075  0.0722876512927232 0.07478102012993122
0.06339302001205031 0.06614063770807622 0.06906176778319191 0.07046437376609117 0.07286861528327424  0.0777350069249186 0.08098768515093734
0.06563435234754476 0.06906176778319191 0.07270577937381964 0.07445560187646935 0.07744767352087835 0.08352672924425242 0.08758672944556574
0.06671041091752855 0.07046437376609117 0.07445560187646935  0.0763722695224307 0.07964675150985052 0.08630844213986336 0.09075634173444783
0.06856179170543075 0.07286861528327424 0.07744767352087835 0.07964675150985052 0.08340187041191897 0.09104933717111713 0.09615433379125805
 0.0722876512927232  0.0777350069249186 0.08352672924425242 0.08630844213986336 0.09104933717111713  0.1007352381141867  0.1071935899469182
0.07478102012993122 0.08098768515093734 0.08758672944556574 0.09075634173444783 0.09615433379125805  0.1071935899469182  0.1145572487563707

cov.inverse():
 2303664.625878036 -3996380.110990319  1191145.210923403  461294.7414258829 -37377.32697874562  15778.35078289983   61941.9625295466
-3996380.111323101  10478323.18914585 -11697772.46517192  5125244.170424891   18218.2966667712  53434.21399622565  19028.82130327186
 1191145.212012347 -11697772.46685468  34890410.80023371 -24612517.59392009 -564900.8967990157  70525.82857229572  723335.2727189291
 461294.7406571059  5125244.171830459 -24612517.59462399  19793148.02704904  213096.1713702326 -220543.4135041239 -759889.2301408015
-37377.32696588417  18218.29657197335 -564900.8965658917   213096.171219833  645828.5033663549 -121002.0300296675  -154254.031583867
 15778.35076403495  53434.21405690411  70525.82847332842 -220543.4134499552 -121002.0300246094  428755.7001864775 -226906.9931451562
 61941.96254813978  19028.82128188489  723335.2726947002  -759889.230111583 -154254.0315881356 -226906.9931430807  336889.9107251966

cov*(cov_.inverse()):
     1.000000000014552  6.798472895752639e-11  5.820766091346741e-11  2.546585164964199e-10  1.818989403545856e-12 -3.637978807091713e-12  3.637978807091713e-12
 2.728484105318785e-12     0.9999999999690772  2.182787284255028e-11 -8.003553375601768e-11    1.2732925824821e-11 -7.275957614183426e-12                      0
  4.82032191939652e-11  1.236912794411182e-10      0.999999999832653  1.164153218269348e-10  1.818989403545856e-12                      0 -3.637978807091713e-12
 1.818989403545856e-11 -9.481482265982777e-11  3.783497959375381e-10     0.9999999997962732 -1.091393642127514e-11                      0  7.275957614183426e-12
 1.728039933368564e-11 -7.753442332614213e-11  1.746229827404022e-10  -1.01863406598568e-10      1.000000000001819 -3.637978807091713e-12  1.455191522836685e-11
-1.818989403545856e-11  7.503331289626658e-11 -3.346940502524376e-10   1.01863406598568e-10  3.637978807091713e-12      0.999999999996362                      0
 1.818989403545856e-12    1.2732925824821e-11  2.182787284255028e-10 -4.365574568510056e-11  3.637978807091713e-12                      0      1.000000000007276
