6
2

0.000659722516237439
0.002215344388933683
 0.00225169991743254
0.003106225164735828
   0.103650395090375
  0.6472747521781221

   0.455860764928556  -0.8651883372906919  0.09947799710796303   0.1369288915080445  0.08250566416647255  0.09048494989298103
  0.2803156971982584  0.09673164336807993   -0.310178478146385  -0.2441661754290195  -0.5198097676255542   0.6971628898814035
  0.2505412302842938  0.07315494424783341  -0.6978206088856245  -0.2227113992751932   0.6279761666463221 -0.03113535982289876
-0.03474570466840994   0.0246190314502274  -0.4878660187586666   0.8327599316594856  -0.2404623926008992 -0.09413883898400596
 -0.7291783229767894  -0.2995303854456203 -0.08409604490703738  0.07165686943175173   0.2842693879182613   0.5343824331715696
  0.3434164733068163   0.3826433532740715   0.4023113726608273   0.4164242780690851   0.4358959828020158   0.4586722820229602

0.4004035240416814
0.4003286097108512
0.4003335254733677
0.4002523481166419
0.4001617765868875
0.4000595618036715

0.00108670013420384
 0.4007288090430045

   3.283008572373751   -1.118553343569578  -0.1965488207427819  -0.5825184437886092  -0.4823291276526367   -0.903046761489987
    1.58778663516732  -0.4316009828188726 -0.01382559880050993 -0.03196271408675749 -0.03447886296692998 -0.07579263323274985

 9.764606029237164e-07  3.123413071012742e-06  3.715489414877212e-06 -3.182340560037235e-06   -0.02904752447615837    -0.1033435995408238
 4.708233060420727e-07  1.867434994662311e-06  1.844047155249089e-06 -6.777267741930028e-07   -0.01160215903093696     0.1304896330396335

cov:
0.05512362307525762 0.05740100029086465 0.05854196418514709 0.05935263267703967 0.06048968304796909 0.06180816160957503
0.05740100029086465 0.06230738099022951 0.06476621359403197 0.06652800822079706 0.06896536374136697 0.07181223109057149
0.05854196418514709 0.06476621359403197  0.0678925025589637 0.07012257675707784 0.07321498355342217 0.07682784440198905
0.05935263267703967 0.06652800822079706 0.07012257675707784 0.07271471598677338 0.07626630703584868 0.08043302922830746
0.06048968304796909 0.06896536374136697 0.07321498355342217 0.07626630703584868  0.0804775497697918 0.08539537924965102
0.06180816160957503 0.07181223109057149 0.07682784440198905 0.08043302922830746 0.08539537924965102 0.09121229860047632

cov.inverse():
  506031.448809873 -897120.1215908505  53756.23292186937   115463.673793203  88604.29035731997  133357.6565985999
-897120.1215905675  1722915.806533302 -215173.6092042111 -278099.5707503372 -165816.2917250203 -166835.1991547215
 53756.23292083474 -215173.6092024062  163053.0421050737  35273.77007376607 -22562.96817242025  -14339.0058873523
  115463.673793357 -278099.5707507103  35273.77007403161  136884.7704782893  3482.127106853014 -12970.49647321343
 88604.29035864974  -165816.291727364 -22562.96817211977  3482.127107044292  154476.7960807864 -58183.47886309081
 133357.6565978677 -166835.1991535269 -14339.00588714781 -12970.49647335814 -58183.47886361315  118982.9434193128

cov*(cov_.inverse()):
     1.000000000003638 -1.818989403545856e-12  2.501110429875553e-12  7.958078640513122e-13 -9.094947017729282e-13  1.818989403545856e-12
 1.818989403545856e-12      1.000000000016371                      0 -3.410605131648481e-13                      0                      0
 5.456968210637569e-12  1.091393642127514e-11      1.000000000000227  6.821210263296962e-13  9.094947017729282e-13  1.818989403545856e-12
 3.637978807091713e-12  1.091393642127514e-11  2.046363078989089e-12      1.000000000000909                      0  1.818989403545856e-12
 7.275957614183426e-12  3.637978807091713e-12  2.273736754432321e-13  9.094947017729282e-13      1.000000000001819  1.818989403545856e-12
-1.818989403545856e-12  2.182787284255028e-11                      0 -1.364242052659392e-12                      0                      1
