5
2

0.0004979452086715383
 0.002522770243576888
 0.002713422182556248
   0.1002722946635336
   0.5748473404175996

 0.6140656113799245  -0.783175579535948 0.05671649733342512 0.05298710738367667 0.05945621851807596
 0.1925054318282476  0.1315583216924162 -0.6090891602079944 -0.3742162105001777  0.6592470625085119
0.05911532326514123 0.03530486166779126 -0.6396563261397652  0.7403014695705309 -0.1950704074916725
-0.6550766729842281 -0.4474642973505283 0.08941073348636835  0.2899793436533623  0.5277953733221873
 0.3914652151908153  0.4097043921551516  0.4567703350855398  0.4743630557453593  0.4952149519896937

0.4000489766547485
0.3999516923669588
 0.399747924650908
0.3995823303470938
0.3994333856355897

0.001836019598981467
  0.4004633826643275

   2.830522499397435 -0.04461410095170534  -0.5986109835266872  -0.8326121158376788   -1.354883663504149
   1.729942220171399  -0.4609344640942188 -0.05746660676211734 -0.08165467441903579  -0.1299058155711257

4.003000043994774e-07 2.049345733918161e-06 1.447286868939189e-06  -0.02859820832641208  -0.08247169690174244
3.491080838425219e-07 1.605744938120031e-06  6.45288915067964e-07  -0.01029959288267911    0.1186482189527624

cov:
0.05495474417466884 0.05594641982910045 0.05849764992042591 0.05945327960907073 0.06058515699603622
0.05594641982910045 0.05748191670732142 0.06143763118512072 0.06291763873395699 0.06467138200024433
0.05849764992042591 0.06143763118512072 0.06903044498586834 0.07185877993612737 0.07522034670956436
0.05945327960907073 0.06291763873395699 0.07185877993612737 0.07520823336371024 0.07916264949640608
0.06058515699603622 0.06467138200024433 0.07522034670956436 0.07916264949640608 0.08384263360978299

cov.inverse():
 1527120.727076231 -1935301.452475106  116898.2419792056  125833.1459863583  165588.2979449765
-1935301.452474396  2476655.468867454 -194806.4694060599 -171563.5423433414 -175129.9333792893
 116898.2419779399 -194806.4694045001  126838.8681508235 -16378.99938571736 -32538.97542859065
 125833.1459857817 -171563.5423426875 -16378.99938561609  107771.7624357561 -45654.98003414305
 165588.2979461089  -175129.933380793 -32538.97542839772 -45654.98003396446  87741.32767949007

cov*(cov_.inverse()):
    0.9999999999890861    1.2732925824821e-11 -2.728484105318785e-12  1.364242052659392e-12 -2.728484105318785e-12
-9.094947017729282e-12      1.000000000003638 -1.818989403545856e-12  4.547473508864641e-13  1.818989403545856e-12
-2.000888343900442e-11 -1.818989403545856e-12     0.9999999999977263  9.094947017729282e-13  9.094947017729282e-13
-9.094947017729282e-12 -2.000888343900442e-11 -1.818989403545856e-12     0.9999999999995453 -1.818989403545856e-12
-1.091393642127514e-11 -7.275957614183426e-12 -9.094947017729282e-13  4.547473508864641e-13      0.999999999998181
