6
2

0.0001326475711380061
0.0003113449469628689
0.0009904293699693179
 0.001858399375374801
   0.1092054861222952
   0.6873880536690465

-0.03025777536691121   0.2590515368887249  -0.7774377420324465   0.5720935646772087 -0.01089335570988273 -0.01255442492625345
  0.4279119685906608   -0.803526401548499  0.01925418516166257   0.4115148516355596 -0.02779647397341824 -0.02736472954651928
  -0.589047669930384 0.009888381440538921     0.45956772087743   0.5794868970011791  -0.2378868051603228  -0.2220976733875326
  0.1635930207878101  0.09983004146631388  0.03189609337390211 0.002657797593435786  -0.8263433080120588   0.5285864158427425
 -0.5658700324010019  -0.3744570616473661  -0.1709653767710818 -0.07324530924637658   0.2591556850127452    0.661677648827138
  0.3493237562724639    0.370075282835602   0.3921362297949294   0.4027250639426203   0.4387637484978676   0.4822294801197619

0.3990960541006389
0.3979704170193291
0.3967349143305611
0.3962085375944993
0.3941705578616346
0.3917825337018396

0.01558003878041767
 0.4013054735676671

 0.1703339486923215    3.46103015002503   4.977850638608069  -7.034952185963122  -0.603772644619529 -0.9708542187199236
  1.306685771902304  0.8782015287521058  -1.795396822848699  0.6940869662952012 0.05816210602334837 -0.1405769114852369

-1.228935628914324e-07 -5.296501456222938e-07 -1.467364332283653e-06  1.724060755244825e-06   -0.03013683843156944    -0.1294186991856527
 3.487378030100445e-08  1.035047222942237e-08 -1.144300672512818e-06  4.270272093678953e-07   -0.01061512375387863     0.1486833642068382

cov:
0.06147729357592825 0.06361028469952706 0.06587806080606164 0.06696628285800073 0.07067148085428818 0.07513012053347992
0.06361028469952706 0.06638421184362771 0.06933299709860299 0.07074815261528969 0.07556525866716877 0.08136865806464685
0.06587806080606164 0.06933299709860299 0.07300587659008198 0.07476862287651609 0.08076787396784178 0.08800088661124876
0.06696628285800073 0.07074815261528969 0.07476862287651609  0.0766982941076754 0.08326519074843959 0.09118463484621575
0.07067148085428818 0.07556525866716877 0.08076787396784178 0.08326519074843959 0.09176651161842748  0.1020178756854326
0.07513012053347992 0.08136865806464685 0.08800088661124876 0.09118463484621575  0.1020178756854326  0.1151005359200156

cov.inverse():
 2302494.821481333 -3993746.950219447  1147466.102557536  484945.9895995641 -278.2917591037619  59164.36305000688
-3993746.950194452   10477587.0792631 -11600028.38662709   5017525.43631969  43741.14522567756  55018.58512683412
 1147466.102581319 -11600028.38704372  34569892.00815728 -24924247.97564505  356709.8849970028  450093.4366275681
 484945.9895323753  5017525.436855447 -24924247.97623293  20690273.82758215 -613354.0465452452 -655161.4080921365
-278.2917499913152  43741.14518555165   356709.885070554 -613354.0465872263  270126.4340665132 -56978.85323004441
 59164.36305929319  55018.58507283464  450093.4367490964 -655161.4081695102 -56978.85322948691  147906.1721382068

cov*(cov_.inverse()):
     1.000000000030013  -2.02817318495363e-10  5.311449058353901e-10  -4.43833414465189e-10                      0  5.456968210637569e-12
 4.547473508864641e-12     0.9999999999281499  1.818989403545856e-10 -7.275957614183426e-11  3.637978807091713e-12 -1.818989403545856e-12
 1.818989403545856e-11  2.728484105318785e-12      1.000000000247383  5.820766091346741e-11 -1.818989403545856e-12 -5.456968210637569e-12
 2.728484105318785e-11  3.728928277269006e-11  3.565219230949879e-10     0.9999999995197868  7.275957614183426e-12  7.275957614183426e-12
-2.455635694786906e-11  7.639755494892597e-11 -1.527951098978519e-10 -5.820766091346741e-11      0.999999999994543 -5.456968210637569e-12
 2.455635694786906e-11 -3.274180926382542e-11  1.746229827404022e-10 -1.455191522836685e-11 -9.094947017729282e-13      0.999999999996362
