6
2

0.0001686910211702131
0.0003220194146481118
 0.001109726564865181
 0.002403052868802081
  0.09008473774947526
   0.6139931833982372

 -0.01895759064835209    0.3532588697593499   -0.7990659255928368      0.48588321670755 -0.006297039825697816  -0.01484163943020114
   0.4426448270348498   -0.7702379213323918  -0.07582366822687601    0.4513668283015763  -0.01477693664435855  -0.03315873082384243
  -0.5452565687224301   0.02952466677690766     0.413453715163826    0.6251108704896965   -0.2201766342512047   -0.3027180917279452
   0.1713336501227212    0.1080460354246284   0.06219177951820432   0.03392920610764587   -0.8523659696585144    0.4768900081423484
  -0.5818730660277773   -0.3457246286408849   -0.1450505066194964   0.01393453399000186    0.2146246935360676    0.6889126478727287
   0.3721155149791497    0.3871311727434994    0.3998661981214458    0.4099713689538564    0.4226969763971619    0.4527883224915852

0.4000009039563474
0.3999589594110122
0.4000018239322606
0.3999426044010954
0.3998920478657659
0.3996744668260092

0.001205045238790016
  0.4003405595207623

  0.9805464450700319    1.588074517556498    9.651702999978966   -11.27362235354195  -0.2066661597716321  -0.7400015849896308
   1.576262404240935  -0.2377902717583484   0.7242781078668963   -0.982646950494229  -0.0164633599284443 -0.06367029529221807

-3.595588438348407e-07 -6.825238203083665e-07 -4.033113272395545e-06  2.197797073911135e-06   -0.02621893802979014   -0.07736696455580838
-3.326676497754623e-08  3.990058196579801e-08 -1.426557763448347e-06  1.384459819233824e-06  -0.008124357455576799     0.1302359215427762

cov:
0.05494965100501917 0.05594048225309938 0.05677912497586459 0.05744582602465823 0.05828301208185713 0.06026607249338409
0.05594048225309938 0.05746945563793062 0.05876494979704792 0.05979364069289402  0.0610872456301337 0.06414903090548085
0.05677912497586459 0.05876494979704792 0.06044866795115617 0.06178488736318987 0.06346623334290036 0.06744448221571797
0.05744582602465823 0.05979364069289402 0.06178488736318987 0.06336486154126873 0.06535349830937284 0.07005806978356743
0.05828301208185713  0.0610872456301337 0.06346623334290036 0.06535349830937284 0.06773548490650931 0.07335015063996968
0.06026607249338409 0.06414903090548085 0.06744448221571797 0.07005806978356743 0.07335015063996968 0.08114190650231218

cov.inverse():
 2148672.071809614 -3533061.247456345  27460.83644594907  1327270.543867066  13298.31047299393  16476.08506877172
-3533061.247761252  10109254.79780605 -9345258.545482194  2694672.600334747  10353.84100504736   63690.0702065286
 27460.83722052666 -9345258.546838751  22632778.46499049 -13763456.61398727  104522.6399823749  344492.1570446908
 1327270.543378662  2694672.601434618 -13763456.61460967  10578416.13233857 -288609.2034751382 -548603.0939027221
 13298.31047125711  10353.84100807379  104522.6399842257 -288609.2034787943  168683.3637515327 -8240.471492855093
 16476.08508926445  63690.07015525696  344492.1570832296 -548603.0939099647 -8240.471493370689  132198.1913586163

cov*(cov_.inverse()):
    0.9999999999888587  -1.77351466845721e-11 -1.127773430198431e-10  8.003553375601768e-11  1.534772309241816e-12 -4.547473508864641e-12
 4.547473508864641e-12     0.9999999999836291  5.456968210637569e-11 -9.458744898438454e-11 -1.818989403545856e-12                      0
 4.160938260611147e-11 -9.276845958083868e-11     0.9999999999890861 -4.365574568510056e-11 -2.842170943040401e-12 -1.091393642127514e-11
-2.387423592153937e-11 -1.455191522836685e-11  1.673470251262188e-10     0.9999999999563443  5.684341886080801e-13  1.818989403545856e-12
-5.911715561524034e-12 -1.455191522836685e-11 -1.782609615474939e-10 -1.309672370553017e-10     0.9999999999990905  3.637978807091713e-12
 2.933120413217694e-11 -3.819877747446299e-11  2.182787284255028e-11 -7.275957614183426e-11  1.023181539494544e-12                      1
