5
2

0.0001714558349061697
 0.001066373295504161
 0.002037086245619247
  0.08646540460823517
   0.5950834234159433

 -0.1394064378141667    0.751960291966639  -0.6438666746642562 0.009803650401915004  0.02147459189372827
 -0.5105853447827698   0.4475791139721613    0.619600506301226  -0.2702188489326909  -0.2864481256732382
  0.2606430519681129  0.06699334948979993  0.02515842002471487   -0.833914757333279   0.4811759781914755
 -0.7070919400358067  -0.2089368284490515 -0.06686032630988009    0.139619046414525   0.6575732724937092
  0.3898135946656704   0.4313768061487908   0.4432016115896397   0.4604110788201835   0.5035408449318459

0.3984914958778463
0.3978481675500029
0.3977230291989487
0.3974221439512475
0.3966448019625635

0.004512447728784618
  0.3992833235230057

   1.779839622558458    10.54776464685147   -11.46661789705298  -0.1828243073727485   -0.678839610145306
   1.513296618900995   0.2720406336754025  -0.7102514364033607 -0.02106903485077377  -0.0537683982627227

 4.424258778566568e-07 -3.466799178972115e-06  2.937460483743877e-06   -0.02368165235109879   -0.09354356920684916
 1.321536449757786e-08 -1.216621205163945e-06  1.603800843771442e-06  -0.008356146517095164     0.1259606013476735

cov:
0.05754938222420688 0.06065264975756842 0.06153376127412218  0.0628174491199868 0.06603450271577149
0.06065264975756842 0.06622418926626861 0.06780867038740045 0.07011439388321129 0.07589421835173207
0.06153376127412218 0.06780867038740045 0.06959367939571241 0.07219073769267295 0.07870110585916573
 0.0628174491199868 0.07011439388321129 0.07219073769267295 0.07521539205669997 0.08278349721741007
0.06603450271577149 0.07589421835173207 0.07870110585916573 0.08278349721741007 0.09302322034509769

cov.inverse():
 906783.7092454869 -3762669.724613654  2776717.619836755  22447.82750094121  56940.72221535437
-3762669.724614287  19411947.29758786 -16225442.62205093  130948.1818536608  444312.5718670575
 2776717.619835848 -16225442.62204436  14439971.47071549 -367014.0163211204  -623509.929059828
 22447.82750326951  130948.1818427738 -367014.0163124828  235065.0077417811 -21453.08976681444
 56940.72221456217  444312.5718707471 -623509.9290628037 -21453.08976673619  143696.1121872502

cov*(cov_.inverse()):
      1.00000000001728 -1.309672370553017e-10  2.619344741106033e-10 -2.273736754432321e-12  1.818989403545856e-12
 2.000888343900442e-11     0.9999999997962732   2.91038304567337e-11 -2.955857780762017e-12                      0
 1.364242052659392e-11 -9.458744898438454e-11      1.000000000014552 -2.046363078989089e-12                      0
-1.455191522836685e-11  3.637978807091713e-11  7.275957614183426e-12      1.000000000003183  1.818989403545856e-12
-9.094947017729282e-13   2.91038304567337e-11 -7.275957614183426e-12 -1.818989403545856e-12      1.000000000001819
