6
2

0.0001431718964659487
0.0003512953957460141
 0.001277280855123201
 0.002038028196271557
  0.08003482628470659
   0.6041206369476732

 -0.05479919527777258    0.3801188710316405   -0.7916143535030388    0.4751905115874824 -0.002482467034851854 -0.006420472346564431
   0.4896416566710547   -0.7448600393187147   -0.1316857279305834    0.4324723883913342   -0.0193675479319511  -0.02619103480465424
  -0.4266668217380269   0.03082918993322634    0.4274161168733783    0.6326211184671284   -0.4142692250247973   -0.2499839534443522
   0.1702755329389722    0.0621196712364995   -0.0403162421957249  -0.09243336211282079   -0.7397583947311925    0.6401059138426103
  -0.6372143805444681   -0.3809737413657092  -0.09280452286055306   0.08611479484717489    0.3152595003922508    0.5774078728893703
   0.3743896307150932    0.3882562061256689    0.4038353235863373    0.4135123300733253     0.425874053540523    0.4400515852035198

0.3834816119894395
0.3817176264549925
0.3798009924019351
0.3785382894253301
0.3769864151042201
0.3750036926434827

0.02582772607140508
 0.3870257867023461

  0.8707500794883759   0.3219785453291418    14.77291321876841   -15.41469054862281  -0.1724261007323511  -0.3784716695371537
   1.579596555819074  -0.4489513251935162    1.382324307902899    -1.47058697140517 -0.01539326968180174 -0.02696039806463352

-3.882733307048332e-07 -1.038115783516424e-06 -5.927091584795666e-06  3.666777036376944e-06   -0.02337289591105598   -0.07201034897989524
-4.202295214153661e-08  3.589036072682111e-08 -1.654584060706224e-06  1.310069466661286e-06  -0.007115619948856423     0.1272922373393165

cov:
 0.0537571901178444 0.05460551628758856 0.05555767685700341 0.05614947641338874 0.05690349506437752 0.05777152708455028
0.05460551628758856 0.05594518524761441 0.05744941809968795 0.05838396515797392 0.05957622848081737 0.06094579547570241
0.05555767685700341 0.05744941809968795 0.05957453355310349 0.06089453438326863 0.06257963483316573 0.06451322777705056
0.05614947641338874 0.05838396515797392 0.06089453438326863  0.0624539200099623 0.06444504295804901  0.0667289061614922
0.05690349506437752 0.05957622848081737 0.06257963483316573 0.06444504295804901 0.06683183422401932 0.06956045217076356
0.05777152708455028 0.06094579547570241 0.06451322777705056  0.0667289061614922 0.06956045217076356 0.07281058316389988

cov.inverse():
 2207854.498509601 -3977019.640581071  1480369.052548097  276295.8833802782  7777.962107066035  4809.096781546037
-3977019.640286236  11546240.07391375 -13877412.77267398  6212223.251088382   51952.0264107946  43836.12935116049
 1480369.051763275 -13877412.77152035  30824037.54277243 -18646103.96905512  15179.90206627391  204184.9585804715
 276295.8838720723  6212223.250271352 -18646103.96880388   12778823.2768114 -269592.9587185597 -351795.8567830595
 7777.962113984593  51952.02635871006  15179.90217659103 -269592.9587845528  240303.2225630968 -45609.63853648095
 4809.096772818579  43836.12936147704   204184.958587743 -351795.8567910774 -45609.63853732389  144573.6589023942

cov*(cov_.inverse()):
     1.000000000005741 -1.341504685115069e-10  3.456079866737127e-10  6.184563972055912e-11  4.547473508864641e-13  5.456968210637569e-12
 9.663381206337363e-13       1.00000000011778 -4.001776687800884e-11  4.365574568510056e-11 -9.094947017729282e-13                      0
 -8.29913915367797e-12  1.455191522836685e-10     0.9999999998708518  6.184563972055912e-11 -1.364242052659392e-12 -1.818989403545856e-12
 -5.74118530494161e-12  8.230927051045001e-11 -2.073647920042276e-10      1.000000000029104 -4.547473508864641e-13                      0
 1.523403625469655e-11 -7.412381819449365e-11  3.437889972701669e-10                      0      1.000000000002274  1.818989403545856e-12
 5.343281372915953e-12 -6.821210263296962e-12  3.819877747446299e-11  8.003553375601768e-11  2.728484105318785e-12                      1
