5
2

0.0004620752646343602
 0.001113331758575175
 0.001270951941776944
  0.08942548122768249
   0.6541529584062213

  0.6044928532648381  -0.7880428323592429   0.0305893480541569  0.05486594743319839  0.09813717092333836
  0.2864559033087054   0.2275070704059102  -0.8787118184510274  0.06575750316288302   0.2995413815605208
-0.04784830769544576 -0.05508327012708349  -0.1576778922504413   0.8143671975313408  -0.5537328983212003
 -0.6353467301958854  -0.3972512321139165 -0.08978491133416554   0.3111681624323802   0.5776149542719131
  0.3828530758547031   0.4079047918554338   0.4404613307570646   0.4823340345273668   0.5102792356487154

0.3998501803208822
0.3987158234479053
0.3973253578648386
0.3953690175244285
0.3941590567455867

0.01438452875319569
 0.4029307385175026

    6.3255107114879  -5.627118265865261   1.056225709844397  0.2563952254408089  -2.011511117707983
  2.867109652608196  -1.883420202328958  0.3305756766663244 -0.1673645966117933 -0.1460147228559799

 1.730977591684987e-06 -1.217219064380266e-06  1.879248030802063e-06   -0.02367441513170201     -0.133135352976907
 6.840895341742715e-07  5.898245161660145e-08 -2.277744275794002e-07  -0.009912316397080071     0.1368464984060569

cov:
0.06595069620289748 0.06884497434330285 0.07261622066201649 0.07743927854083182 0.08066394019457469
0.06884497434330285 0.07246156705817652 0.07716708421417702 0.08320235787349838 0.08723390167925414
0.07261622066201649 0.07716708421417702 0.08308383144115833 0.09068685783876657 0.09576276774520245
0.07743927854083182 0.08320235787349838 0.09068685783876657  0.1003284028209637  0.1067574926007273
0.08066394019457469 0.08723390167925414 0.09576276774520245  0.1067574926007273  0.1140915805012113

cov.inverse():
 1779090.607626654 -2176840.592073781 -111792.5414070394  146384.4679122102  363425.2768898794
-2176840.592082813  2952190.980629453 -268802.7164371956 -218216.8664141242 -288373.7841142121
-111792.5413935808 -268802.7164538688  642711.9211387885  -118253.076211629 -144244.9463728062
 146384.4679115193 -218216.8664134467 -118253.0762113626  428165.2567067621 -238033.7491043151
 363425.2768861349 -288373.7841072371 -144244.9463762882  -238033.749104062  307356.9222430474

cov*(cov_.inverse()):
    0.9999999999818101  4.365574568510056e-11 -1.818989403545856e-12  3.637978807091713e-12  3.637978807091713e-12
 1.091393642127514e-11     0.9999999999781721 -5.456968210637569e-12  1.091393642127514e-11  3.637978807091713e-12
  2.91038304567337e-11 -2.546585164964199e-11      1.000000000001819                      0  7.275957614183426e-12
 7.275957614183426e-12  3.637978807091713e-12 -1.818989403545856e-12      1.000000000007276  7.275957614183426e-12
 4.365574568510056e-11 -7.275957614183426e-12                      0  3.637978807091713e-12                      1
