7
2

0.0002649030583292633
0.0007303328231620437
 0.002137384118351462
 0.002346318154560865
 0.003138064207410829
   0.1143549457970602
   0.6858000910228704

 -0.3789619389401159   0.7865272359156273  -0.4859933491550942  0.01517243092963106     0.02199346018805  0.01855849086368048  0.02269114453241825
 -0.5426553458640769   0.2280136626806007   0.7734709783100446  -0.1106253550033116  -0.1578170439538592 -0.09369040150238171 -0.09672389096081495
-0.07871631178797354 -0.05154452092246437 -0.02034689540916679 -0.08962109422565917   0.0698646804961064   0.7791911698631753  -0.6088357866985231
 -0.2762226494540607  -0.1688240787178304 -0.04566048405776892   0.8011086278449739   0.2742197995815775  -0.2411228171955256  -0.3435154341608859
 0.05549608061911838  0.01382326578529768 -0.03035090755091373   0.4412368948754338  -0.8523700804671248   0.2378151862349671   0.1342650754699898
 -0.6080978904318373  -0.4252295718772329  -0.1710958732595841 -0.02002905589293419   0.1252325894002439   0.3210842088135532   0.5485832072983258
  0.3264275651890189   0.3423667596686111    0.364498640458799   0.3776687616853415   0.3902749553325405   0.4073665020159826    0.427171027089828

0.4000890989565665
0.3999028775064282
0.3996859125025313
 0.399465014236392
0.3993018515084106
0.3990248752049252
0.3987202952827745

0.003358350923560112
  0.4007109334586371

  -0.1777004573981676     6.017110048512436     -3.77826706856052   -0.1413311065213104   -0.6409599105806616   -0.4136086991552115   -0.8653142691824594
    1.429911587795787    0.1851315670407886   -0.4406142615767173 -0.006804107209233939  -0.05425226998195488  -0.04773923182154914  -0.06560729520402081

 4.626282978950862e-07 -6.479197974411142e-07 -2.140085256064832e-07 -3.777877100206974e-06  4.504408395636068e-06   -0.03254991624397453     -0.101954248012447
-1.303872015992499e-08 -5.624053499723588e-07 -5.188307525703079e-07 -2.160187328284164e-06  1.165598576868476e-06   -0.01217263938801288     0.1403093297676199

cov:
0.05495143316238014 0.05594387142047268 0.05732043972302589 0.05814033037657274 0.05892061981281822 0.05998828501841161 0.06122029201707218
0.05594387142047268 0.05749360215946903 0.05964402811997379  0.0609238833295106 0.06214627163904929 0.06380978194447456   0.065734099587842
0.05732043972302589 0.05964402811997379 0.06286977426136058 0.06478881918303485 0.06662539148243937  0.0691169835029786 0.07200327704484377
0.05814033037657274  0.0609238833295106 0.06478881918303485  0.0670944700515325 0.06928760166390641 0.07227437422833496 0.07573224979474563
0.05892061981281822 0.06214627163904929 0.06662539148243937 0.06928760166390641 0.07184953779062722 0.07529780664575683  0.0793058632658188
0.05998828501841161 0.06380978194447456  0.0691169835029786 0.07227437422833496 0.07529780664575683 0.07940054065569059 0.08414513912241052
0.06122029201707218   0.065734099587842 0.07200327704484377 0.07573224979474563  0.0793058632658188 0.08414513912241052 0.08975998502055024

cov.inverse():
 2614168.626207229  -4470039.20382329  1840098.831345113 -5551.967034853265  22015.43595886602 -4905.753121331772  4322.579191809832
-4470039.203837924  8918899.031190734 -5114921.174704633   99831.1802857789  168647.3228293335  166884.6299989476  230555.9970934359
 1840098.831367141 -5114921.174730143  4487974.716914887 -273102.0692501797 -381130.1759439564 -266597.5716106104 -292270.0501619998
-5551.967038135808  99831.18029161361 -273102.0692530369  164329.4495813049  37828.04032136228 -16273.77537578872 -7061.509362406258
 22015.43595660446  168647.3228320441 -381130.1759440643  37828.04032123235  142095.7392405929  12861.74652285245 -2307.609565207167
-4905.753115961456  166884.6299856018 -266597.5716004485 -16273.77537629982  12861.74652229023  170576.7600308235 -62550.67815702432
 4322.579184588127  230555.9971091114 -292270.0501726762 -7061.509362070197 -2307.609564433749 -62550.67815591132    129306.03132898

cov*(cov_.inverse()):
     1.000000000031605 -2.182787284255028e-11  5.456968210637569e-11  5.115907697472721e-13 -1.165290086646564e-12 -1.818989403545856e-12  1.818989403545856e-12
 2.307842805748805e-11      0.999999999996362  6.184563972055912e-11  1.193711796076968e-12 -1.733724275254644e-12 -9.094947017729282e-13  1.818989403545856e-12
 6.139089236967266e-12  3.637978807091713e-12      1.000000000090949  -1.13686837721616e-13 -1.989519660128281e-12 -4.547473508864641e-12                      0
 2.842170943040401e-11 -5.093170329928398e-11   8.36735125631094e-11      1.000000000003865 -3.950617610826157e-12 -1.818989403545856e-12 -1.818989403545856e-12
 4.803268893738277e-11  1.818989403545856e-11   2.91038304567337e-11  1.818989403545856e-12     0.9999999999997158 -9.094947017729282e-13 -1.818989403545856e-12
 9.606537787476555e-12 -5.093170329928398e-11  1.055013854056597e-10  7.958078640513122e-13 -5.371703082346357e-12      0.999999999998181                      0
 9.663381206337363e-13 -7.275957614183426e-12  7.275957614183426e-12 -9.094947017729282e-13 -8.810729923425242e-13                      0                      1
