12
1

0.1855175809205456
0.7350462702318559
0.8042729182402735
 0.926478299641521
 1.023951679405309
 1.144055862704007
 1.443874321335491
 1.755423014946184
 2.057666674784299
 2.494910403606259
  4.52067627143495
 6.943052580286873

    0.5198295021485139    -0.2015929478484764    -0.7578020010384648     0.3119609677845038    0.04770721317312086   -0.03035044557352883    0.06071108665089023     0.0100495043594682    0.06743161109413728   -0.02867470939152995    0.05840749296821144   -0.04230131429534614
    0.1689593712971472   -0.04006672282029114    0.05096906906790916   -0.09503242545554003    -0.1436424030370846     0.8959508957552761     0.1320554173920064      -0.32009141356535    0.04934473058448811     0.1094243276275651   0.008411021612535981    -0.0219261403385328
    0.4005438094843367   -0.07458584409634958     0.2256610469050159   -0.08611330844612566    -0.3516547389295936     0.1399297206131445    -0.4812940915839364     0.5540266134447632    0.01094558291283491     -0.265455439567036     0.1144207101119687    -0.1007662163507908
    0.5619440518531491   -0.05343402648176396     0.2953904823368814    -0.2611243636362047    -0.1497573105256947    -0.3663589315451528      0.125795289751507    -0.4114074595662487    -0.2359524770891069     0.2531718877758695     0.1819817396217699    -0.1769424081776853
    0.1738823980037681  -0.001030629229180453    0.07203437361637412     -0.144601358840062    -0.2527724972316794    -0.1737200430394384    0.08069765637292013     -0.177677358162611     0.6920998310302178     -0.179354332498275    -0.4885659967312362     0.2482831359337986
   -0.1532652316369637   -0.01103852505900057   -0.03749437181188547     0.1459769287351514    -0.2764129775239978   -0.02749046872376643    0.01194477441306196     0.2005846114411477     0.2423344942213039     0.5947986263755582    -0.2096435701570007    -0.6161771373251734
   -0.2383667164849617   -0.08316086526784024   -0.09818383167479239     0.1187315137837291    -0.6673912588345832   -0.08443064533587094     0.1976733297028361    0.01903610325512919    0.05819759662336158     0.1321947825332779     0.4983631036827111     0.3890030760222293
    0.3049554862390184     0.1839552763648769     0.2191951834004977     0.1610790100993453     0.3021048695546538    0.06153623996322938     0.1376236202894369     0.3823071159692104     0.0965737396511154     0.5353170385300475   -0.01089077708609967     0.4929575549818155
  -0.09264285382389076   -0.08938674570676275   -0.08941238212881233    -0.1431797626216193     0.2421185719650813   -0.01995666215771762    -0.6597992662719241    -0.2870986076833185     0.3979287753144422      0.271728046097262     0.3749357152057556    0.07342824706807795
   0.06022986400585966    0.05416292224768831     0.3588782127532449     0.8442769168670385   -0.04989962871195456   -0.01546045085790862    -0.1905707367247853    -0.3082479292830241    0.01117091832580587    -0.1278335516461801   -0.01716782468785217   -0.03190182996787834
  -0.08400012366091592    -0.5512576368755265   -0.04689415171183712 -0.0004760190837845041    -0.1513705466632422  -0.007034951102712196    -0.3119430714889695   -0.07506352127849845    -0.4057288904467952     0.2486398045796566    -0.4841478173988174      0.316413289678137
   0.04696108474388144     0.7704868062854042    -0.2858168238839146   -0.04981101866734676    -0.2645782343324222  -0.003904234609158876    -0.3126923733348981    -0.1408454666145172    -0.2523787537251055     0.1031940271109015    -0.2095380189391503     0.1187066492740227

 35.5584752437607
86.42285481169826
53.50519909038979
131.3503369595808
64.27625704129611
158.1499607972462
74.50056350522705
184.0181566131246
88.19427648105969
219.2791264646359
104.5732437301057
260.7471326722207

0.4015999229097504

  -0.02016678953834641   0.008076202172915133    0.01882236481677494  -0.007568132059676519 -0.0001222503090459339  5.012528705226769e-05  0.0006038606049329683 -0.0004121698968386359    0.00030024070896347 -0.0003199529771141097  0.0003533952146608807  -0.000236352681196137

-0.0009860667148053779 -0.0009672725826571859  -0.002650406348604871    -0.0034576686169395 -0.0009297417207092013   0.001442582198081455   0.003412923310732403  -0.006559203537623136   0.001626028026003168  -0.002171440580646606   -0.08631648459461366  -0.001771015866069693

cov:
     1.176461976341185      2.909783644444877    0.07055860155984767     0.1461029823608249  -0.003470463391496949    0.01968490827000344   0.007518961813122516  0.0002967187150589193   0.007398553946004446    0.00042422559417249    0.01759453476242686   0.009379006091546467
     2.909783644444877       35.0070859198123     -9.811239453994592     -1.421096925220583     -7.912293860884192   -0.02244393406925355      -7.85664510681365     -4.171202219440383     -4.900687545264333      1.156937197414804     -2.579531311906794      1.040196989643273
   0.07055860155984767     -9.811239453994592      5.122920976361041      2.603842116019866       3.82795639742846    0.03362788466154673       4.45302292248157      1.631172182066537      3.775505346910828     -1.727540491616866      3.096299647405055     -1.794586373881593
    0.1461029823608249     -1.421096925220583      2.603842116019866      4.874021648222942     0.2590707826439932 -0.0009842123924294467     0.2521269599890604    -0.7693193906399124     0.4816087522502643    -0.6953475149264983      0.295336780385129    -0.2687321695141585
 -0.003470463391496949     -7.912293860884192       3.82795639742846     0.2590707826439932      5.593745966240052     0.2323285122982497       4.24649890120636      2.085674786634196      4.640432017720613     -1.601005061315551      4.011706208723451     -2.285560133083238
   0.01968490827000344   -0.02244393406925355    0.03362788466154673 -0.0009842123924294467     0.2323285122982497     0.6256952950676699     0.1347024535548839     0.2100751669103403    0.04342842701325277   -0.02696251773501194    0.04289862836534114   -0.03306100245087033
  0.007518961813122516      -7.85664510681365       4.45302292248157     0.2521269599890604       4.24649890120636     0.1347024535548839      9.091136682238126      3.687627176414892      5.367963926629134     -3.354700364662626      5.358801199435837     -3.582416982634704
 0.0002967187150589193     -4.171202219440383      1.631172182066537    -0.7693193906399124      2.085674786634196     0.2100751669103403      3.687627176414892      2.947961509033386       1.96031418631098    -0.5451048956349401      1.760787149742111    -0.9010960905857116
  0.007398553946004446     -4.900687545264333      3.775505346910828     0.4816087522502643      4.640432017720613    0.04342842701325277      5.367963926629134       1.96031418631098      7.770100844071053     -2.684639617675913       6.79469685098178     -3.733243659005884
   0.00042422559417249      1.156937197414804     -1.727540491616866    -0.6953475149264983     -1.601005061315551   -0.02696251773501194     -3.354700364662626    -0.5451048956349401     -2.684639617675913       3.71447129683411     -2.989068923291238      2.679767989288472
   0.01759453476242686     -2.579531311906794      3.096299647405055      0.295336780385129      4.011706208723451    0.04289862836534114      5.358801199435837      1.760787149742111       6.79469685098178     -2.989068923291238      8.366872706163361     -3.815534610985111
  0.009379006091546467      1.040196989643273     -1.794586373881593    -0.2687321695141585     -2.285560133083238   -0.03306100245087033     -3.582416982634704    -0.9010960905857116     -3.733243659005884      2.679767989288472     -3.815534610985111       4.41413896479134

cov.inverse():
    8.627450024008407    -3.104216428827948    -11.04215586567478      4.43040031469433    0.4510912859529016   -0.3409648301349871    0.7591757506341571    0.1115894140760252    0.9683508078316339    -0.467149666863922    0.9536843374980606   -0.7094732114178787
   -3.104216428827947     1.239644907520264     4.409518694350769    -1.780672870823467    -0.177373247600591    0.1258632231970042   -0.3018990991422296  -0.04969994327129445    -0.385881083034705    0.1846297821683114   -0.3838978107838425    0.2824333896422627
   -11.04215586567478     4.409518694350767     16.92138782616817    -6.954000066147697    -1.200802420099967    0.6723032022287424    -1.437718469767175   -0.2021288687202693    -1.518056586757064    0.6244123497705192    -1.241063615156484    0.8799280342706978
    4.430400314694329    -1.780672870823468    -6.954000066147699     3.106110473101896    0.5172030456214828   -0.3219865931568211    0.5583241905513571     0.234782180555197    0.6011252161371756   -0.2208949735165145     0.514377988694661   -0.3743103995344405
   0.4510912859529003   -0.1773732476005905    -1.200802420099965    0.5172030456214819    0.7010197819866676    -0.212616611889547    0.1848078333493182   -0.1111382164502592  -0.08457102118994005  -0.02675373752540191   0.01253954512780011    0.0283721179770278
   -0.340964830134988    0.1258632231970044    0.6723032022287434   -0.3219865931568213   -0.2126166118895471     1.733272109932991 -0.007523515718196383   -0.2099716651862283  0.003503171322647129   0.06276404356336257  -0.02706781207719589   0.02017584046098354
   0.7591757506341569   -0.3018990991422293    -1.437718469767174     0.558324190551356    0.1848078333493186 -0.007523515718196261    0.6625669170954495   -0.4697546146982819   0.09907485494637168    0.1959494469905237  0.004719247769781949   0.02538649069463149
   0.1115894140760278  -0.04969994327129561   -0.2021288687202739     0.234782180555199   -0.1111382164502591   -0.2099716651862285   -0.4697546146982813     1.008147972002412   0.01997880133948195   -0.2460458880355354   0.05453133552564631  -0.07756187456020586
   0.9683508078316353   -0.3858810830347055    -1.518056586757066    0.6011252161371762  -0.08457102118993984  0.003503171322647157    0.0990748549463718    0.0199788013394816    0.7548382847713494  -0.08823957113420489   -0.2347150900395883   0.03810831226756495
  -0.4671496668639207     0.184629782168311     0.624412349770518   -0.2208949735165139  -0.02675373752540177   0.06276404356336245    0.1959494469905237   -0.2460458880355352  -0.08823957113420482    0.6553294797901492 -0.004150036399340532   -0.1827458595083839
   0.9536843374980606   -0.3838978107838423    -1.241063615156483    0.5143779886946606   0.01253954512780022  -0.02706781207719581   0.00471924776978223    0.0545313355256459   -0.2347150900395885  -0.00415003639934064    0.5841148530390635  -0.05464009455011939
  -0.7094732114178784    0.2824333896422626     0.879928034270697   -0.3743103995344401   0.02837211797702783   0.02017584046098346   0.02538649069463157  -0.07756187456020573   0.03810831226756536   -0.1827458595083837  -0.05464009455011962    0.6120006380426128

cov*(cov_.inverse()):
     1.000000000000002 -3.352786798194174e-15 -9.664144484666792e-15  2.633743917401787e-15 -1.788933584601082e-18  2.738152586612141e-16 -6.131976437034892e-16  4.517870452747097e-16  9.790345617544105e-17 -6.028164079019405e-16 -3.049860711201724e-16  1.023486850826316e-16
-4.440892098500626e-15     0.9999999999999976  1.032507412901396e-14  -3.33066907387547e-15  3.122502256758253e-17  1.318389841742373e-16  5.238864897449957e-16  3.469446951953614e-16 -8.257283745649602e-16 -3.608224830031759e-16 -6.522560269672795e-16                      0
 2.886579864025407e-15 -6.661338147750939e-16     0.9999999999999878  2.220446049250313e-16 -3.816391647148976e-16  4.093947403305265e-16  4.232725281383409e-16 -1.665334536937735e-16   7.91033905045424e-16  4.440892098500626e-16  6.938893903907228e-17                      0
 4.163336342344337e-15 -2.789435349370706e-15  4.302114220422482e-15     0.9999999999999979 -1.717376241217039e-16  3.382710778154774e-17  7.225123277443402e-16 -4.232725281383409e-16  7.632783294297951e-17  -1.52655665885959e-16   3.95516952522712e-16 -1.942890293094024e-16
 3.774758283725532e-15  5.551115123125783e-16  8.881784197001252e-16 -1.332267629550188e-15     0.9999999999999996   6.38378239159465e-16 -1.047772979489991e-15                      0   4.85722573273506e-16  5.551115123125783e-17 -1.110223024625157e-16                      0
-5.898059818321144e-17 -2.949029909160572e-17  1.040834085586084e-17 -5.204170427930421e-18 -5.561957144850638e-17                      1 -1.799775606325937e-17 -2.732189474663471e-17 -3.686287386450715e-18  6.938893903907228e-18 -2.125036258071589e-17  1.387778780781446e-17
-7.105427357601002e-15  4.662936703425657e-15  3.108624468950438e-15 -5.773159728050814e-15 -6.245004513516506e-16  6.522560269672795e-16     0.9999999999999973 -5.551115123125783e-17 -8.326672684688674e-16  4.440892098500626e-16 -2.164934898019055e-15  4.440892098500626e-16
 2.775557561562891e-15 -6.106226635438361e-16 -9.547918011776346e-15   1.77635683940025e-15  8.673617379884035e-17  4.163336342344337e-17  2.289834988289385e-16     0.9999999999999993  7.008282842946301e-16 -1.665334536937735e-16 -3.469446951953614e-17 -2.220446049250313e-16
-7.993605777301127e-15 -2.886579864025407e-15 -4.440892098500626e-15                      0 -6.245004513516506e-16   3.33066907387547e-16 -1.193489751472043e-15   3.33066907387547e-16                      1 -2.220446049250313e-16 -3.608224830031759e-16  4.440892098500626e-16
-3.108624468950438e-15  6.661338147750939e-16 -8.881784197001252e-16  1.110223024625157e-15  7.355227538141662e-16  2.775557561562891e-17  4.302114220422482e-16  2.775557561562891e-17 -1.110223024625157e-16     0.9999999999999999 -2.775557561562891e-17 -4.440892098500626e-16
-1.332267629550188e-15 -2.220446049250313e-16  6.661338147750939e-15 -2.442490654175344e-15  -3.05311331771918e-16   3.05311331771918e-16  5.551115123125783e-17                      0  -3.05311331771918e-16  1.110223024625157e-16                      1 -4.440892098500626e-16
                     0 -1.110223024625157e-15  4.440892098500626e-16  1.998401444325282e-15  2.775557561562891e-16 -1.110223024625157e-16  1.665334536937735e-16  4.996003610813204e-16  5.273559366969494e-16  1.110223024625157e-16 -7.216449660063518e-16     0.9999999999999993
