12
1

0.03698081069805205
0.05218031776961567
  0.485666966000058
  0.729353505076244
 0.8255983848703766
 0.9067247584270669
 0.9802892757355762
  1.471610175180639
   1.72754927194915
  2.957292155268028
  4.660922421958929
  5.871443888017844

     -0.25823565304508    0.07875828144889212     0.7665394703295633    -0.2333331315726742    -0.5105383689692433     0.1560472941891771   0.006787834879955995 -0.0004486960156122632   -0.00607466923410452 -0.0009498471788761494  0.0001093275681721207 -0.0003077733995137986
    0.4891982358877652    -0.1493358498614361    -0.2674160948179491    0.08179545285925646    -0.6421506719967914      0.200559735771187     0.4358042645809515    -0.1328581929499526  -0.001070111302514618   0.002523773016070484   0.002174810352006108    0.00338113685244278
   -0.4588111398581567     0.1021628205532539   -0.04792584313313941  -0.008768068225582673     0.2106234916776949    0.05678511899071776     0.7496217631320253    -0.1862234217201995    -0.2827171059889496     0.0152733157114054    -0.2222404876504833    0.05412489715353562
   -0.1944419714344013    0.02959241156441612   -0.07558259634383412    0.01065900094563015   -0.02783719109123145   -0.01275762183623882     0.1975555506150058     0.1712452023189459      0.863835777944899     0.3439315801299931     -0.139937852379495    0.04599672961725632
  -0.07654082358138187    0.01271234400757703   -0.09767214317515444    0.01778325447383477     -0.125393537920938   -0.02790083302600894    -0.1468795205209666  -0.008105876282432855      0.112004761928181    -0.5416561496291477    -0.4487942336777608     0.6622913233770221
    0.5440498461550806  -0.005757701614171704     0.4084336320566601   -0.03472265134639994     0.3882033558947534     0.1033697501614715     0.2906851679138737     0.4093874968130899   -0.03919030766797541    0.09987530116796994    -0.0436204155595227     0.3302364041694229
   -0.2973053338046113   0.007222944866165333    -0.2713164224291542   -0.01291045055393875     -0.281095866595029    -0.1102900711259112    0.02163363848421414     0.7142833511737365    -0.2769361796015583     0.1533736807974096     0.2777579200507386     0.2419999689610431
     0.144013752808248    0.08364361568421458     0.1427866278177495     0.1015498739368675    -0.1505339502150798    -0.8541247260064412     0.1475390447300274      0.121118541201914   -0.03308684033250205   -0.08498189415188219    -0.2838013944130197    -0.2531333744963934
  -0.03226971208850415   -0.02684313136590191   -0.04513759665385263   -0.08508868809083811    0.07128393929034808     0.2843057834472851     0.1305608992100141     0.4349948157726253     0.1453985672472885    -0.6225882898978705   -0.07375643734230188    -0.5315880677071607
    0.1545409788568416     0.3156533946640372    -0.2446349334774423    -0.8325502317984255   -0.01516986148005872   0.005053781662987928   -0.07943347533324138    0.01218532355360438   -0.08089593251381993     0.1681839610648757    -0.2798176903255321   -0.06043277380697389
  -0.03493404183726756    -0.2139785426460028   0.004140257640653497     0.2830391514563927   -0.05839859169974269     0.2659682998113983    -0.2334993662777371      0.188069600501807    -0.2324629948574559      0.362401214156184    -0.6972678650233129    -0.1930457788227568
   0.09252189017513082     0.8982178845642682   -0.02523808225325003      0.382338282713596   -0.07094548847466332     0.1651864488938428   -0.05368948728648006    0.03272668738798201   -0.01508201780017128    0.01104492497985536  -0.009470768042402222   -0.03335015804338654

22.73364465533041
69.29829300673987
35.06098231187951
109.6970358974082
41.42454525719643
130.5555840278253
57.67755949707094
183.7743084273277
68.39750067639099
220.4200117690471
81.84233611376666
 262.982199710684

0.3064230450948888

 -0.007539028267889502   0.002308830075586464  -0.002351456282405925  0.0007194243294319845 -6.232116409140903e-05 -2.206967129648205e-05   0.009889358421805815  -0.002990855374638854 -3.199898566547337e-05  -2.01493070811548e-05 -7.509528127920626e-05 -8.052475628783066e-05

 3.492918362170743e-07  3.804052109926342e-06   0.002778149995274357   0.001667897716290479 -0.0003975910171588729  -0.002877995647474301  0.0009127009365595387  3.078009877590586e-05  0.0007816423181756594   -0.01098518758800727   -0.06175357569824199    0.03744943772184051

cov:
     0.98130098060514     3.462982042391047  -0.08772098444964847  -0.09340130798051366  -0.01638261972153279    0.1126817347490416  -0.03743669271195169   -0.0442626622060707 -0.008348864670194876   0.01285099632887897  0.002437648891430975  -0.03588910517336086
    3.462982042391047     29.69989689736167    -1.453411854385165     8.250430452646091    -2.000250696730754     3.714710552069788   -0.7615889118278745    0.1610810153770246    0.3786506979755032   -0.8421741686595475      2.12072587723385   -0.2975266620879878
 -0.08772098444964847    -1.453411854385165    0.8149245396528134     1.506774801238407    0.2434418899439375   -0.3678134863615762    0.3087124780442592    -0.111680580522885    0.1555168065756772   -0.2636431026885246    0.4173146065512332    0.1355225309513352
 -0.09340130798051366     8.250430452646091     1.506774801238407     12.88721369394939    -1.244632288350876     3.513705161975742    -1.576428799359681      1.39589211292234    -1.071947730092589     1.279353239691953     -2.42645914122364     -1.11148745997027
 -0.01638261972153279    -2.000250696730754    0.2434418899439375    -1.244632288350876    0.5367588610154113   -0.3354530495121438    0.5507945810196448   -0.3403449593002135    0.4101500960228528   -0.5814334594189833     0.962147540310574    0.2893500547799003
   0.1126817347490416     3.714710552069788   -0.3678134863615762     3.513705161975742   -0.3354530495121438     4.320767221248488    -1.786382132374596     1.374127181353491    -1.233810678424633     1.793603883076722    -3.659340799800793    -1.300579659147562
 -0.03743669271195169   -0.7615889118278745    0.3087124780442592    -1.576428799359681    0.5507945810196448    -1.786382132374596     1.675461935104447   -0.7164321983158267     1.323838865123169    -2.125201646853578     3.615731147172547    0.8269934720061533
  -0.0442626622060707    0.1610810153770246    -0.111680580522885      1.39589211292234   -0.3403449593002135     1.374127181353491   -0.7164321983158267     2.055042975948802   -0.9081117774194452    0.8530348662850881    -2.884031706928035    -1.313883597808742
-0.008348864670194876    0.3786506979755032    0.1555168065756772    -1.071947730092589    0.4101500960228528    -1.233810678424633     1.323838865123169   -0.9081117774194452     1.803811982648671    -2.147314176171774     3.556212811880426    0.8155015863199397
  0.01285099632887897   -0.8421741686595475   -0.2636431026885246     1.279353239691953   -0.5814334594189833     1.793603883076722    -2.125201646853578    0.8530348662850881    -2.147314176171774     4.570938463680363    -5.538760580210512    -0.760221574883989
 0.002437648891430975      2.12072587723385    0.4173146065512332     -2.42645914122364     0.962147540310574    -3.659340799800793     3.615731147172547    -2.884031706928035     3.556212811880426    -5.538760580210512     11.67549711079181      3.19943893906809
 -0.03588910517336086   -0.2975266620879878    0.1355225309513352     -1.11148745997027    0.2893500547799003    -1.300579659147562    0.8269934720061533    -1.313883597808742    0.8155015863199397    -0.760221574883989      3.19943893906809     2.308725225892041

cov.inverse():
  138.0922859460452  -41.90540935767002  -192.2976711640181   58.74128040975274  -19.02358428594084    6.50843105539875   75.69752008712278  -23.43185324107355   1.231274283996408  0.5603392490341275  0.7672200459919285  0.6008612041180801
 -41.90540935767003   12.81283494368034   58.77623567369147  -17.94466720285964   5.892434426711339  -2.025223322562586   -23.1779078530064   7.192419429805062 -0.3688698942825619 -0.1719166480084591 -0.2367813533081141 -0.1714529600758553
  -192.297671164021   58.77623567369228   456.2463450083252  -138.8033548438468   -222.851645861085   67.78385914734987  -39.00857902947632   12.81451401534397  -3.324573566310686  -0.749137197123711  -0.132955425246097 -0.5282612115172648
  58.74128040975351  -17.94466720285988  -138.8033548438468     42.364953818643   67.78239616038191  -20.64868368254801   11.90072624437362   -3.93646333146171   1.039222005090076  0.2263898875949279 0.04478258675139258  0.1592292139034176
 -19.02358428593701   5.892434426710208  -222.8516458610908   67.78239616038368    342.529214812529  -105.3527983188849  -104.5047791263086   31.31320183325136     2.2709527180644 -0.1532927532479507 -0.7437930684080829 -0.6677032503972545
  6.508431055397647  -2.025223322562256   67.78385914735158  -20.64868368254854  -105.3527983188849   32.98767999746963   33.04265584525016  -9.920477763329355 -0.8145446440660916 0.06886787835968902  0.1996926137940953  0.2591358832511548
  75.69752008712187   -23.1779078530061  -39.00857902947331    11.9007262443727  -104.5047791263106   33.04265584525076   72.39747316817046  -21.60784136826513 -0.8159848951859311  0.6925235346838773 -0.3345993765964596  0.6704142163531013
 -23.43185324107329   7.192419429804977   12.81451401534308  -3.936463331461441   31.31320183325197  -9.920477763329538  -21.60784136826514   7.491834918082168  0.3460094393368717 0.05388314459443871  0.1812721223585584 0.05020979135593059
  1.231274283996417 -0.3688698942825648  -3.324573566310662   1.039222005090069   2.270952718064349 -0.8145446440660756 -0.8159848951859134  0.3460094393368666   1.879951683920954  0.3709861269978355 -0.1031227273729793 0.01381295651215992
 0.5603392490340968 -0.1719166480084497 -0.7491371971236706  0.2263898875949156 -0.1532927532479422 0.06886787835968622  0.6925235346838591 0.05388314459444434  0.3709861269978352  0.8359005558358527  0.3022557931496729 -0.2945335984073834
 0.7672200459918821    -0.2367813533081  -0.132955425245998 0.04478258675136239 -0.7437930684081228  0.1996926137941074 -0.3345993765964717  0.1812721223585625 -0.1031227273729806  0.3022557931496733  0.6964012681400146 -0.3896179163508811
 0.6008612041180879 -0.1714529600758576 -0.5282612115172574  0.1592292139034154 -0.6677032503972791  0.2591358832511622  0.6704142163531109 0.05020979135592742 0.01381295651215973 -0.2945335984073836  -0.389617916350881  0.9842128504672425

cov*(cov_.inverse()):
     1.000000000000009 -7.893859177432461e-15  3.444813878594744e-14  3.266484305264328e-14 -7.238307175860825e-14  6.786238238021269e-15 -4.167846623381877e-14  7.450203648451392e-15  1.088105300306452e-15 -9.367506770274758e-17  2.810252031082427e-16 -3.677613769070831e-16
-6.622480341889059e-14     0.9999999999999725 -7.072120666862247e-14  2.132322096670691e-14  2.134403764841863e-14  3.458344721707363e-14 -5.348499421131692e-14 -4.302114220422482e-16  1.234255753157498e-15 -6.938893903907228e-17  7.632783294297951e-16  2.775557561562891e-16
 2.628453010800058e-14  4.728856195512776e-15      1.000000000000021  1.558475570817563e-14  9.811595980124821e-15 -3.011479954295737e-15 -7.882583474838611e-15  7.251144129583054e-16 -2.151057110211241e-16 -4.163336342344337e-17 -7.632783294297951e-17 -1.942890293094024e-16
-8.071321389024888e-14  1.940114735532461e-14  6.084022174945858e-14     0.9999999999999045  1.332267629550188e-13  9.270362255620057e-15  8.926193117986259e-14 -9.305056725139593e-15 -1.552577510999242e-15  5.551115123125783e-17 -2.775557561562891e-16  2.220446049250313e-16
 2.584044089815052e-14 -6.432354648922001e-15  2.370326157574709e-14  9.527101330064625e-15     0.9999999999999425  2.733924198139448e-15  4.302114220422482e-15 -4.458239333260394e-16 -1.335737076502141e-16 -1.665334536937735e-16  1.387778780781446e-16  1.110223024625157e-16
-2.653433028854124e-14   2.05391259555654e-15 -3.397282455352979e-14  -3.15858450505857e-14  3.586020369539256e-14     0.9999999999999987  3.153033389935445e-14 -8.160139230994901e-15 -7.806255641895632e-16  5.551115123125783e-17 -2.220446049250313e-16  4.440892098500626e-16
 5.623279619726418e-14 -1.554312234475219e-15  4.996003610813204e-15  2.309263891220326e-14  2.442490654175344e-15  1.004751837285767e-14     0.9999999999999943  3.524958103184872e-15  1.734723475976807e-17   6.38378239159465e-16  5.551115123125783e-16  -3.33066907387547e-16
-1.432187701766452e-14  8.104628079763643e-15  1.587618925213974e-14 -2.076117056049043e-14 -1.998401444325282e-14 -1.104671909502031e-14                      0      1.000000000000001                      0  1.110223024625157e-16  2.220446049250313e-16                      0
 2.942091015256665e-15 -4.718447854656915e-16 -3.663735981263017e-14  1.440514374451141e-14  6.372680161348399e-14  3.441691376337985e-15 -1.432187701766452e-14  3.871902798380233e-15                      1  4.440892098500626e-16  6.106226635438361e-16 -1.110223024625157e-16
-6.050715484207103e-15 -7.022160630754115e-15  2.708944180085382e-14 -5.329070518200751e-15 -6.661338147750939e-14  5.329070518200751e-15  2.509104035652854e-14 -6.918077222195507e-15  6.435824095873954e-16                      1 -1.110223024625157e-15   3.33066907387547e-16
-9.992007221626409e-15 -4.440892098500626e-16 -2.220446049250313e-14  2.209343819004062e-14 -3.907985046680551e-14  5.839773109528323e-14  6.838973831690964e-14 -8.021361352916756e-15 -2.095545958979983e-15  6.661338147750939e-16     0.9999999999999998  8.881784197001252e-16
 2.353672812205332e-14 -4.496403249731884e-15 -3.708144902248023e-14  2.986499936241671e-14  6.261657858885883e-14 -1.010302952408892e-14 -1.976196983832779e-14  4.579669976578771e-15 -3.538835890992686e-16 -2.220446049250313e-16                      0     0.9999999999999996
