10
1

0.1500693275946198
0.5535160604798182
0.6845840897662245
0.9339343210177198
 1.048097915521284
  1.67662590919592
 1.844053065574019
 2.311762802220174
 3.172522959486875
 5.821827448983578

   0.4956785758222829   -0.2753860009114117   -0.7093864915479914    0.3951191120808824   0.08084383977637778  -0.04847035459613967   0.05088852081158977  -0.01695295453939978   0.07143650903639705  -0.04745178716004018
  -0.2350158864559802   0.09167906574801205    -0.107715242283925   0.03997445583648256    0.8170548726406599   -0.3031687925782403   -0.2923577842838493    0.2403053353863104   -0.1182368862619732   0.08045048327117106
   0.2397794468642163  -0.07874676842343718    0.1047199724996179  -0.04066165531196141   -0.2579029609617888   0.07553158848248606   -0.6092080202708198    0.6646282465768141    0.1423097288788126    -0.135458426449436
   0.7106469615272816  -0.07198731636806682    0.5697906582189622   -0.0106322431703074    0.3556632878398513  -0.01410976581991248    0.0405136563032026   -0.1863044421856818 -0.005919267661233244  -0.04408043219358323
   0.1165057055643041  0.005281057916114832  0.007056825527196797 -0.008696652450771447  -0.07511502513573332  0.009993331459246618  -0.02585119088373331   0.07916427000795112    0.1104298138721682    0.9805105594868637
   0.1805348749491924    0.1624725041971176  -0.01024524208172753     0.024744743865573   -0.2362070896990867   -0.3383566736662927    0.1302599258515174    0.2123652436885602   -0.8402319886340879   0.04423922920148318
 -0.01720525315799024 -0.004387594167428764   0.08526441288972815   0.08580628376208402   -0.2594522781131575   -0.8290665988743461   -0.2402413107134181   -0.2962873901364289    0.2903298678515018  -0.02432165211681095
   0.2706521131297677    0.3988540727644341   -0.3760374936725293   -0.7274234632553748   0.02280585775704024    0.0184696490961744   -0.2085030668117899   -0.2279738132546395   0.01332764431661093  -0.02508627447572111
  -0.1237720982701573   -0.5159880617745989  0.003853298996256582  -0.03476208614362742  -0.03075911014005322    0.1952232082103479   -0.5524877211076495   -0.4589528462995344   -0.3948579167148212   0.07976303577221332
  0.03901865743003572    0.6727566913234858   0.02639577460677757    0.5496476738494115  -0.05155120004861041    0.2438143596322231   -0.3392543080610835    -0.252515190054805  -0.04542461956532285  0.006550218948794389

35.54486525802261
56.46127665939417
50.57473624123965
83.06486039408958
67.66899642270999
113.1717059439922
76.90069830791757
130.9625298936038
106.5671757703924
183.5348449268481

0.5677169669521721

  -0.03675804285522142    0.02071428737438387    0.03558687813025081   -0.02007455703714798  0.0004671194602528449 -0.0002988067122116892  0.0002544008083991794 -0.0001066994399833264  -0.000106247619568604  0.0001135850262643865

-0.001284750304687354  0.001928970748611646  -0.00295324599919201 -0.006041514020351854 -0.004065445638023862   -0.0113466198096925  0.006517931127403692 -0.002639046302974036  -0.05452174920740512   0.07646781055622025

cov:
    1.194704135458816      2.12966156543609    -0.158300148356238   -0.2851649407955978   0.02236906707802391  0.005056366129275159 -0.006854470307996025  -0.01499883543211641   0.04346537831545472  -0.02649331889785854
     2.12966156543609     18.95624431265329   -0.2638601784985596     11.17396046110268    -1.061936031324342     4.432782377989577    -5.236571973784929    -3.764435954060739    0.6471824643861397   -0.2817756929288946
   -0.158300148356238   -0.2638601784985596     1.107742919045765     1.961439003746171  -0.02630277350376335  -0.03450448674731618    0.0195378500544927   0.05539025819344062   0.03330084763797306   0.02819036078921974
  -0.2851649407955978     11.17396046110268     1.961439003746171     13.11146910162565    -1.117348868445965     4.131058558933097    -5.368986055152433    -3.738002007843227   -0.7381573774962282    0.1818107774849183
  0.02236906707802391    -1.061936031324342  -0.02630277350376335    -1.117348868445965    0.8405089888746337    0.3816267951025172     0.879105008287451    0.5913724452614496    0.4473783949820341     -0.10526816446778
 0.005056366129275159     4.432782377989577  -0.03450448674731618     4.131058558933097    0.3816267951025172     5.090598700900239    -3.351521771535288    -2.373316729547295    -1.152027413946806    0.2339616415449287
-0.006854470307996025    -5.236571973784929    0.0195378500544927    -5.368986055152433     0.879105008287451    -3.351521771535288     7.651819611921951     5.809389737480788     2.125012015424002   -0.4528252050728505
 -0.01499883543211641    -3.764435954060739   0.05539025819344062    -3.738002007843227    0.5913724452614496    -2.373316729547295     5.809389737480788     5.246166896036386     1.448554863677938   -0.2868539471225854
  0.04346537831545472    0.6471824643861397   0.03330084763797306   -0.7381573774962282    0.4473783949820341    -1.152027413946806     2.125012015424002     1.448554863677938     3.938673635609383   -0.3502230110659083
 -0.02649331889785854   -0.2817756929288946   0.02819036078921974    0.1818107774849183     -0.10526816446778    0.2339616415449287   -0.4528252050728505   -0.2868539471225854   -0.3502230110659083     1.144800638602471

cov.inverse():
    11.83105129023517    -6.192122576335965    -15.03242585856984     8.600820044632279     1.290089795061216   -0.8247823058580206     1.068307600698688   -0.3518663410413616     1.692747313422671    -1.106623996747826
   -6.192122576335956       3.4930413292598     8.549168814857403    -4.852193117227282    -0.741516143382268    0.4682252330647421   -0.5969886190380886    0.1974491809565221   -0.9604055168868658    0.6321867510766429
   -15.03242585856983     8.549168814857399     22.80727170966194    -12.42240347310821    -2.666841460203762     1.620496558459413    -1.602290322061075    0.4842982598141729    -2.170762299633463     1.414672258315262
    8.600820044632266    -4.852193117227278    -12.42240347310821     7.051588428998936     1.531154586710677   -0.9195429851066765    0.9271135619350966   -0.2991867763047122     1.223493752185836   -0.8144787406930897
    1.290089795061205   -0.7415161433822637     -2.66684146020375     1.531154586710671     2.801132320389196   -0.9396908986224699   -0.2347473747611481    0.1384367621050295  -0.09737051949368017   0.03150613396111944
  -0.8247823058580158      0.46822523306474     1.620496558459408    -0.919542985106674   -0.9396908986224701    0.6652651918626883    0.1097101854444283  -0.05528138777566096  0.009696081370379202   0.01243472628270931
    1.068307600698685   -0.5969886190380882    -1.602290322061074    0.9271135619350962   -0.2347473747611483    0.1097101854444283      1.25323598551419    -1.074697647650688   0.04854546406143678  -0.03272713485637101
  -0.3518663410413598    0.1974491809565211      0.48429825981417   -0.2991867763047107    0.1384367621050303  -0.05528138777566134    -1.074697647650688     1.263682740179528 -0.006469685872558927   -0.0103597209968226
    1.692747313422669    -0.960405516886865    -2.170762299633462     1.223493752185836  -0.09737051949367907  0.009696081370378615   0.04854546406143655 -0.006469685872558802    0.6181006692406561   -0.1423312520197574
   -1.106623996747828    0.6321867510766447     1.414672258315268   -0.8144787406930927   0.03150613396111816      0.01243472628271  -0.03272713485637139  -0.01035972099682247   -0.1423312520197579     1.039295257938499

cov*(cov_.inverse()):
     1.000000000000003 -9.756084828893563e-15 -1.207367539279858e-14  8.566064524373473e-15  2.241371151179283e-15 -6.403298030699389e-16  1.817014420868457e-15 -1.494572694771268e-16  7.173081573164097e-16 -1.696559559505317e-15
-6.883382752675971e-15      0.999999999999995 -9.769962616701378e-15 -2.248201624865942e-15  8.344019919448442e-16  4.584006785268713e-16  1.420738526825005e-15 -3.057450126409123e-16   9.71445146547012e-17 -1.554312234475219e-15
 1.172673069760322e-15 -5.898059818321144e-17     0.9999999999999992   5.48172618408671e-16 -5.686640394686471e-16  3.023839859062072e-16 -1.826880660638075e-16  4.445228907190568e-18 -4.007211229506424e-16 -3.469446951953614e-18
-1.229571999772361e-14  6.425415755018093e-15 -1.221245327087672e-15     0.9999999999999871 -2.279426647433525e-15  7.498342224909749e-16 -9.879250195687916e-16 -1.189586623651095e-15 -2.574329638349582e-15  1.609823385706477e-15
 5.551115123125783e-17 -1.693090112553364e-15 -6.661338147750939e-16  3.608224830031759e-16     0.9999999999999997 -6.700369425960417e-17  5.303917027799088e-16 -3.380542373809803e-16  6.418476861114186e-17 -2.775557561562891e-17
-4.218847493575595e-15  6.272760089132134e-15 -4.107825191113079e-15 -7.188694084447889e-15 -4.154662724964453e-16                      1  -5.26488574958961e-16  9.571336778702033e-16  -9.71445146547012e-16  4.163336342344337e-16
 1.110223024625157e-14 -6.161737786669619e-15 -1.221245327087672e-14  1.249000902703301e-14  3.486794186713382e-16 -9.636388909051163e-16      1.000000000000002 -3.365363543395006e-16  6.938893903907228e-16 -6.661338147750939e-16
 6.605826996519681e-15 -5.273559366969494e-15 -4.940492459581947e-15  3.164135620181696e-15 -1.110223024625157e-16 -4.727121472036799e-16  5.603156827405087e-16     0.9999999999999988  4.510281037539698e-16                      0
-9.436895709313831e-16  -6.38378239159465e-16 -4.440892098500626e-16 -2.164934898019055e-15  -2.34187669256869e-16 -8.847089727481716e-17 -8.430756093247282e-16  8.617238866914789e-16     0.9999999999999989  2.220446049250313e-16
-1.110223024625157e-15  5.551115123125783e-16   1.77635683940025e-15                      0   4.85722573273506e-17  3.122502256758253e-17  2.775557561562891e-17 -8.500145032286355e-17  8.326672684688674e-17                      1
