10
1

 0.0461009041172516
0.05845188438245043
 0.6443186148573375
  1.113849880947676
  1.212429443010285
  1.537015541950942
  1.738404990431206
  2.739368993327441
  3.523033992539167
  8.844920198311776

  -0.07083282023790889    0.01724249306425983     0.6176817033734272    -0.1526917809331822    -0.7240191690456689     0.1828651188044474     0.1729027401697373   -0.04792330275822485 -0.0008848985172139035  -0.001936231245624009
    0.5742288138707913    -0.1430044595789225    -0.5364658141818626     0.1321803312351313    -0.4216715169842975     0.1005430523179041     0.3827295458318762      -0.10071406771351  0.0006775751493045404  -0.001524043453885254
   -0.5390162338906225    0.07283725259647904     -0.156749314847897    0.02897052145781214    0.08427480961489485   0.008491164865164918     0.6482820156736976    -0.1897662345526546    -0.4376231683976358     0.1541992829448913
   -0.5923288804153835   -0.04430151209099648    -0.4388683500558054     0.0492904547266927     -0.335138615474944     0.1295716385341662    -0.1413402182024406    0.08891484934511477     0.5288358486343852    -0.1244665908311192
   -0.0205053828344343  -0.003914935523673117   -0.08131985014610761    -0.1672126234900287     0.0426979715827568      0.357784987160057   -0.08883640163215271   -0.04649157467037877     -0.349095512337705    -0.8385922488035803
   0.03414233192650735    0.02366366419733656    -0.2133816554603906    -0.8318550293400453   -0.02856708708113414    0.01571017220225287     0.0308249960174428     0.4545668240476005    -0.1013166908050301     0.2045743721173944
  -0.01502757300090847     0.0112017888836355    0.08979835048784737     0.2308318199999076    -0.0831538282237332    -0.5629432992667889     0.2926823828277717     0.6270730968096468   0.008492187032679848    -0.3681387490638293
   0.04795420345443996    0.05101265876075055      0.109472214338371      0.309937451657932     0.2092724395667396     0.7026802868441495     0.1808627694659188     0.5353869215501301     0.0755217124912711     0.1563462429348351
   -0.1325729006813937    -0.3850638678332356    -0.1247840786901997     0.2612700688842117    -0.2865615576706014   -0.01607247873254476    -0.4594719204389125     0.2286947126497053     -0.594160855215861      0.226932673850862
   0.04652741984060256     0.9057633698555013    -0.1604192708936646     0.1356292253798319    -0.2076126316336041   -0.02026224896033603    -0.2122386796952558    0.05185941827319628    -0.1946325995002727    0.06456174581268005

22.68375860840078
90.71574258726035
32.91022552433828
131.4498400404454
39.13388275735171
 156.195020416453
55.08173295593733
219.8614951623733
65.74608727604075
262.7933970372072

0.2514086590584427

 -0.005071619660366158   0.001267601855837741  -0.004320113440019027   0.001082084525563392  0.0005592531519584684 -4.675626342933822e-05   0.008933391119984743  -0.002147552511775446 -1.905084263226627e-05  3.105751472463613e-05

-2.589806950647149e-06  9.436232774344456e-06   0.004065648671500091   0.004015010135317507  -0.000641803245318476  -0.001962522777427915   0.003591556520471926   0.001781853128755496    -0.0463066784564268   -0.02854394065963782

cov:
    0.9658567077915802      3.966402126230722  -0.001590227475794679    0.06034534208517799     0.0180277081520798     0.1246542599602988 -1.313172507927339e-05  -0.008360822513059311   0.007654998156727445    0.03331138653837069
     3.966402126230722      66.04891099347043     -10.71781151770756      8.441040260352432     -13.24530833661961     -1.117126817323524     -12.73474928427478      2.823043576529072     -10.96878188694637      3.565430648084277
 -0.001590227475794679     -10.71781151770756      2.689067687404691     -1.379390347996975      3.384830280495976     0.5819284745865511      3.632607863006271    -0.6545775562935776      3.260554169805852     -1.078332910010457
   0.06034534208517799      8.441040260352432     -1.379390347996975      4.847570752580886     -2.677239148858916     0.8636824043001455     -3.156618509463087      2.095769101710121     -3.498368412519528      1.326109310552251
    0.0180277081520798     -13.24530833661961      3.384830280495976     -2.677239148858916        4.8894505866641      1.598619891247727      5.364872407596712     -1.049500972549281      5.140706616434342     -1.527005562162886
    0.1246542599602988     -1.117126817323524     0.5819284745865511     0.8636824043001455      1.598619891247727      4.907992246745358      0.818045189876308      1.634460548987625     0.7069400107315729     0.8501762200952178
-1.313172507927339e-05     -12.73474928427478      3.632607863006271     -3.156618509463087      5.364872407596712      0.818045189876308       6.86232826100823    -0.9116416612409564      6.557801318848187     -2.291839605363031
 -0.008360822513059311      2.823043576529072    -0.6545775562935776      2.095769101710121     -1.049500972549281      1.634460548987625    -0.9116416612409564      4.714988160666953     -2.148791913838425      1.087703436003449
  0.007654998156727445     -10.96878188694637      3.260554169805852     -3.498368412519528      5.140706616434342     0.7069400107315729      6.557801318848187     -2.148791913838425      8.018177950681631     -2.305740981254673
   0.03331138653837069      3.565430648084277     -1.078332910010457      1.326109310552251     -1.527005562162886     0.8501762200952178     -2.291839605363031      1.087703436003449     -2.305740981254673       2.71998475380014

cov.inverse():
    99.85613283181256    -24.67740188917887    -110.3371513668215     27.23170535958632    -46.68523358990393     10.73336412697502     57.79436656774435    -15.12066762078032    0.4691656020960522   -0.3172989550372308
   -24.67740188917902     6.162841559858703     27.45463351407238    -6.779398734726422     11.80926352954673    -2.725674492540748     -14.4831331346054     3.794313288187706   -0.1145642421653067   0.07726751552021616
    -110.337151366828     27.45463351407358     263.9970507643802    -65.06735755175939     -144.124130249068      37.2833176395716    -10.01972477868666     1.911387877865941     -0.34921471591332   -0.3207864080873941
    27.23170535958791    -6.779398734726708    -65.06735755175932     16.43594429629663     35.69746805117781    -9.303039964327127     2.443277367916611   -0.5428861106777308       0.1465693351431   0.09254605452536431
    -46.6852335898943      11.8092635295446    -144.1241302490823     35.69746805118136     298.8162887546549    -74.69262143983593    -105.9629953322289     28.67869241672392 -0.006667664951827954    0.8948771427271057
    10.73336412697268    -2.725674492540227     37.28331763957502     -9.30303996432797    -74.69262143983576     18.96445798229451     26.07991194506854    -7.157080457557369  -0.08925155585512695   -0.3411335333682983
    57.79436656774187    -14.48313313460477    -10.01972477868027     2.443277367915051    -105.9629953322327     26.07991194506951     58.02426838021226    -15.41345729190163   -0.6947755467268848  -0.06038468826502594
   -15.12066762077964     3.794313288187538     1.911387877864281   -0.5428861106773262     28.67869241672486    -7.157080457557612    -15.41345729190161     4.404054518799084    0.2255404004285542   0.01405573207717151
   0.4691656020961901   -0.1145642421653412   -0.3492147159135129    0.1465693351431476  -0.00666766495184142  -0.08925155585512486   -0.6947755467268173    0.2255404004285367    0.8041977703721055  -0.03520601188095786
  -0.3172989550372312   0.07726751552021614   -0.3207864080874013   0.09254605452536596    0.8948771427271153   -0.3411335333683007  -0.06038468826502884   0.01405573207717237  -0.03520601188095753    0.6206235281731391

cov*(cov_.inverse()):
     1.000000000000137 -1.507691541058342e-14 -5.021157101214868e-14 -1.674875516055607e-14 -2.331468351712829e-14 -9.416079027602109e-15 -3.248529917287968e-14 -1.312806200554073e-15  2.745199900733297e-16  5.134781488891349e-16
 4.329869796038111e-14     0.9999999999999818  1.969535645685028e-13   2.44804176929847e-14 -3.153033389935445e-14 -4.662936703425657e-14  1.967315199635777e-13 -2.896294315490877e-14 -8.881784197001252e-16  8.881784197001252e-16
 4.662936703425657e-14 -1.111610803405938e-14     0.9999999999997476   1.17128529097954e-14  2.221556272274938e-13 -3.819167204710538e-14 -1.435934704474562e-13  2.995867443011946e-15   7.28583859910259e-16   3.33066907387547e-16
-4.135580766728708e-14  9.950373858202965e-15  3.097522238704187e-14     0.9999999999999996 -1.052491427344648e-13  1.648681191568357e-14  7.548128788670283e-14  1.595945597898663e-16 -9.020562075079397e-16 -1.110223024625157e-16
  4.79061235125755e-14 -5.648259637780484e-15 -2.067235271852041e-13 -7.299716386910404e-15      1.000000000000337 -2.986499936241671e-14 -1.465078058870972e-13 -1.084896061875895e-14  8.049116928532385e-16   3.33066907387547e-16
  3.93574062229618e-14 -2.095545958979983e-15 -2.042810365310288e-14  -3.20576898360514e-15  1.543210004228968e-14     0.9999999999999838  8.396061623727746e-16 -2.810252031082427e-16  2.289834988289385e-16   3.33066907387547e-16
 1.398881011027697e-13 -3.050337760157618e-14  8.837375276016246e-14  -1.46826995006677e-14 -1.332267629550188e-15 -1.243449787580175e-14     0.9999999999999107 -1.047772979489991e-15  7.494005416219807e-16  4.440892098500626e-16
 6.716849298982197e-15  4.454769886308441e-15  3.552713678800501e-14  8.146261443187086e-15 -3.907985046680551e-14 -1.193489751472043e-14  2.481348460037225e-14      1.000000000000007 -1.457167719820518e-16 -1.110223024625157e-16
 7.105427357601002e-15 -3.258504577274834e-14 -5.595524044110789e-14 -4.807265696626928e-14  1.749711486809247e-13 -4.973799150320701e-14    3.4555691641458e-14 -2.679800825688972e-14      1.000000000000001  4.440892098500626e-16
-1.454392162258955e-14  6.439293542825908e-15   8.43769498715119e-15  2.520206265899105e-14   8.43769498715119e-15 -7.549516567451064e-15  9.270362255620057e-15  5.342948306008566e-15 -2.775557561562891e-17                      1
