12
1

0.03660124995986563
0.04139104461346827
0.05311938437262047
 0.5728839606521218
 0.7439717255433997
 0.9365743163437203
  1.028460202140215
  1.242889481045457
  1.662476133373259
  2.738129281762453
  3.782078173685949
  5.913300487507194

   -0.2734774394633105    0.08341355911762684     0.7901084519756451    -0.2404466819707609    -0.4458533937938097     0.1372258881527721    -0.1200502454694458    0.03390106373952647    0.05255100717808629    -0.0137848225608679  -0.006037167632957444 -0.0008256679773097774
   0.08841518407779916   -0.02737494412924056   -0.09883424608757174    0.02954367348839837    -0.4688756097830299     0.1426694053367726      0.768689046749513    -0.2332793597031627    -0.2964748263928136    0.08593388484749624   0.002923980973908192 -0.0009049731522417301
   -0.4696578322754023     0.1432618534658239     0.2189507077634038   -0.06720035695645384     0.5544804013977473    -0.1734191512883209     0.2132258121151451   -0.06671563036097883    -0.5400446246709788     0.1653586393629576   0.002072555899872491   -0.00271107513681966
    0.4416759350009279   -0.08920025896601903     0.1048123469538755   0.001473151836457926    -0.1021021189628542   -0.03493187075805814    -0.3425922559008879   -0.06285918063851897    -0.5669254756030992    0.05604742068900325     0.5699507349371501   -0.06018659981160578
   -0.3154906225238566    0.04277622373991596    -0.1259326625391417   0.006301602348535846    -0.0219269016293375    0.02860772467988081    0.08689832671777475   -0.02673829968148693     0.3255452148545696     0.2797147269043507     0.6695473977540695     0.4905689922038972
    0.5896963601768971    0.01018781761461321     0.4436102290048394   -0.01730372014116496     0.3516088280783994   -0.08518749507817867     0.3591356290110677     0.2320569978831066     0.2432472696587787      0.231022209487003 -0.0005218603857598685     0.1697340913160824
   -0.1198831335784102    0.02355422059504524   -0.09580993947774451    0.02834340407499936    -0.2836702286661338    -0.6068344738602546     0.1249236822392055     0.6884618486219052   -0.06485482779166996  -0.006573515087795547    0.09723638500525821    -0.1519326984952992
   0.02849989184712339    0.01538168488004513   -0.06818348007854796   -0.02179485714489922    -0.1735829774177187     -0.240833632978744    -0.2145812556858225    -0.2329090384624052    0.05671524351101055     0.8471928664660479    -0.2501289012163441     -0.147941521582239
  -0.09601744349112476   -0.05866672821692621   -0.08115165937745611    -0.1107124779956012     0.1374345441083191     0.5575564743695962    0.09303375054439277     0.3517863623411565    0.08657197755868815     0.2561749495895965     0.2297359532413996      -0.61679064611862
    0.1098213556645845     0.1719054860534875    -0.2640288938255195    -0.7089400568476439   -0.03827664157401969     0.2116022007313846   -0.08214458429001115     0.2866952291334526    -0.2201711700594001    0.08626413941726568    -0.2056828246999584     0.3907374600610327
  -0.09975447258307922    -0.3794064634599372    0.05982051406835518     0.5200049862266398   -0.05634890093264503     0.3308084952231282    -0.1160248710577657     0.3693370267737224    -0.2529069703076843     0.1953993183910482    -0.2433659641975716     0.3850522173610764
   0.08969593234562906     0.8855193987701551   -0.02612356569762892       0.38719319515148   -0.07251962522678036      0.173542087482139    -0.0694610981391145     0.1043064890785423    -0.0615199295885774    0.03608322511641513   -0.02196520226821113    0.02364766573421159

22.73450600267798
69.28480164390685
35.06423254733307
109.6830469615705
41.42962970945883
130.5435756832082
48.99006685953276
155.3010571387343
57.68658543772531
183.7676051207093
68.40292387529495
220.4126074930507

0.3064780914615899

 -0.007309092891739863   0.002237663653639543  -0.002812392722612544  0.0008579952977304068  -0.001064279651162045  0.0003147475756966514   0.002301830956328264 -0.0007823726092406133   0.008644544000145504  -0.002571037829956627 -2.316644280556897e-05 -7.373010156386225e-06

 6.187025473396638e-07  -1.18597287706171e-06 -5.968954284596551e-06  -0.003091860006715527   0.002817526439127128  -0.003331632199627072  0.0005687091242165485  -0.002911284196651075   0.002102911568608968   -0.02034011302535803   -0.04176413296375351    0.03488455238969623

cov:
   0.9809038423996945     3.458171877887281   -0.0879492155295927   -0.0961473162149004  -0.01644520212775092    0.1109569919446335  -0.04910394488023735   -0.0390794099726629  -0.03816635498225762  -0.04588816841186161 -0.009864339058545708   0.01630538578453729
    3.458171877887281     29.71415396458771     -1.46658518050029       8.2712983045814    -2.016692921034959     3.740598179501973    -1.628731618700528     1.552683294783737   -0.8041523899771569    0.1535539404765806    0.3339328044894813   -0.7462811095226739
  -0.0879492155295927     -1.46658518050029    0.8187827890762711      1.51146112679607    0.2447874261849672   -0.3688491067193333    0.2376322164904568   -0.3808698456021724    0.3090352988878651    -0.110147346640845    0.1566658511589979   -0.2664923889237932
  -0.0961473162149004       8.2712983045814      1.51146112679607      12.9141046002664    -1.247695250717125     3.506193756783932    -1.389615009397214     2.552763310551302    -1.576952128649591      1.37381065577978    -1.070695162454556     1.295693280873768
 -0.01644520212775092    -2.016692921034959    0.2447874261849672    -1.247695250717125    0.5378036659575484   -0.3349069849482451    0.4696045206319661   -0.5808956141712811    0.5496003897087718   -0.3354668331746499    0.4086617905654652   -0.5830758042179772
   0.1109569919446335     3.740598179501973   -0.3688491067193333     3.506193756783932   -0.3349069849482451     4.299815772886175   -0.9793079609165398     3.005250286763388    -1.771733539679643     1.350690627329602    -1.222417132897583     1.783293005742244
 -0.04910394488023735    -1.628731618700528    0.2376322164904568    -1.389615009397214    0.4696045206319661   -0.9793079609165398    0.6804135037845296   -0.7057136507186815    0.8549489084258983   -0.6007409026707886    0.7067161387461912   -0.9829254031397642
  -0.0390794099726629     1.552683294783737   -0.3808698456021724     2.552763310551302   -0.5808956141712811     3.005250286763388   -0.7057136507186815     3.924108503260841     -1.96059426049242     1.330465812342689    -1.445537316119547     2.331799646477961
 -0.03816635498225762   -0.8041523899771569    0.3090352988878651    -1.576952128649591    0.5496003897087718    -1.771733539679643    0.8549489084258983     -1.96059426049242     1.657849321810746   -0.7019566323889336     1.308040243390651    -2.103134956296456
 -0.04588816841186161    0.1535539404765806    -0.110147346640845      1.37381065577978   -0.3354668331746499     1.350690627329602   -0.6007409026707886     1.330465812342689   -0.7019566323889336     2.028868182012808   -0.8922788442189277      0.83875140583706
-0.009864339058545708    0.3339328044894813    0.1566658511589979    -1.070695162454556    0.4086617905654652    -1.222417132897583    0.7067161387461912    -1.445537316119547     1.308040243390651   -0.8922788442189277     1.788499269687864    -2.140758560216082
  0.01630538578453729   -0.7462811095226739   -0.2664923889237932     1.295693280873768   -0.5830758042179772     1.783293005742244   -0.9829254031397642     2.331799646477961    -2.103134956296456      0.83875140583706    -2.140758560216082     4.554354008738429

cov.inverse():
    139.7544793519769    -42.41683020811118    -202.3184417986304     61.76889904885195    -25.33694009507506     8.140123137171138     28.39555415027487    -7.860988230856737     63.07932787129172    -20.19576193741282     1.398402720460805    0.3656025266273006
   -42.41683020811119     12.97088600348559     61.84954741679062    -18.87300051407389     7.900942507141637    -2.556680765222836    -8.829554815156937     2.473735162352588     -19.2303398645392     6.173798985789743   -0.4245848327876064   -0.1107735091508368
   -202.3184417986342     61.84954741679171     488.9968649224873    -148.7122810806111    -192.7030278819049      59.2291178426175    -98.55326090009262     28.30754577289408     6.067351649780176   -0.2318404222422637    -3.537353684510445   -0.6638927526881793
    61.76889904885311    -18.87300051407423    -148.7122810806113     45.36250113161653     58.71528970898192    -18.07894157746519     29.72249922686601    -8.528673925111221    -1.681758708321719 -0.006264600879398463     1.102123195026692    0.1991574062685904
   -25.33694009507233     7.900942507140882    -192.7030278819069     58.71528970898249     385.9445688628809    -118.6043468780534    -128.2774952421043     39.42082100841255    -42.19460126520335     13.54567791540203     1.427744203784449   0.08018510383208576
    8.140123137170226    -2.556680765222592     59.22911784261813    -18.07894157746536    -118.6043468780533     37.12191796431505     38.59232886646549    -12.14132133188222     13.97190376188535    -4.502179525327956   -0.5102874733400405   0.02781421010162241
    28.39555415027953     -8.82955481515838    -98.55326090010418     29.72249922686954     -128.277495242098     38.59232886646361     372.3352934890522    -112.4719795328322    -177.8071888635093     52.25548148853951     1.577748726234341   -0.3531903806290365
   -7.860988230858272     2.473735162353059     28.30754577289748    -8.528673925112264     39.42082100841117    -12.14132133188181    -112.4719795328325      34.8231994612151     54.57032497034903    -16.01380043039188   -0.6255374270752944   0.06902638978636215
    63.07932787128797    -19.23033986453807     6.067351649788969    -1.681758708324399    -42.19460126520647     13.97190376188631    -177.8071888635113     54.57032497034963     157.9850380565096    -46.89477916123119    -1.727932458405374     1.048906080233758
   -20.19576193741162     6.173798985789382   -0.2318404222447268  -0.00626460087864925     13.54567791540249    -4.502179525328098     52.25548148854033    -16.01380043039213    -46.89477916123118     14.84664293456889    0.6436028626928807  -0.04101446309034126
    1.398402720460826   -0.4245848327876132    -3.537353684510499     1.102123195026708     1.427744203784548   -0.5102874733400707     1.577748726234211   -0.6255374270752548     -1.72793245840531    0.6436028626928615     1.911772837315031    0.4304245891765548
   0.3656025266272789   -0.1107735091508302   -0.6638927526880988    0.1991574062685661   0.08018510383209256   0.02781421010162047   -0.3531903806291677   0.06902638978640192     1.048906080233825  -0.04101446309036092    0.4304245891765546    0.6866541231205725

cov*(cov_.inverse()):
     1.000000000000069 -4.003524942119974e-15 -2.331468351712829e-15  1.654839459908075e-14  2.560928899497661e-14  2.123681005355982e-14 -2.823435929499851e-14  2.458103165459136e-14  1.487004963607319e-14 -1.360044889209266e-14  5.629177679544739e-16  1.873501354054952e-16
 9.525713551283843e-14      1.000000000000001  6.017408793468348e-14  7.494005416219807e-15  1.366962099069724e-14 -1.638966740102887e-14  5.945244296867713e-14  4.375666495803898e-14 -3.552713678800501e-15 -1.006139616066548e-15  7.771561172376096e-16   3.33066907387547e-16
-2.034483692625599e-14  2.203098814490545e-15      1.000000000000016   2.68812749837366e-14  3.663735981263017e-14  4.473851844544185e-15  -1.03667074924374e-14 -2.543104615781999e-15  -2.55351295663786e-15  3.486794186713382e-15  2.359223927328458e-16 -2.498001805406602e-16
 -5.06816810741384e-14  2.148281552649678e-14 -1.253441794801802e-13     0.9999999999999207 -2.303296442462965e-13  2.266936638406492e-14  1.439959262938828e-13 -1.784683512084939e-14  2.042810365310288e-14 -3.476385845857521e-15 -3.108624468950438e-15 -5.551115123125783e-16
-1.412758798835512e-14  6.925016116099414e-15  5.723199691942682e-14  -7.28583859910259e-15      1.000000000000029  7.875644580934704e-15 -4.071742942812762e-14  1.494637746901617e-14  1.110223024625157e-16 -9.367506770274758e-16  2.220446049250313e-16  1.110223024625157e-16
  2.19824158875781e-14 -1.551536676913656e-14 -7.194245199571014e-14  1.332267629550188e-14  3.611000387593322e-14     0.9999999999999628  5.717648576819556e-14 -2.498001805406602e-15 -9.303668946358812e-14  2.228772721935002e-14  8.881784197001252e-16  2.220446049250313e-16
 -1.52655665885959e-14 -1.096345236817342e-15 -8.881784197001252e-15  1.423861029081763e-14  2.166322676799837e-14 -5.571931804837504e-15      0.999999999999951 -7.216449660063518e-16   1.48769885299771e-14  3.531896997088779e-15  2.220446049250313e-16  1.110223024625157e-16
-2.120525977034049e-14 -9.381384558082573e-15 -7.815970093361102e-14  4.440892098500626e-16 -6.647460359943125e-14  4.871103520542874e-15  5.340172748447003e-14      1.000000000000007 -1.079136779935652e-13 -5.495603971894525e-15 -2.220446049250313e-16 -4.440892098500626e-16
  4.39648317751562e-14  1.720845688168993e-15  3.996802888650564e-15  7.882583474838611e-15   4.48252546192407e-14  2.706168622523819e-16  -5.81756864903582e-14  1.165734175856414e-15      1.000000000000078  -2.21767049168875e-14  2.220446049250313e-16 -2.220446049250313e-16
 2.081668171172169e-14  -1.40165656858926e-15 -5.651035195342047e-14 -1.226796442210798e-14  -1.05609965217468e-14   7.74727504371242e-15   5.25135490647699e-14 -8.909539772616881e-15 -4.451994328746878e-14      1.000000000000004 -1.110223024625157e-16 -1.110223024625157e-16
 -1.77635683940025e-14 -8.049116928532385e-15 -4.440892098500626e-16  1.454392162258955e-14  6.039613253960852e-14 -1.696559559505317e-14 -5.084821452783217e-14  8.298917109073045e-15  8.881784197001252e-14  4.579669976578771e-16     0.9999999999999997                      0
-3.552713678800501e-15  7.993605777301127e-15  5.773159728050814e-15 -1.298960938811433e-14 -4.690692279041286e-14  3.635980405647388e-15 -1.043609643147647e-14  2.209343819004062e-14 -6.483702463810914e-14  1.804112415015879e-15  6.661338147750939e-16                      1
