10
1

 0.138888263059418
0.1487751783481551
0.1669619692704624
 0.406660375099496
0.6132120689458572
0.8448359209780697
0.8786971795243823
 1.263664619707868
 1.699988666189024
 3.535861525922486

   0.2665857573851562   -0.1053935240757165   -0.3863531368033804    0.1214583117925915     0.224410778630129  0.009193210652771611 -0.008516802240290068  0.008205981001644899    0.8385050126756147  -0.01131937307217433
   -0.366303915805584    0.1469541190587415    0.5832474913693171   -0.1741588965773481   -0.4226404392425932  -0.02111393350493521  -0.01701864774173359 -0.003971387336121183    0.5423138347772622   0.01537953058940652
  -0.3382639939205315    0.1356424740478629    0.2980777085567569   -0.1303682920381443    0.8662067131368499   0.06702541138286902  -0.05587311187515812   0.02440526107323729   0.04776499787654775   0.02295616841971134
   0.7135678492089219   -0.2448637442663175    0.6292298687698193    0.1005231780368148    0.1047531093768261   0.09441417860111465  -0.06627027867891637    0.0126268871387054  -0.01235095438644078  -0.01538014987701528
 0.008556810241838159 -0.002827639453443773    0.0569918127345824   0.05102761053721239   0.04518192401227766    0.1151463943234466    0.8120601562812203   -0.5402977328353583   0.01819489146675841    0.1645369615392193
  0.03360762151621584  -0.01918081229494211   0.07861800680701868   0.06012654861817229   0.08646181367427004    -0.952256639387828   0.07696387009608117   -0.1338981651492982 0.0007755671316827252   -0.2249122527915105
 -0.05250893418318985   0.01821585167004555  0.008875388481178475   0.05362791028973483 -0.004072401267334723    0.2492827624569766   0.08196122940797031   -0.1098464490358894  0.002670532280306242   -0.9555138784713493
  0.02637514081839233  -0.01172318494020814  -0.05329926219061012   -0.1634950394372373  -0.01073913219416715   0.04504961618653699   -0.5453248923152891   -0.8171765111636649 -0.005253726372803418   0.04760664360235901
  -0.2972215483781128   -0.1491640593885298     0.115721529304655    0.9155716214583937 -0.006744392390701136   0.04281437877036497   -0.1463074500306047  -0.09369622981817545 -0.001770408377087485   0.07536592453663594
   0.2795633988009563    0.9305076527987182  0.005758079072946551     0.231773084631156 -0.005755520967502374   0.00272209620672188  -0.03544558199544938  -0.02624499816404007 -0.001218163166485777   0.01614580246792771

 35.7540300511268
77.36059048659675
49.86551540985495
112.5168636175472
67.65235541424146
158.1589600900183
91.53217646172585
218.3763497722296
107.5124729722307
259.2617528913186

0.4026389323419196

  -0.02865817740149804    0.01149073745157217    0.02913099162445442   -0.01160194370836224  1.180281981479661e-05 -8.470055885870261e-05 -2.338983009124826e-05  2.333651689997414e-06 -0.0008201011490715233   4.19527296395341e-05

-0.0004282553837579411  0.0006806322247998566  0.0005970040576866476  -0.001007961327270493  0.0002831502155375996  0.0003415950975817219  0.0009920612100368677 -0.0008513759977566565  -0.001281390207780607   0.002016719105504297

cov:
     1.328236483148474       3.34681796428886    -0.0150842239934757    0.03132714294647839  -0.003617203361583222   -0.04721463649396589   -0.02724749961082136   -0.04482973072191304  -0.004982287307563739    0.02536056680626596
      3.34681796428886      10.90122534818581  -0.004582930044929318      2.299209945334422    -0.0679349558533448    0.02513098223899162    -0.3374078071146292    -0.2492191307929495   -0.01256235695843401     0.1447002527900801
   -0.0150842239934757  -0.004582930044929318     0.1277071678821687     0.3478540477895194    0.01500549071029688   -0.02853791176199091   0.009698514442193591    0.01788547118642462  8.272603935648775e-05   0.005546016484409862
   0.03132714294647839      2.299209945334422     0.3478540477895194      3.145746551709152   -0.02656220330062791    0.08250578700992681    -0.3260382677866545    -0.1311274852905496  -0.006854592137585986     0.1872879302705444
 -0.003617203361583222    -0.0679349558533448    0.01500549071029688   -0.02656220330062791    0.03450171670162886   -0.05590471472041542    0.03066761687858843   0.001511818905850305  5.682642306211948e-05   -0.01143203076176265
  -0.04721463649396589    0.02513098223899162   -0.02853791176199091    0.08250578700992681   -0.05590471472041542     0.7104289571152462   -0.06104498100267849   -0.02455572851304559 -7.210968629132296e-05    -0.0108275694420768
  -0.02724749961082136    -0.3374078071146292   0.009698514442193591    -0.3260382677866545    0.03066761687858843   -0.06104498100267849     0.8106443683292154     0.5833782451612456    0.01134983397351513    -0.1029286454198367
  -0.04482973072191304    -0.2492191307929495    0.01788547118642462    -0.1311274852905496   0.001511818905850305   -0.02455572851304559     0.5833782451612456       1.23225045227182   0.003829253179022717   -0.01874061317328811
 -0.004982287307563739   -0.01256235695843401  8.272603935648775e-05  -0.006854592137585986  5.682642306211948e-05 -7.210968629132296e-05    0.01134983397351513   0.003829253179022717    0.02036323816580411  -0.001936375759799218
   0.02536056680626596     0.1447002527900801   0.005546016484409862     0.1872879302705444   -0.01143203076176265    -0.0108275694420768    -0.1029286454198367   -0.01874061317328811  -0.001936375759799218     0.7745806546088696

cov.inverse():
    16.97251930276184    -6.557289880503538    -15.90193530556829     6.485121889010062   0.04256868086168307  0.007772891196629811    0.5777623403146677  -0.07810815714527612     1.980587338069086   -0.7043467898110352
   -6.557289880503539     2.652091968083873     6.494475479488755    -2.632633342058546   0.02485472780624204    0.0241978847531302   -0.2375292050903781   0.04280642150841415   -0.7300748775802376    0.2776551345311103
    -15.9019353055683     6.494475479488758     28.71242444112496     -7.97619165415259    -5.954302115861513    0.2510777252145268   -0.9826454065340209  -0.03438594028698692    -2.037118374925656    0.8095375066314042
    6.485121889010062    -2.632633342058547    -7.976191654152588     3.132710732857721     0.763182343373579  -0.07032531872134576    0.4324991207931722  -0.06227440971789154    0.7842698663946147   -0.3526747965450853
  0.04256868086168805    0.0248547278062397    -5.954302115861518    0.7631823433735814     37.67904886776793     2.549375260327208    -1.441763466644372    0.8628113869179662    0.8782390435268378    0.2752906384052467
 0.007772891196630362   0.02419788475312992    0.2510777252145253   -0.0703253187213454     2.549375260327213     1.627695463373061 -0.005113864399498507   0.02686903904524825 -0.004686023722688214   0.07076947272182547
   0.5777623403146682   -0.2375292050903783   -0.9826454065340213    0.4324991207931724    -1.441763466644373  -0.00511386439949852     2.119824845179166   -0.9635695686044407   -0.8364317231783025    0.1628514363749144
  -0.0781081571452764   0.04280642150841416  -0.03438594028698679  -0.06227440971789165    0.8628113869179662   0.02686903904524823   -0.9635695686044407     1.264885594836557    0.2763515264735521  -0.07377376127622971
    1.980587338069087    -0.730074877580238    -2.037118374925656    0.7842698663946147    0.8782390435268371 -0.004686023722688303   -0.8364317231783028    0.2763515264735522     49.81963524930019  -0.07052606003114076
  -0.7043467898110353    0.2776551345311104    0.8095375066314043   -0.3526747965450854    0.2752906384052469   0.07076947272182549    0.1628514363749145  -0.07377376127622971  -0.07052606003114079     1.366422235585399

cov*(cov_.inverse()):
     1.000000000000002  2.775557561562891e-16 -7.563394355258879e-16 -3.434752482434078e-16 -8.153200337090993e-17 -3.577867169202165e-17  1.916869440954372e-16  5.746271514173174e-17 -9.974659986866641e-17  5.551115123125783e-17
 1.110223024625157e-15     0.9999999999999988 -2.664535259100376e-15 -7.216449660063518e-16 -2.775557561562891e-17  1.908195823574488e-17  3.400058012914542e-16  1.734723475976807e-17 -3.174543961037557e-16  1.942890293094024e-16
 3.165870343657673e-16 -6.808789643208968e-17                      1 -7.589415207398531e-17  2.194425197110661e-16 -1.626303258728257e-18 -1.214306433183765e-17  1.951563910473908e-18  7.795413620170777e-17  -2.34187669256869e-17
-3.552713678800501e-15 -1.804112415015879e-16                      0     0.9999999999999993  6.938893903907228e-17  2.775557561562891e-17 -1.838806884535416e-16 -1.561251128379126e-17  2.411265631607762e-16  1.665334536937735e-16
 1.301042606982605e-16 -3.903127820947816e-18  6.938893903907228e-17  3.729655473350135e-17                      1  -1.57968256531138e-16  2.168404344971009e-18 -2.710505431213761e-18  3.035766082959412e-18 -6.938893903907228e-18
-2.281161370909501e-16 -1.062518129035794e-16 -3.816391647148976e-16  4.163336342344337e-17 -1.994931997373328e-16     0.9999999999999999 -7.155734338404329e-18 -3.577867169202165e-18  5.800481622797449e-17 -5.204170427930421e-18
 2.081668171172169e-16  1.491862189340054e-16  5.273559366969494e-16 -6.938893903907228e-18  -2.42861286636753e-17 -9.194034422677078e-17                      1  3.122502256758253e-17  1.292368989602721e-16 -2.775557561562891e-17
 1.196959198423997e-16 -6.245004513516506e-17  1.301042606982605e-16 -1.136243876764809e-16  -1.52655665885959e-16  1.452830911130576e-17 -1.678344963007561e-16                      1  5.616167253474913e-17 -3.816391647148976e-17
 1.301042606982605e-17  7.589415207398531e-19  1.235990476633475e-17   9.75781955236954e-19  1.517883041479706e-18  8.402566836762659e-19 -4.824699667560495e-18  8.673617379884035e-19                      1  4.336808689942018e-19
-1.110223024625157e-16  5.551115123125783e-17  2.220446049250313e-16 -1.110223024625157e-16 -5.551115123125783e-17  3.469446951953614e-17  2.775557561562891e-17                      0 -4.163336342344337e-17                      1
