10
1

                  nan
                  nan
                  nan
                  nan
    3162.277660168379
1.936446766767251e-17
3.945291472324851e-10
2.617916601832158e-09
    2.508158097364888
    4.012025054198188

   -0.9148207384415745     0.3837490000486312  -0.000203053479480333    -0.1184414655793211   0.002792022817769248                      0   -0.03027724810659871   -0.02977873888613913  0.0001380058794633995                      0
                     0   -0.03493433987834737    -0.7461712905436176   -0.09974186258505674   0.002654758767676949  1.075484283361632e-21    -0.4843417268502223     0.4442659763000792  -0.009661475227329299                      0
                     0     0.3001640343701881    0.03697614498407911     0.9181015208504525    0.01428829883851335 -5.776499439338519e-20   -0.03518903317161389     0.2533301284455087  -0.002310209372829824                      0
                    -0    0.04058327477118757    -0.4657229974680189     0.1134476196430483   -0.08738030831893616 -1.651297154207525e-17       0.39476948751685    -0.3378834468198029    -0.7006719880546949                     -0
                     0                      0                      0                      0                      0                      0                      0                      0                      0                      1
                     0 -1.796452592633477e-17  2.614186038483207e-16 -5.165365020680248e-17 -8.855896539668455e-18                     -1 -2.125848721359984e-16  1.864044026549288e-16 -2.308179457348612e-16                      0
                     0     0.0106378764965941  -0.002553828685956592    0.01120078925407614    -0.9921432725547111  3.332131182186188e-17  -0.003597894763560673   0.003765018060797924     0.1240139604216912                      0
                     0    0.03843431404912744    -0.4742065391157251     0.1137265903536217     0.0880707010304026 -1.125890634360036e-16     0.3848480095541111    -0.3335874247501102     0.7025469490509806                      0
    0.3719582779553535     0.8203040438626583   0.003160249416827317    -0.3201869707496743   0.005442701491018156                     -0     0.1994776878921632     0.2153965509090986   0.001409453429007568                     -0
    0.1573215051342332     0.2920304125398318  -0.008652589891460588    0.06828999793287219   0.003367260575222976                      0    -0.6476904200910131    -0.6824288768388218  -0.002529897164487089                      0

22.33130732891428
32.47709846496582
69.61799932554635
 129.094004313151
85.15043953756305
159.2149963378906
93.24114510149764
184.6273396809896
107.5051199416546
217.4080047607422

0.4818344313304982

0.0007542810642389337   -0.5067418477095025  -0.02444950047184226   -0.4734335553491634     50.37145244054366    -15.31168286346403    0.3428078665804487   -0.3086296256317087    -8.481753119065454                     0

 2.885838880285712e-18  4.010986055135524e-18 -9.255333139888943e-18 -1.161795416645761e-17                      0  5.741614773811969e-33 -7.944632040947615e-18 -9.248239096200725e-18   0.001352978817427731  -0.005286433625717568

cov:
     1.268744136670704      2.658968224236336   -0.01451618151705934     -0.576286286650005    0.02126249316190416                      0     -1.173382152948938     -1.224101263379925  -0.003108430381767166                      0
     2.658968224236336      5.605834342328308   -0.02436435685213109     -1.331292311418398    0.04391482106121648                      0     -2.015160273338794     -2.096304690154906  -0.004618725700427538                      0
  -0.01451618151705934   -0.02436435685213109   0.001267917981925891   -0.01587662824242708   -0.00036077086825111                      0    0.09417288165533615      0.099327560510562  0.0003803724993925255                      0
    -0.576286286650005     -1.331292311418398   -0.01587662824242708     0.7200024414083139  -0.007261605933757033                      0     -1.113751879506997      -1.18400164116692  -0.005619904182312758                      0
   0.02126249316190416    0.04391482106121648   -0.00036077086825111  -0.007261605933757033   0.000368861558391198                      0   -0.02827523381764388     -0.029613028559124 -8.886327582045782e-05                      0
                     0                      0                      0                      0                      0                      0                      0                      0                      0                      0
    -1.173382152948938     -2.015160273338794    0.09417288165533615     -1.113751879506997   -0.02827523381764388                      0      7.002784785884188      7.384925129159566    0.02814401537951381                      0
    -1.224101263379925     -2.096304690154906      0.099327560510562      -1.18400164116692     -0.029613028559124                      0      7.384925129159566      7.788084071181319    0.02969978551349099                      0
 -0.003108430381767166  -0.004618725700427538  0.0003803724993925255  -0.005619904182312758 -8.886327582045782e-05                      0    0.02814401537951381    0.02969978551349099  0.0001155198778873582                      0
                     0                      0                      0                      0                      0                      0                      0                      0                      0                      0

cov.inverse():
nan nan nan nan nan nan nan nan nan nan
nan nan nan nan nan nan nan nan nan nan
nan nan nan nan nan nan nan nan nan nan
nan nan nan nan nan nan nan nan nan nan
nan nan nan nan nan nan nan nan nan nan
nan nan nan nan nan nan nan nan nan nan
nan nan nan nan nan nan nan nan nan nan
nan nan nan nan nan nan nan nan nan nan
nan nan nan nan nan nan nan nan nan nan
nan nan nan nan nan nan nan nan nan inf

cov*(cov_.inverse()):
nan nan nan nan nan nan nan nan nan nan
nan nan nan nan nan nan nan nan nan nan
nan nan nan nan nan nan nan nan nan nan
nan nan nan nan nan nan nan nan nan nan
nan nan nan nan nan nan nan nan nan nan
nan nan nan nan nan nan nan nan nan nan
nan nan nan nan nan nan nan nan nan nan
nan nan nan nan nan nan nan nan nan nan
nan nan nan nan nan nan nan nan nan nan
nan nan nan nan nan nan nan nan nan nan
