10
1

0.05992008429409282
 0.1147100857305245
 0.4798279130319342
  1.092132054679658
  1.559200367128395
  1.915223895593854
  2.949389772172828
  3.093362280915605
  5.868092326855137
  11.06171059969588

    0.2039782658852339   -0.06968787183986079  -0.007162012137525138   0.002052554004369685    -0.7401021191944591     0.2611654383381339     0.5475479461906203    -0.1939369520424204  -0.003606488733131074   0.009440637931464543
     0.412357217708141    -0.1391366076952689     -0.801551223755148     0.2744103005586936     0.2380278981288359   -0.08441949034255504     0.1619974049283683   -0.04936937120312313 -0.0004860831071136122   -0.01877474677147687
   -0.6293615200961676     0.1623742588760669    -0.1295073625007471    0.02998569345282478     0.2627091102821758   -0.08280416427856015     0.5783267005886715    -0.1843932958461011    -0.3152135641798376     0.1271712265651979
    0.5973324844582971    0.06912190032157779     0.4996535964787737    0.02741468983821603     0.3669813323927532    -0.1635579464126777     0.3360154574400718   -0.07349292491062732    -0.2851912113861464     0.1641421924787863
   0.01770276863752911   0.003222424579557875    0.07912047739164976    0.04645603721204358     0.1843829179375769       0.27450180423023     -0.152257367625818    -0.7734231473646802   -0.01299051752669774    -0.5102698200481742
   0.02668061958875431     0.0258258742678905   -0.06534746594640202   -0.02472713130157117     0.1732123475158879     0.7197388166409222    -0.1629529381433785    -0.0990270456460544   -0.04369981819835761     0.6383128347350404
 -0.008376895134476377   0.003408400731274419    0.08047924114300839     0.1420663912242338     0.2214157777258459      0.543234250299481     0.2482417222007826     0.5516368462458355   -0.03303240158630225    -0.5119684980599186
    0.1751366629551613     0.4837800121667711    -0.2718547528291445    -0.7097157651733382   -0.05074526844805993    0.04814507299692395   -0.07331408771227323    0.06325767125457663    -0.3453983530796798    -0.1552837212393564
   -0.0593676345501529    -0.6893918108564153   -0.01117474675392945    -0.1079932507549645   -0.08613328001168044    0.01136773879915966    -0.1735680566970401    0.04889638603998338    -0.6834227876488335   -0.04791030115077218
   0.01263287335706943     0.4844050183704555  -0.001156182784126487     0.6202681706028803    -0.2624531374278257   -0.01150665321886991    -0.2823458565601493    0.04317066051555336    -0.4793295762508091   -0.01022079927239622

22.69550519828535
65.03211629547535
35.43276334192058
102.2679330179154
45.39064039033993
130.9091185454423
53.85399530947166
155.5629331551194
90.02827496545453
261.7685334302317

0.3449973092844634

 -0.009902083055620693   0.003378827562275229 -0.0009607628537256747   0.000358784793090946  -0.002590680385459962  0.0009725384612982111    0.01342804243125287  -0.004500929436201061  6.927207752826245e-05 -0.0001081087974717772

 2.925409973404016e-05 -2.610630493101024e-05   0.003387867760082538  -0.002929376075559669   0.002568223027669875  -0.006185284497059496   0.008058622100010116   -0.01139740974360141    -0.1421526890657678    -0.1974589446394399

cov:
    0.957544396155125     2.996182516931092  -0.07298950055857198 -0.003915975105942581  -0.08175584161539919  -0.02247270364912482  -0.08819262665568052  -0.03644301639170173  -0.08260839014147563 -0.001850456178720466
    2.996182516931092     47.33142224124976    -1.027096926964051     36.04814921074784    -13.68221359022484   -0.6590623646987076    -12.91480273073134     1.679024806640131    -13.82682442048485   -0.1277110232895203
 -0.07298950055857198    -1.027096926964051     1.108967934764987     1.926893300531227    0.5596184296223806    0.0384767315857896    0.6622964322677815   0.03390588165294576     1.053583503579568   -0.0915160893371616
-0.003915975105942581     36.04814921074784     1.926893300531227     52.48299847983669    -18.96104575103364   -0.6117162752421664    -19.96590519903268     3.264594458865592    -31.54235440614427      -0.2850511200388
 -0.08175584161539919    -13.68221359022484    0.5596184296223806    -18.96104575103364     9.506967828578144     1.861520063789898     10.10515135416924   -0.9522058683676871     17.34687715587961   -0.1840729397843556
 -0.02247270364912482   -0.6590623646987076    0.0384767315857896   -0.6117162752421664     1.861520063789898     4.727072804004777    0.8608367443124422     1.834431502068163    0.0297455194273789    -1.184985947970614
 -0.08819262665568052    -12.91480273073134    0.6622964322677815    -19.96590519903268     10.10515135416924    0.8608367443124422     11.74627210231566   -0.3458844083522986     20.69025763851971   -0.4671257518371518
 -0.03644301639170173     1.679024806640131   0.03390588165294576     3.264594458865592   -0.9522058683676871     1.834431502068163   -0.3458844083522986     4.500422314021503    -3.971615232303102     -1.97759705971261
 -0.08260839014147563    -13.82682442048485     1.053583503579568    -31.54235440614427     17.34687715587961    0.0297455194273789     20.69025763851971    -3.971615232303102     45.47495355334605     2.236023090849835
-0.001850456178720466   -0.1277110232895203   -0.0915160893371616      -0.2850511200388   -0.1840729397843556    -1.184985947970614   -0.4671257518371518     -1.97759705971261     2.236023090849835     4.766041949197112

cov.inverse():
   26.53399536241923   -8.718295150276422   -24.92653761561154    8.635105560369812   -35.12004551503671    12.34377528079715    34.76766517650367    -12.1036146529466   0.4931342555697177  -0.3187897871110318
   -8.71829515027642      2.9827140578653    8.538362680690678   -2.950030507919038    12.05426070470967    -4.23648944284121   -11.91580055686997    4.152813102428487  -0.1697091049980362   0.1111720415724102
  -24.92653761560922    8.538362680689906    49.13557701757406   -16.70186857200555   -13.01087967135575    4.599324221500109   -11.14254802896378    3.447036883064627   0.1047325063373969    1.093780838911909
   8.635105560369029   -2.950030507918768   -16.70186857200557    5.787860896723624    4.592150079983425   -1.620156937839539    3.781212733916298   -1.175869978161424  -0.0349686273117041  -0.3766024652086623
  -35.12004551504157    12.05426070471123   -13.01087967134784    4.592150079980642    157.3065303616573   -55.43825941107817   -109.1852904783669    38.80081908947717   0.2878814011264429   -2.110661436779807
   12.34377528079851   -4.236489442841728    4.599324221497238    -1.62015693783857   -55.43825941107816    19.79727178670654    38.50096392654335   -13.78574476829668  -0.1207645144219154   0.7737785361547436
   34.76766517650607   -11.91580055687069   -11.14254802896924    3.781212733918267    -109.185290478363    38.50096392654198    87.07020861325138   -30.59982914788545   -1.419101047886134    1.564708116400249
  -12.10361465294739     4.15281310242875    3.447036883066667   -1.175869978162128    38.80081908947589   -13.78574476829623   -30.59982914788553    11.09718703509751   0.4664482418968873  -0.4399219982860794
  0.4931342555698087  -0.1697091049980672   0.1047325063373566 -0.03496862731169031    0.287881401126201  -0.1207645144218302   -1.419101047885941   0.4664482418968198   0.5320129583311154  -0.2184837348678658
 -0.3187897871109751   0.1111720415723902     1.09378083891184  -0.3766024652086389   -2.110661436779881   0.7737785361547697    1.564708116400335  -0.4399219982861094  -0.2184837348678678   0.3953423652011838

cov*(cov_.inverse()):
    0.9999999999999546 -9.006684287271582e-15 -2.515088831644974e-14  4.593656184603834e-15  2.946570938633375e-13  1.477722024606498e-13 -2.301062985987645e-13  1.937556018405395e-14 -7.369322166383974e-16  1.724965656424438e-15
-1.119451753517353e-13     0.9999999999999839 -1.287858708565182e-14 -1.567496132892643e-14 -1.107447467063594e-13  -3.82055498349132e-14    1.5049073098794e-13   8.89843754237063e-14 -7.979727989493313e-16 -1.089406342913435e-15
 6.934730567564884e-14  5.724587470723463e-15     0.9999999999999821  1.868644128322217e-14  1.352806755505753e-13  7.309430838375874e-14 -2.365330153963896e-13 -1.425942697252935e-14 -1.110223024625157e-16  1.394717674685353e-15
-8.877620860658908e-14  6.315781231336359e-14  1.544320227253593e-13     0.9999999999999606 -7.682743330406083e-14 -2.057520820386571e-13 -6.472600233564663e-14 -1.066924326664775e-13  6.800116025829084e-16  6.786238238021269e-15
-1.251013181935434e-13  1.126529425299339e-14  3.211320098728265e-14  8.326672684688674e-16      1.000000000000232  3.858025010572419e-14 -3.794742298168785e-13  4.697631172945194e-14  -1.35308431126191e-15 -1.249000902703301e-16
-7.993605777301127e-15  5.662137425588298e-15 -2.220446049250313e-16  5.551115123125783e-16  9.681144774731365e-14      1.000000000000002 -6.217248937900877e-15  3.108624468950438e-15 -1.110223024625157e-16 -2.220446049250313e-16
-6.203371150093062e-14 -5.571931804837504e-15  -3.83026943495679e-14  1.637578961322106e-14  4.105604745063829e-13  5.040412531798211e-14     0.9999999999997143  1.887379141862766e-15 -5.551115123125783e-16 -2.414735078559715e-15
-5.440092820663267e-15  5.551115123125783e-15 -5.329070518200751e-15 -1.443289932012704e-15 -3.907985046680551e-14 -2.620126338115369e-14  7.105427357601002e-15       1.00000000000001  2.220446049250313e-16  1.110223024625157e-16
-1.854072451124011e-14  2.495226247845039e-14  4.884981308350689e-15  3.175237850427948e-14  -1.35003119794419e-13  1.638689184346731e-13 -1.536548666081217e-13 -1.464384169480581e-13     0.9999999999999956  2.442490654175344e-15
 6.217248937900877e-15 -6.661338147750939e-16 -8.881784197001252e-16 -4.440892098500626e-16 -2.664535259100376e-14  8.881784197001252e-16  2.753353101070388e-14 -3.996802888650564e-15 -4.440892098500626e-16                      1
