10
1

0.2336407075414048
0.6538469842927119
0.9736560250456993
 1.049266241782187
 1.470188904035197
 1.669269109315902
 1.820367061026202
 2.016486468516128
 5.314163503017155
 9.728290431763163

  -0.4094151501136927    0.2498252074367008    0.7188923654451932   -0.4494422612660458   -0.1446119062600246   0.09048276402006673  -0.05971275577203013   0.06199286455188242   -0.0956295024497463   0.07421965417850664
  -0.3346514288876391    0.1182275227858162  -0.05546281623489566   0.03405426261671497    0.8311216827362469    -0.325617332158753  -0.03789422024861868   0.09082857067910979   -0.1877434502737317    0.1675456785335137
   0.4901979149098935  -0.02191580047662074    0.3033340394831217  -0.06045464998814287    0.2685786027690492   -0.0344833851820634   -0.3895290997770204    0.4782379740468016    0.2051593751489479   -0.4095131003632769
   0.6471227616207528   0.04008563193277185    0.3508682418682377  -0.05391583193029825    0.2196995994052959   0.02342772833102559    0.2804250223550012   -0.3601494659304656   -0.1785291368789459    0.4056779231105536
  0.01132243434923473  0.003660037506555283   0.02642654603458417   0.01024359287452968   0.03789776178829359    0.1066387820552967    0.7185551178454346    0.3479425862262726   -0.4030314210633568   -0.4317721804756763
   0.2332455947531115    0.3712003534680042    -0.393255265373013   -0.4367868725645425   -0.2381647816611507   -0.2574804400298168  -0.07926599427208203    0.4068969875981411   -0.2525551166497494    0.3220610668695909
 -0.07336117539352262   -0.1402579730424692   0.09984698155843529    0.1534844133998226  0.009956709556229303    0.0916699972416376    0.3483768852367001    0.5053096506288952    0.5497616184221282    0.5039586246155253
 0.005212546947787908    0.1017269310253397   -0.3154350851974231   -0.5350764729019599    0.3299397964921486    0.6226296667612651   0.07816551264898057   -0.1351686595904553    0.2753706742124499  -0.08414833730902524
 -0.03494991554444397   -0.6094760998721698 -0.007740158425493744  -0.02431633366481309   0.02604534931944068     0.405968666463748   -0.2890527152244033    0.2344476512539147   -0.4998319492517512    0.2698668629737422
  0.01278895314230131    0.6182536504418156   0.01099506379462119    0.5375285992533695     0.011193571431083    0.4954781577352063   -0.1760538928585499    0.1195179706309078   -0.1659130407919194    0.1005506017709428

22.68413654245967
33.32734542178235
50.56398664441947
75.61352613736965
68.39525493857536
102.8026725360101
87.20310577991144
131.1899755751714
 103.157819416254
156.0710150955786

0.6641718398335206

  -0.02215421808328998    0.01461494927840448    0.02096312426189996   -0.01374742226168037   0.000555208823321491 -0.0001615808232870334  0.0006415179314754135 -0.0003431457847404008  0.0001851288669653605 -0.0004965045668917762

 0.001842961948205527  0.003356699136927486 -0.003799916556540662 -0.006018888861053891   0.00151508733265684 -0.006880402681861666 -0.001819718289107407  0.009704183262353661   -0.2401752006301764    0.1215964854414961

cov:
   0.965664230391362    1.623322595061542   0.1178564817553668   0.2809764311823957 0.004213260129810367  0.07041546319210618 -0.01922861199460622  0.01179373960284952 -0.01215227819653706 0.002890578399596283
   1.623322595061542    47.16785948579294   0.2093077639662696    31.12012354869202   0.1366225181938387    21.93960570078149   -5.514171164561072    3.070341418354678   -1.533737352270252    1.335008968430962
  0.1178564817553668   0.2093077639662696    1.135480918285908    1.724292561408266 -0.01407838905809172 -0.04278989885697281  0.01776503377186312 -0.01363835823510175 0.009768242511824812 -0.01936955543418765
  0.2809764311823957    31.12012354869202    1.724292561408266    29.15386170439614   0.1166712211124961    23.92825110454699   -8.631539976621449    5.976404739439187   -8.119622691534955    4.967715086529673
0.004213260129810367   0.1366225181938387 -0.01407838905809172   0.1166712211124961     1.05313113213572     1.72192180490367  -0.2156283550316347 -0.04070945682730949 -0.07813309169848112  0.01245136007484239
 0.07041546319210618    21.93960570078149 -0.04278989885697281    23.92825110454699     1.72192180490367    29.74920917264157   -11.01823416934363    7.854582529773652   -12.54356903337597    7.419298359406911
-0.01922861199460622   -5.514171164561072  0.01776503377186312   -8.631539976621449  -0.2156283550316347   -11.01823416934363    7.084637936329716   -3.203710900729838    6.868972636167151    -3.79142645233213
 0.01179373960284952    3.070341418354678 -0.01363835823510175    5.976404739439187 -0.04070945682730949    7.854582529773652   -3.203710900729838    4.910922915629325   -4.850051543431531    3.514881370621951
-0.01215227819653706   -1.533737352270252 0.009768242511824812   -8.119622691534955 -0.07813309169848112   -12.54356903337597    6.868972636167151   -4.850051543431531     11.5897572163938   -4.587986651693384
0.002890578399596283    1.335008968430962 -0.01936955543418765    4.967715086529673  0.01245136007484239    7.419298359406911    -3.79142645233213    3.514881370621951   -4.587986651693384    4.928381997320626

cov.inverse():
   3.987710852882169   -1.918865827740091   -5.020648266093494    3.240763305185388   0.6824637802610141  -0.4504637685209949   0.4307743589958667  -0.4762029020248349   0.8308675573732163  -0.6479971365035311
  -1.918865827740096    1.253131595231083    3.216257446140829   -2.122063729421627  -0.4545113375595605   0.2977541452715695  -0.2815878269168498   0.3104093984328348  -0.5418204566033543   0.4238116826083717
  -5.020648266093493    3.216257446140831    9.766777584509816   -5.851869420172989    -1.84755054460424    1.222332302741252  -0.7922706575216666   0.8153611531691539   -1.200243527189683   0.9248673740393573
   3.240763305185395   -2.122063729421628   -5.851869420172989    3.858736667013178    1.223556857336681  -0.8042178892520333   0.5206550488341752  -0.5364993751445831    0.794450870955115  -0.6092590919372636
  0.6824637802610181  -0.4545113375595613   -1.847550544604242    1.223556857336682     2.16663998407058  -0.8027137773045762   0.0565972657465197  0.03807206589878278 -0.05111692687688801  0.05388646789743123
 -0.4504637685209983   0.2977541452715696    1.222332302741252   -0.804217889252033   -0.802713777304576   0.5350977136250941 0.009325825832257675 -0.01463757601709158  0.02599454166340351 -0.02665896298957155
  0.4307743589958717  -0.2815878269168512  -0.7922706575216695   0.5206550488341775  0.05659726574652062 0.009325825832256973   0.5827048416222038  -0.2121032529932128  -0.0668074424161668  0.07127249629363114
 -0.4762029020248367   0.3104093984328353   0.8153611531691557  -0.5364993751445841  0.03807206589878157 -0.01463757601709072  -0.2121032529932128    0.647841083737854 -0.01803006140788626  -0.1598713803521766
  0.8308675573732199  -0.5418204566033537   -1.200243527189681   0.7944508709551135 -0.05111692687688889  0.02599454166340391 -0.06680744241616733 -0.01803006140788633   0.5403587262612251  -0.2337295322395566
 -0.6479971365035334   0.4238116826083707   0.9248673740393537  -0.6092590919372614  0.05388646789743311 -0.02665896298957259  0.07127249629363186  -0.1598713803521767  -0.2337295322395569   0.6974998639476055

cov*(cov_.inverse()):
     1.000000000000002  5.402145744626274e-15  -4.45260148196347e-15 -4.922494703518687e-15 -2.922954846912296e-15  3.206948053467717e-15 -2.930137686305012e-15  8.757100947165419e-16 -4.501715840377063e-15   3.52886123100582e-15
-7.771561172376096e-16      1.000000000000011 -1.221245327087672e-14  4.884981308350689e-15  5.689893001203927e-16 -1.131039706336878e-15  9.436895709313831e-16   3.33066907387547e-16 -1.831867990631508e-15  2.664535259100376e-15
-2.669739429528306e-15  2.501471252358556e-15      1.000000000000003 -1.013078509970455e-15  6.596286017401809e-16  1.309716224362489e-16 -8.857931749206571e-16  1.630640067418199e-16 -2.090341788552053e-16  8.309325449928906e-16
-1.953992523340276e-14  7.105427357601002e-15  -1.77635683940025e-15      1.000000000000011   2.55351295663786e-15 -2.164934898019055e-15  2.109423746787797e-15  7.771561172376096e-16 -2.886579864025407e-15 -8.881784197001252e-16
-5.551115123125783e-16  1.743397093356691e-16  8.795048023202412e-16 -6.999609225566417e-16                      1  1.868080343192524e-16 -3.361026734705064e-18 -1.170938346284345e-17  6.071532165918825e-18 -5.377642775528102e-17
  1.77635683940025e-14   1.77635683940025e-15  1.154631945610163e-14  7.105427357601002e-15 -2.220446049250313e-15      0.999999999999996  3.996802888650564e-15 -6.661338147750939e-16 -1.998401444325282e-15                      0
 8.881784197001252e-16 -2.664535259100376e-15 -2.664535259100376e-15  3.996802888650564e-15  2.331468351712829e-15 -2.081668171172169e-16      0.999999999999999 -1.110223024625157e-16  1.998401444325282e-15 -4.440892098500626e-16
-2.220446049250313e-15  1.554312234475219e-15   1.77635683940025e-15  8.881784197001252e-16 -1.637578961322106e-15  4.024558464266192e-16  3.885780586188048e-16                      1 -6.661338147750939e-16  4.440892098500626e-16
 2.220446049250313e-15 -8.881784197001252e-16  2.664535259100376e-15 -4.440892098500626e-16  1.498801083243961e-15  8.049116928532385e-16  5.551115123125783e-17 -9.992007221626409e-16      1.000000000000001                      0
 3.996802888650564e-15 -3.108624468950438e-15 -8.881784197001252e-15  5.329070518200751e-15   1.27675647831893e-15 -1.609823385706477e-15  1.221245327087672e-15 -6.661338147750939e-16 -4.440892098500626e-16                      1
