10
1

0.02657963713172366
 0.1606994195722268
 0.1733603634899738
 0.3545196247493416
  0.468750131341151
 0.8069101816958656
 0.8347352954769338
 0.8882971243098591
  1.723007435478815
  3.314325765416382

   -0.1369885665736326    0.05454463060708504     0.7143815107879669    -0.2853162813740985    -0.5772148108215234     0.2306263072442363   0.005989057002600003   0.001589532729069123    0.01041144354811791 -0.0006837598443942723
   -0.0119382594247598 -0.0004902421282108637    0.09475548933533057    0.01031212230021915    0.09093544991269734   -0.02942103073611575    -0.9826913660330177   -0.06953436768597819    -0.1050560737433075  -0.009127655940246671
   0.03520220239269985   -0.01321880364263369   -0.01845035061336277   0.009230789724710748   -0.01591030005006331    0.01087877705925265     -0.109226122466078   -0.01144023477283227     0.9928379794910417 -0.0006939032996373833
    0.5596957893362629    -0.1808997878027016    -0.4484375076415928 -0.0005210159338257394    -0.6034454897945011     0.2585275297802128    -0.1045312772018628   -0.03324153642107439   -0.05502576113279817   -0.08292680870427017
   -0.7347701188535357     0.2048123371616396     -0.504899342651552    -0.1738470383121146    -0.2780128366395534     0.1706250504013783   -0.06272133396247848    -0.1496812018236513   0.006073653683208874    0.01546860378871712
   0.02583593010066592    0.02798068569311316   -0.06741254274439902     -0.162937658680868    -0.3452773261131749    -0.8469906593030214   -0.02220357774243385    0.05022793439666598   0.001852169517039601     0.3575298179783588
  -0.04517335688784468    0.05175921563930622   -0.09188426199101164   -0.08133333031691561    0.01637183225505865     0.1822684156533088   -0.08184683634148776     0.9351551680551541   0.001554824077718612     0.2559613262357673
   0.08904340402418374   -0.03457327225233536    0.01222637290599372   0.007953010288980567     0.1096908491542428     0.3121685745625261    0.01443102908463807    -0.2970739453557839  -0.006340129185144389     0.8903260887439531
   -0.2582619448366041    -0.2219615518233607     0.1047650237255675     0.8828121720938583    -0.2820571901914259   -0.03909229863005848  -0.008039559433553844    0.07632502629532874  -0.004098586788463401    0.08191084817467011
    0.2221932131462379     0.9318008921795762    0.01442676214688447     0.2749466043498426   -0.07609377263585258    0.01690535537515402   -0.00509099635818774   -0.02014030335666802  4.872519649535936e-05   0.008117939631869858

22.49584973308823
44.36942620405983
49.86302906381166
112.5119141149725
56.66033091167569
129.4695417457095
67.65188148526953
158.1595428872265
107.5105020866854
259.2653526315092

0.4026171657308475

  -0.01529354304132116   0.006165968394931396    0.01766715183106855  -0.007028746627923038  -0.002027048058581886  0.0008192418616041821  0.0001297685714310488  5.051134112941347e-06 -0.0002916441574070075  1.444672488820458e-05

 1.300948156930903e-05  3.809946683836349e-05 -3.826912179093717e-05  -0.002030802055421747   0.001207350598866662 -0.0001695045997573026  5.004765889448275e-05  -0.001078175775379139  -0.003656297087344984   0.009195549060890783

cov:
    0.9064954431807045      2.395064644581075   0.007356215763388022    0.02264895912235943    0.03436288234050528    0.06381984070475728 -8.521764446864746e-05    -0.1353031652661455 -0.0009714718401702806   0.009196108306525917
     2.395064644581075      9.700464180827925    0.06126388645036765      2.218571000499327     -0.600505084576137     0.1832285020812756   -0.05095168639339065    -0.2196715041467934   0.004593985839879518    0.02315488399822906
  0.007356215763388022    0.06126388645036765     0.1257207806556885     0.3497734747183019   -0.01982582033745943   -0.01442242668103338    0.01355542109070573   -0.02607929535792626  0.0001161392407115905   0.006207021452826416
   0.02264895912235943      2.218571000499327     0.3497734747183019      3.172768998305724    -0.9218641440515835    0.02350310225789649   -0.02725238870418061    0.08471654137201631   -0.01090207395982488     0.1917576705861794
   0.03436288234050528     -0.600505084576137   -0.01982582033745943    -0.9218641440515835     0.4502977710578469     0.2079165205964015    0.02579597519226433   -0.06190732250493523   0.005520477678161616   -0.07044624570169997
   0.06381984070475728     0.1832285020812756   -0.01442242668103338    0.02350310225789649     0.2079165205964015     0.5896772699059784  0.0003563626734622728  -0.001350232988278904  -0.003055090853791072    0.04453875530858138
-8.521764446864746e-05   -0.05095168639339065    0.01355542109070573   -0.02725238870418061    0.02579597519226433  0.0003563626734622728    0.03316396641958372   -0.05383402284391296 -4.639064834470503e-05   -0.01092661819192855
   -0.1353031652661455    -0.2196715041467934   -0.02607929535792626    0.08471654137201631   -0.06190732250493523  -0.001350232988278904   -0.05383402284391296     0.7075686695662439   0.001497859375990556   -0.01360817304233205
-0.0009714718401702806   0.004593985839879518  0.0001161392407115905   -0.01090207395982488   0.005520477678161616  -0.003055090853791072 -4.639064834470503e-05   0.001497859375990556    0.03038414827567914  -0.004139785512551401
  0.009196108306525917    0.02315488399822906   0.006207021452826416     0.1917576705861794   -0.07044624570169997    0.04453875530858138   -0.01092661819192855   -0.01360817304233205  -0.004139785512551401     0.7759229558744092

cov.inverse():
   31.59983084054516   -12.05013301422051   -138.8994210031506    55.83743929744397    110.1264819174741   -44.11872059600555   -1.084058152904734 -0.03617071176549272   -1.073071163328125  -0.1939253447447685
  -12.05013301422052    4.770505874251749    55.31916780042673   -22.24990018241062   -43.95385351728628    17.55638485092435   0.6135840308713492   0.1146241816312692   0.4547824516903023   0.0713975772517197
  -138.8994210031506    55.31916780042671    725.5165547347465   -288.0157974074982   -580.5123882230073    231.8446802475964    3.047507049765603    1.691297780122893    9.714676877772273    -0.51821373125751
   55.83743929744415   -22.24990018241067   -288.0157974074984     115.691454636158    233.3664055374366    -93.1020795229672   -2.781886386563984  -0.6571891458608347   -3.948254918438892   0.1745744238063335
   110.1264819174742   -43.95385351728633    -580.512388223008    233.3664055374367    475.4070679629543   -189.4952854595694   -7.701894505681754    -1.24157911375004   -9.146954343596088   0.8378092231412104
  -44.11872059600561    17.55638485092437    231.8446802475966   -93.10207952296726   -189.4952854595695    77.26219353126432    2.784679961813085   0.4700857555664218    3.764915046243271  -0.4186057578329179
  -1.084058152904732   0.6135840308713483    3.047507049765575   -2.781886386563974   -7.701894505681733    2.784679961813077    37.95756118277931    2.654225292959967   0.5213152609841534   0.3824130932146198
-0.03617071176552471    0.114624181631282     1.69129778012306   -0.657189145860901   -1.241579113750173   0.4700857555664748    2.654225292959967    1.678709280023018 -0.05670639178955713  0.07270200805805171
  -1.073071163328133   0.4547824516903051    9.714676877772309   -3.948254918438906   -9.146954343596111    3.764915046243281   0.5213152609841517 -0.05670639178955723    33.40387730674181  0.03518752527889094
 -0.1939253447447619  0.07139757725171711  -0.5182137312575436   0.1745744238063469   0.8378092231412372  -0.4186057578329286   0.3824130932146196  0.07270200805805167  0.03518752527889056     1.35689879098928

cov*(cov_.inverse()):
    0.9999999999999897  3.941400157636554e-15 -2.977652846514189e-14 -2.169683703534542e-14  2.820313427243093e-14 -2.664101578231381e-15 -3.382710778154774e-17 -1.324895054777286e-16  -1.61112442831346e-16 -9.020562075079397e-17
-1.998054499630086e-14      1.000000000000001 -4.797204300466262e-14 -1.763346413330424e-15  2.346733918301425e-14 -9.766493169749424e-16  -5.48172618408671e-16  1.142749089799722e-16  1.136243876764809e-15 -8.326672684688674e-17
-4.709774237277031e-16 -7.762887554996212e-16     0.9999999999999861  1.409853137013251e-14  2.293130962893741e-14  2.749536709423239e-15 -1.825796458465589e-16 -2.770136550700464e-16 -3.377289767292346e-17  3.295974604355933e-17
  4.08006961549745e-14 -5.681219383824043e-15  -1.66422431391311e-13      1.000000000000075 -3.885780586188048e-16 -6.106226635438361e-14 -1.845745778439323e-15  1.040834085586084e-17 -1.501403168457927e-15  1.665334536937735e-16
 8.708311849403572e-15  -4.79737777281386e-15 -3.307770723992576e-14  1.497760249158375e-14      1.000000000000078 -2.818925648462312e-14 -7.320533068622126e-16 -2.229119666630197e-16 -9.332812300755222e-16  2.775557561562891e-17
-8.465450562766819e-16   1.39645239816133e-16   2.54830878620993e-14 -7.992738415563139e-15 -2.702005286181475e-14      1.000000000000011  2.324529457808922e-16  6.071532165918825e-17   2.53703308361608e-16 -3.469446951953614e-17
-4.345482307321902e-16 -1.450662506785605e-16 -6.363833071620917e-15  1.836855320624942e-15  5.294376048681215e-15 -5.507747036226363e-16     0.9999999999999998 -1.062518129035794e-17 -5.312590645178972e-17  5.204170427930421e-18
 1.059482362952835e-15   1.19370659190654e-16  1.460550430598673e-14 -9.983333604246525e-16 -2.345693084215839e-14  5.376775413790114e-15 -1.517883041479706e-16                      1  2.457886325024639e-16 -1.387778780781446e-17
 3.848917712323541e-17  -7.85504473965748e-17 -6.583275591331983e-16  7.906002241764298e-16   3.95516952522712e-16 -7.112366251504909e-17 -6.570265165262157e-17  6.142005307130383e-17                      1 -2.602085213965211e-18
 2.081668171172169e-15 -4.718447854656915e-16 -3.608224830031759e-15 -2.026157019940911e-15 -3.108624468950438e-15 -5.551115123125783e-17  1.110223024625157e-16  -9.71445146547012e-17 -4.510281037539698e-17                      1
