10
1

0.02172568919978373
 0.1735385830277677
 0.2157181546231283
 0.5215497841725186
 0.6291345761658654
 0.8738134502965584
   1.51281603306704
  2.170018892080555
  2.778065220326975
  3.953217275639924

    0.3888983443903476    -0.1556716621922079    -0.7553056615110126     0.3032198929920895     0.3738148422476873    -0.1491205200122013  -0.001529856015111938   0.001756232346603877   -0.01069976901508955   0.001043964658035747
  -0.04556184028188851    0.01614653188703789    0.01366355293490443  -0.005260225048177483     0.0515675369692845   -0.01491837138234593    0.01064034271613527   -0.00354915712156913      -0.99721622638309  -0.001123088102215779
    0.4938217358399811    -0.1790357524866449    -0.1291249606210116    0.04537921554619213     -0.807578850693626     0.2006405264231706    0.07561074097597666 -0.0008422322346168203   -0.07137100236630625   -0.04584789492128238
     0.656381224067428    -0.1788292988110123     0.4817274814905497    -0.1546422053756752     0.4307392001659722     0.2205915833933749     0.1753789401648214    -0.1091371509983308  -0.004160839154396747   -0.06576689352835939
   -0.1750067153040732    0.03589347676626447   -0.09953750488643173    0.03653309680023701   -0.03825619179786721   -0.02759852850551752     0.7098007605858784    -0.6712307963018455    0.01541389601788488   0.003349787154376823
    0.0884748330726725  -0.006513018826033596    0.04213336486320572    -0.0167219110369999   -0.01981493721403852   -0.05249036642044464    0.01420165139704484  -0.007418745512850478  -0.004662427054319882     0.9933018718083321
   -0.2634135745134206    -0.1587946984496869    -0.2178399241831661   -0.03812685480261165     0.1306241734157436     0.8335537196523732     0.2303499916743192     0.2927193662246826   0.002294895725045262    0.07657775186363319
  0.004003572459821946   -0.05590596223679088     0.1391172215541566     0.1710420521010184   -0.02909552687304801    -0.3603747061170666     0.6203569831300875     0.6571754416869975   0.008113466774491292   -0.02729203845841174
   -0.2255025649671662    -0.7257645276325991     0.2598206692927924     0.5600271585345492  -0.007772203235873237   -0.02711978497298504    -0.1445400366151192    -0.1393293362114148  -0.001899799453071233    0.01316282277965644
    0.1152244992108848      0.595873947063406     0.1859959508308108     0.7321904077686182   0.007589120082067992     0.2443135541969652   -0.02439573415920873   -0.02213639335831575 -0.0003868799747658562    0.01132422618443555

22.49533733874075
44.37660873274702
35.74744169212574
77.34984809743119
49.86404357699791
112.5185629606998
79.67143742789922
187.2498633748728
107.5104336160122
259.2626133386263

0.4026452987682397

  -0.01806889402362909    0.00728511712679842    0.00586979477618601  -0.002377377184993184    0.01259790682276313  -0.004995332940433749 -0.0001711274353327515  1.591338507187143e-05  -0.000153612451490728  4.068829444975299e-05

-3.709604831800193e-06  5.749124687093692e-05  -0.001036452136540062  -0.001544195278525401  0.0009001062166266701 -0.0009986150981287731 -0.0003102550260020959   0.005961224398205695  -0.007394242958893057   0.007651741035400628

cov:
   0.9055898810927149     2.391741120470171    0.1093224797547191    0.3398714630570759  0.007554402378299851   0.02019001418942925   0.06527634727972739   0.06503803858672347 -0.001020189155546791  0.004880545776267088
    2.391741120470171     9.697268740850301    0.2953636879771331     3.658086471323726   0.05972181455367916     2.206431234309139    0.3362457636760725    0.2906971746888607  0.004623512657502814  0.009770243166119082
   0.1093224797547191    0.2953636879771331     1.330825577249299     3.359683248174179  -0.01565576522208463    0.0312679843720688  -0.07416534524321471  -0.04723944593955353 -0.002043198526080299    0.0267339181989364
   0.3398714630570759     3.658086471323726     3.359683248174179     10.94714065854553 -0.001664455211568558     2.306777270775944   -0.4214465704080947   -0.3567445417386858 -0.005840240597993151    0.1478417294939723
 0.007554402378299851   0.05972181455367916  -0.01565576522208463 -0.001664455211568558    0.1262450545704961    0.3486357858586429 -0.003595400457634394 0.0007153768799301917 0.0001237020619395046  0.006122207654674421
  0.02019001418942925     2.206431234309139    0.0312679843720688     2.306777270775944    0.3486357858586429     3.157735454265572   -0.6733016946214899   -0.6110930108267481   -0.0109188979240299    0.1886616132868457
  0.06527634727972739    0.3362457636760725  -0.07416534524321471   -0.4214465704080947 -0.003595400457634394   -0.6733016946214899     2.312396775797685     2.044081804484025   0.03068880117423493  -0.04994409844997427
  0.06503803858672347    0.2906971746888607  -0.04723944593955353   -0.3567445417386858 0.0007153768799301917   -0.6110930108267481     2.044081804484025     2.568905066437093   0.02498638253776343   -0.0557913957712164
-0.001020189155546791  0.004623512657502814 -0.002043198526080299 -0.005840240597993151 0.0001237020619395046   -0.0109188979240299   0.03068880117423493   0.02498638253776343   0.03065287328873338 -0.004157274005270419
 0.004880545776267088  0.009770243166119082    0.0267339181989364    0.1478417294939723  0.006122207654674421    0.1886616132868457  -0.04994409844997427   -0.0557913957712164 -0.004157274005270419    0.7749038624235581

cov.inverse():
   327.4426460597007   -130.5908268178415   -622.4777171950298    249.9230338091138    300.3875071822129   -120.2679597516416  -0.3851444053932296     1.44678641977476   -8.082137249442152   0.3210922512415416
  -130.5908268178413    52.26291499648659    249.2807230510889   -100.1010576142485   -120.4469381008568    48.21257165115896   0.1576228207835089  -0.5827942087021278    3.272894600331387  -0.1392437137641137
  -622.4777171950285    249.2807230510886    1209.924658061345   -485.5900122376844   -595.1581895428855     238.366595819355    2.367223098578262   -2.847894176200931    16.85587674119735   -1.613866075369177
   249.9230338091135   -100.1010576142484   -485.5900122376847    195.0093318867513    239.0934808591483   -95.74216993611941  -0.9383526206834868    1.136115118596918   -6.765038581627259   0.6413003179558866
   300.3875071822129   -120.4469381008569   -595.1581895428864    239.0934808591485    310.8479585141619   -121.2034325763662   -2.287376351012055    1.304449267977081   -8.950728762083489    1.494820741933462
  -120.2679597516417    48.21257165115902    238.3665958193553   -95.74216993611948   -121.2034325763662     48.5035800608039   0.9323692508377166  -0.5414477215690019    3.562723077465151  -0.6186857780514611
 -0.3851444053933953    0.157622820783576    2.367223098578593  -0.9383526206836195   -2.287376351012217   0.9323692508377817    1.625441830536998   -1.163844203690337  -0.4074108983089687 -0.09234855414275443
   1.446786419774887  -0.5827942087021791   -2.847894176201185     1.13611511859702    1.304449267977204  -0.5414477215690512   -1.163844203690337    1.320828036538906  0.05603896077000311  0.02163369087634915
  -8.082137249442058    3.272894600331352     16.8558767411972   -6.765038581627199   -8.950728762083406    3.562723077465118  -0.4074108983089728  0.05603896077000683    33.37344615337844  0.07893889854963261
  0.3210922512415058  -0.1392437137640995   -1.613866075369109   0.6413003179558592    1.494820741933427  -0.6186857780514472 -0.09234855414275353   0.0216336908763485  0.07893889854963479     1.35838900700329

cov*(cov_.inverse()):
    0.9999999999999595 -6.296189698079546e-14    -5.415199538783e-13  1.596426983663246e-13  1.803626692442606e-13 -1.678128122573064e-14 -1.376611498404845e-15  1.683440713218243e-15 -5.886946746053168e-15  5.091413401991929e-16
 6.088922768765492e-14      1.000000000000023 -1.151162498658209e-13  2.627759121409667e-14 -8.325631850603088e-14 -4.717580492918927e-15 -2.019868647340495e-16  8.529960592029706e-16    3.4854931441064e-15 -1.387778780781446e-17
 7.262419832176903e-14  9.612536461256482e-15     0.9999999999998291 -7.393391454613152e-14  8.385653282871885e-14  4.506464645892549e-14 -3.898791012257874e-16  3.937822290467352e-16 -8.756016744992934e-16 -6.938893903907228e-17
 4.584596591250545e-13 -3.938863124552938e-14 -3.567979245389097e-13      1.000000000000154  6.494804694057166e-15 -2.258471187843725e-13  5.152128723651117e-16 -2.044805297307661e-15  8.895661984809067e-15 -8.326672684688674e-17
 8.565197162635485e-15   8.76902717106276e-16 -6.905934157863669e-15  8.873110579621368e-15      1.000000000000008 -5.430985522414389e-15 -1.801944010670908e-16 -3.024924061234557e-17 -7.280417588240162e-17  6.418476861114186e-17
-2.377958940869007e-13  2.129511844639609e-13   1.11655129586552e-12 -3.904654377606676e-13 -5.385136780944322e-13      1.000000000000122  2.331468351712829e-15 -3.567458828346304e-15  1.921726666687107e-14 -1.332267629550188e-15
 -2.33285613049361e-14  1.174147584714902e-14  8.484879465697759e-14 -2.301631107926028e-14 -2.724209746673978e-14  9.481998519689228e-15      1.000000000000001 -1.329231863467228e-16  7.945033519973776e-16 -8.326672684688674e-17
 1.622660339428705e-14 -6.336077496005288e-15   1.82354131794682e-14  8.999745393367675e-15  1.577904473748504e-14 -1.310757058448075e-14  5.681219383824043e-16     0.9999999999999998 -8.413408858487514e-17  2.775557561562891e-17
 1.868947704930513e-15 -1.289116383085265e-16  7.337880303381894e-16  2.224782857940255e-16  1.561251128379126e-16 -5.620504062164855e-16  3.344763702117781e-17 -6.884683795282953e-18                      1 -4.250072516143177e-17
-6.716849298982197e-15 -4.579669976578771e-16 -9.992007221626409e-15  -3.83026943495679e-15 -2.886579864025407e-15  9.436895709313831e-16  1.665334536937735e-16 -1.387778780781446e-16 -2.775557561562891e-17                      1
