10
1

0.03910430815063151
0.04826762003473099
 0.5396363211249463
 0.8732599343743052
 0.9155669846352797
  1.278655089422947
    1.4811737416406
  2.908432173215799
  4.357214543996113
  5.823615675140154

   0.3240378081437567  -0.09908195782718282   -0.7065500012045962    0.2146257669150796     0.536457036585045   -0.1604487659991566   -0.1564318461868641   0.04360436653062178  0.001464819412926128 0.0008791531617414394
  -0.3932518967584604    0.1196173512596906     0.368811204087324   -0.1131429809167365    0.5635731996217127   -0.1741965028857216   -0.5534619166389931    0.1671338515367028 0.0004447180609563717  -0.00289971715835353
   0.5130055291976494   -0.1122175999158231    0.1162426717103777  -0.01083227412212957   -0.3906014674271786  -0.05690544609989087   -0.6449530448083285    0.1429209744308213    0.3285933212675187   -0.1021307912397043
  -0.6410911779267162   0.01489278839284467   -0.5064647967481666   0.03144121340882703   -0.4320264309615429   -0.2274954057586826    -0.270624085657554   -0.0582297506917154    0.1048089425282091   -0.0726027235334698
-0.005020923705594112   0.01206849867992383  -0.05347491606753097 -0.009528749059645627   -0.1358545989286775   -0.1390120928231869    0.0819497384386363    0.6878327213513944  -0.07957851036397509    0.6877031281395733
   0.1479092174806703   0.02159163228382848    0.1111476295201357   0.06174981540754868  -0.09955127770921361   -0.4368410119315478   -0.1823642585612939   -0.5853043691902319   -0.4147772783099618     0.461379653814344
  -0.1043220602469027  -0.03173803012175414   -0.1284763552103098  -0.03624978334974501   0.07066196623678786    0.7442569145860348   -0.2604113896980517   -0.2807279211560861    0.1709840598640137    0.4853041415839769
   0.1504072834616542    0.2955922132304049    -0.249452570685072   -0.8157795089971192   -0.0426991066979029   0.09255911186017195  -0.09872302638521227   0.05317365435338223   -0.3574943854767161   -0.1073023216608069
 -0.04093057247123409   -0.2033972648654734   0.01277619640248031    0.3562535366037913    -0.126692818513491    0.3305207943810577   -0.2453237574248036    0.2196120089891477   -0.7386355888153173   -0.2249080880052914
  0.09537699911688104    0.9125215155575697  -0.02524064590120381    0.3773564426181324  -0.06440828183669563   0.08387735786481672  -0.04786023790600707   0.02806654968277849  0.006776721992114072  -0.02940478221378495

22.73535135661828
69.31811806143696
35.05969592442418
109.7153624099135
48.97788690268972
155.3243359106064
57.67077761636144
183.7875398057164
81.81960556563442
262.9670441076403

0.3063720756310515

  -0.00737231591743335   0.002254446641365233  -0.003421058037534772   0.001041877959684045   0.001898371638835005 -0.0006506062464590863   0.008757778756273853  -0.002651883006045938 -6.754761104248725e-05 -8.303104111210302e-05

-5.115592618925418e-07 -5.399595485070009e-06  -0.003258479715043862   0.002773109561896777 -0.0009122843314675226  -0.002154345342127606  -0.001840195307078043   -0.01313535294725935   -0.05595331528613457    0.03951561346688152

cov:
    0.9819254876320308      3.474065897757005   -0.08816111190774283   -0.08763623682767892   -0.05128053659503597   -0.04035782387663299   -0.03824156473602722   -0.04271700419666641 -0.0001900494968629781   -0.03901526424942099
     3.474065897757005      29.77196274106923     -1.451221789318403      8.268095826377461     -1.612697152198487      1.481523402492119    -0.7502840217445859     0.1540574376941033      2.131228714082799     -0.317848588444603
  -0.08816111190774283     -1.451221789318403     0.8105091053060208      1.493801113150917     0.2361270509522793    -0.3839084003746392     0.3087495015151297    -0.1136040045816392     0.4200310277429054     0.1378449914345269
  -0.08763623682767892      8.268095826377461      1.493801113150917      12.87840374121608     -1.410217503097071      2.562774251147715     -1.593238350216752      1.433486528739735     -2.495511788558967     -1.155972136819874
  -0.05128053659503597     -1.612697152198487     0.2361270509522793     -1.410217503097071     0.6914209455760071    -0.7282822116363472     0.8719247085471721    -0.6321502401259093      1.922138421522133     0.6013146475160125
  -0.04035782387663299      1.481523402492119    -0.3839084003746392      2.562774251147715    -0.7282822116363472      3.969050261857382     -1.999462520249639      1.386709672126168     -4.334524748015385     -1.181932820554294
  -0.03824156473602722    -0.7502840217445859     0.3087495015151297     -1.593238350216752     0.8719247085471721     -1.999462520249639      1.689246608833405    -0.7457200175635577      3.664946467766848     0.8514441545865152
  -0.04271700419666641     0.1540574376941033    -0.1136040045816392      1.433486528739735    -0.6321502401259093      1.386709672126168    -0.7457200175635577      2.104481194021465     -2.979265833757247     -1.358901489277581
-0.0001900494968629781      2.131228714082799     0.4200310277429054     -2.495511788558967      1.922138421522133     -4.334524748015385      3.664946467766848     -2.979265833757247      11.83123785277321      3.279380187795078
  -0.03901526424942099     -0.317848588444603     0.1378449914345269     -1.155972136819874     0.6013146475160125     -1.181932820554294     0.8514441545865152     -1.358901489277581      3.279380187795078      2.355304458168734

cov.inverse():
  136.5090325763472  -41.38556093173056  -211.3342001693094   64.52641163896942   18.21395843248879   -4.57874899395604   59.35776006384143  -18.71366999929028  0.6761731134533008  0.5699112563875881
 -41.38556093173062   12.64311626458858   64.65557840553168  -19.73209538489291  -5.688505313989018    1.45347414601403  -18.03670100429421    5.70608890296054 -0.2101517552279492 -0.1610653094993166
 -211.3342001693086   64.65557840553136   385.2579617308328  -117.0741777459271  -158.5266884928305   46.62151629130486  -15.41251543902712   6.337421550625273 -0.5679620577518207   -0.89569390216402
  64.52641163896915   -19.7320953848928   -117.074177745927   35.71311875428999   47.92015334329052  -14.09659704300122   4.935880114821477  -2.030254762990745  0.1792035575895737  0.2724130430827695
  18.21395843248503  -5.688505313987852  -158.5266884928243   47.92015334328869   325.3298768657504  -98.15173257934312  -187.7527987947951   55.48188347664712  0.1717226010100892 -0.3367164868413289
 -4.578748993955013   1.453474146013706   46.62151629130313   -14.0965970430007   -98.1517325793431   30.33830189321754   57.94438330908099  -17.13087785996258 -0.1171573724001993 0.08833616380902395
  59.35776006384387  -18.03670100429495  -15.41251543903164    4.93588011482284   -187.752798794793   57.94438330908041   149.0723113570697  -44.29880818898995 -0.9885509540788385  0.8132464484221363
 -18.71366999929072   5.706088902960675   6.337421550626114  -2.030254762990997   55.48188347664668  -17.13087785996245   -44.2988081889899   14.12068431907444  0.2774648223064392  0.1061881277656879
 0.6761731134533095 -0.2101517552279519 -0.5679620577518569  0.1792035575895846  0.1717226010101453 -0.1171573724002162 -0.9885509540788679  0.2774648223064478  0.5566254485534015 -0.2561643166288262
 0.5699112563875628 -0.1610653094993088 -0.8956939021639683  0.2724130430827536 -0.3367164868413627 0.08833616380903432   0.813246448422144  0.1061881277656856 -0.2561643166288263   0.852635028837592

cov*(cov_.inverse()):
     1.000000000000052  3.740931175943984e-15   5.21249710061511e-14 -2.829333989318172e-14  4.528669106385053e-14  7.512220012717563e-15 -1.794397963550409e-14   4.36282954208167e-16 -3.295974604355933e-17  2.775557561562891e-17
 5.295763827461997e-14     0.9999999999999456 -2.318700786929639e-13 -3.189115638235762e-14  9.356404540028507e-14 -1.044997421928429e-14 -3.996802888650564e-15 -1.754846268298138e-14 -1.942890293094024e-16                      0
 3.015643290638081e-14 -2.664535259100376e-15      1.000000000000004  -2.67841304690819e-15 -2.669392484833111e-14  7.311859451242242e-15  2.510491814433635e-14 -3.313321839115702e-15  2.775557561562891e-17 -6.938893903907228e-17
 5.018208071305708e-14 -5.562217353372034e-14 -4.174438572590589e-14     0.9999999999999573 -1.045274977684585e-13 -4.586608870482678e-14  1.654232306691483e-14 -2.742250870824137e-14 -3.885780586188048e-16 -2.220446049250313e-16
-6.661338147750939e-16  1.665334536937735e-16  -7.66053886991358e-15  6.578071420904053e-15     0.9999999999999573 -4.309053114326389e-15 -2.586819647376615e-14 -5.911937606128959e-15 -8.326672684688674e-17 -1.110223024625157e-16
 3.586020369539256e-14 -1.490474410559273e-14 -5.129230373768223e-14  4.524158825347513e-14  6.322720125240266e-14     0.9999999999999912 -5.617728504603292e-14  9.436895709313831e-15 -6.661338147750939e-16                      0
 1.998401444325282e-14 -2.026157019940911e-15 -2.231548279496565e-14 -5.578870698741412e-15 -6.539213615042172e-14  8.673617379884035e-15     0.9999999999999857 -1.408595462493167e-14  2.775557561562891e-17                      0
-1.609823385706477e-14  4.912736883966318e-15 -1.754152378907747e-14  3.941291737419306e-15  8.604228440844963e-15  -9.18709552877317e-15 -4.996003610813204e-14      1.000000000000008                      0                      0
 9.547918011776346e-15 -1.609823385706477e-14 -1.243449787580175e-13  4.241051954068098e-14 -3.774758283725532e-15 -6.716849298982197e-14  8.526512829121202e-14 -2.864375403532904e-14      1.000000000000001  4.440892098500626e-16
 9.325873406851315e-15 -5.162537064506978e-15 -1.243449787580175e-14 -2.109423746787797e-15 -4.163336342344337e-14  2.498001805406602e-15  6.661338147750939e-15 -1.554312234475219e-14  2.220446049250313e-16                      1
