10
1

 0.134436329245053
0.3352853363334932
0.9805451460481047
 1.250064981095269
 1.590075355610866
  2.08708800444957
 2.648669138299383
 3.000928936752391
 5.965431750683477
 14.16159879203361

  -0.4285418264697004    0.1549059141230892    0.7750989546374923   -0.2805220764025016   -0.3164688916609642    0.1106893859764782  0.001108850944083865  0.004060448146725278  -0.02144766604171683 -0.001617770448696185
  -0.5386249778566439    0.1743699152255475  0.003154984931907005 -0.003177571137971279    0.7441426144113341   -0.2655846746752143   -0.1275206907542851   0.04455125082873185   -0.1773813494975775   0.07392077738496032
   -0.651540935184257  -0.01142838028814306   -0.5202498230568756   0.02234958794654854    -0.351401216934827    0.1813836488587294    0.3389439861330852    -0.166752224344843  -0.05429448722874022   0.04673708047544009
  -0.2451449528830042  -0.06800584601457135   -0.1935700211947591   -0.0405815131307514   -0.1479609187662824   0.04843718480999949   -0.5869409755547715    0.5308583622933162    0.4596893842639811   -0.1852018107608688
 -0.05511242525046912    -0.027313750406965  -0.02069890488581824  -0.01185748522712626   0.02314003109460985   0.04448180198286757   -0.4209962298448136   -0.7428316862092432   0.07504232368603835   -0.5083948793324116
  0.04965641128800535   0.07543835913464346   -0.0341270841376737  -0.06106428876687932    0.1938306624005019    0.7447481570181468   -0.2933651356865737   -0.1515069022013352   0.01741903168522657    0.5342366325611552
  -0.0308337648449921  -0.07840961797777959  -0.03167530001165399  -0.04061073360045898   -0.2551473446728478   -0.5622835340545372   -0.2776187276671241   -0.2979990566155591    0.1800159765762971    0.6408622057503528
   0.1803431192225956    0.5084432062747278    -0.297167481513927   -0.7109659691235241   -0.1061607607317935  -0.09282695835744365    -0.114265976620363   0.05590996957520492   -0.2750505358738491  -0.05880779972601306
 -0.05111265371205491   -0.6576566047254192  -0.01105944750650699   -0.1555149171252377  -0.09261785217501776   0.01077214067349478   -0.2772730257640004    0.1181519560529623   -0.6641034379629812 0.0006234244214558082
 0.006587440794725206    0.4870648093818979  0.007427952569646812    0.6196569427520576   -0.2786930810094809  -0.02103205870029013   -0.3066665596333765   0.08797324057821315   -0.4458552844733824  0.003433724155241032

 22.6844341182435
60.79817761713538
35.54166085152279
95.79502067708626
  48.755088697467
131.1418333722838
68.81187854738376
185.8535419066552
 96.2700351258941
261.2193625920525

0.3706514898840767

  -0.01608407574295821   0.005916839370661986   0.006063400822786044  -0.002216317909530803   0.009125012506206523  -0.003235620041200079  0.0001953553058822599 -0.0003157138897291676   0.000581849928679717 -0.0001411243438633151

0.0001784082662052295  0.001935605511921863  0.003360373117349545   0.00150214835133244  0.002428498310039351 -0.004964286923100769 -0.003681678553848051 -0.008811711427346753   -0.1476654951064484   -0.2757577899388713

cov:
    0.9576479857431853      2.723986914223389   -0.05648235590152219   -0.05202844847911914   -0.04404018780368966   -0.03857572478703173   -0.01089418556997545    0.02568606324287287  -0.004594914683131389  -0.007131180756518243
     2.723986914223389      65.37773721174538    -0.3401163076315227      60.91941619429445     -25.30586214346706     -2.192664141429028     -23.84805570015497      6.195895720916998     -29.41897271960659   -0.06970096890267841
  -0.05648235590152219    -0.3401163076315227      1.153524031521125      2.902846419165948     0.1484224288441536     0.1208354843107088    0.09338773829663859    -0.0145484236343254     0.1744926355130526 -0.0003257166408324256
  -0.05202844847911914      60.91941619429445      2.902846419165948      82.45183857666218     -33.41806498858625     -2.117862871734314     -35.62990889291166      10.03101175384596     -50.05963256461601     0.5030806040100814
  -0.04404018780368966     -25.30586214346706     0.1484224288441536     -33.41806498858625      16.82221991203074      2.771312752617667      18.39849269231349     -5.060553736337971      26.96582278145068    -0.8303336548334118
  -0.03857572478703173     -2.192664141429028     0.1208354843107088     -2.117862871734314      2.771312752617667      4.852937067480415       1.39731233767876     0.2377273314560694      1.241392699786532    -0.8252243493866568
  -0.01089418556997545     -23.84805570015497    0.09338773829663859     -35.62990889291166      18.39849269231349       1.39731233767876      23.72847835694277     -5.611103645685331      33.36742811590815     -1.362481357642735
   0.02568606324287287      6.195895720916998    -0.0145484236343254      10.03101175384596     -5.060553736337971     0.2377273314560694     -5.611103645685331      4.662505885017888      -10.9366763469348    -0.8646890355400142
 -0.004594914683131389     -29.41897271960659     0.1744926355130526     -50.05963256461601      26.96582278145068      1.241392699786532      33.36742811590815      -10.9366763469348       56.8224644006303     0.4403667578913655
 -0.007131180756518243   -0.06970096890267841 -0.0003257166408324256     0.5030806040100814    -0.8303336548334118    -0.8252243493866568     -1.362481357642735    -0.8646890355400142     0.4403667578913655      4.867822177052344

cov.inverse():
    13.22769147932332    -4.477169957916019    -18.01673216796722     6.643805785779628     4.200687978458271    -1.474506274846828    0.4522468357473533   -0.2632915626989721     1.316333524647785   -0.3052607508484173
    -4.47716995791601     1.645791372076568     6.646355245588855     -2.44403769791094    -1.546612611492577    0.5457217391920256    -0.166281792548047   0.09270412045724483   -0.4851869536636787     0.112555775359887
   -18.01673216796731     6.646355245588897     33.55749313488798    -12.01356510789948    -13.34002372822819     4.634914493480604  -0.05587670083533301    0.2065965520568375   -0.9446619582660539  -0.07063100554760662
    6.643805785779662    -2.444037697910956    -12.01356510789948     4.415657075835279     4.893288639142538    -1.707777752113903    0.0264940795870464  -0.07927159101448246    0.3463147941649245   0.02475260588038757
    4.200687978458421    -1.546612611492631    -13.34002372822838     4.893288639142606     10.62982873848901    -3.712054940096585   -0.9361629039480189    0.2306975981769583   -0.8217990150595068    0.5146014533421726
   -1.474506274846883     0.545721739192045      4.63491449348067    -1.707777752113927    -3.712054940096585     1.515230500557133    0.3196225260748137   -0.1110257614296741    0.2842657273573103   -0.1498331947738221
    0.452246835747342   -0.1662817925480434  -0.05587670083531161    0.0264940795870382   -0.9361629039480325    0.3196225260748185    0.5895898790287353   -0.1645435045650447 -0.003348458835819781   0.02613524484294454
  -0.2632915626989781   0.09270412045724705    0.2065965520568451  -0.07927159101448522    0.2306975981769582    -0.111025761429674   -0.1645435045650449    0.4647803576648583   0.05605536457000236   0.06111238023241489
    1.316333524647757   -0.4851869536636677   -0.9446619582659936    0.3463147941649032   -0.8217990150595335    0.2842657273573196 -0.003348458835820739   0.05605536457000352    0.4723363805868541   -0.1665714730102334
  -0.3052607508484053    0.1125557753598825  -0.07063100554762657   0.02475260588039491     0.514601453342179   -0.1498331947738243   0.02613524484294532   0.06111238023241453   -0.1665714730102327    0.2996498630658862

cov*(cov_.inverse()):
      1.00000000000003 -8.364186079856673e-15 -2.190110072464169e-14  6.971338653918857e-15 -4.653395724307785e-15  2.911082833123579e-15  1.385583271382163e-15 -9.486769009248164e-17 -1.775272637227765e-15  6.591949208711867e-17
-2.863681514142513e-14      1.000000000000002 -3.395547731877002e-14 -3.295107242617945e-15  3.318872954238827e-14 -8.036973864200547e-15 -2.107038502008329e-15 -1.346145417358002e-15 -2.550043509685906e-16  2.414735078559715e-15
 8.674010403171561e-15 -1.625517212153205e-15     0.9999999999999934  2.160809847565927e-15  1.130153371060871e-14 -1.619757388111875e-15  9.902560542396355e-16 -7.066965285532079e-17 -2.561597039086455e-15  -2.81079413216867e-17
-1.033617635926021e-13  3.171768403475994e-14  3.379935220593211e-14     0.9999999999999823 -7.499556531342932e-14  8.368306048112117e-15 -2.206568261442499e-15 -2.470246229790973e-15 -1.304512053934559e-15 -3.663735981263017e-15
 1.443289932012704e-14 -1.118549697309845e-14  1.499494972634352e-14  3.060052211623088e-15      1.000000000000017 -4.246603069191224e-15  1.779826286352204e-15  2.914335439641036e-16 -1.221245327087672e-15  4.996003610813204e-16
  1.27675647831893e-15 -3.191891195797325e-16 -1.283695372222837e-15 -1.380839886877538e-15  1.665334536937735e-15     0.9999999999999988 -6.140921104957897e-16  3.538835890992686e-16 -5.828670879282072e-16  1.942890293094024e-16
-7.549516567451064e-15 -6.189493362285248e-15  5.374867217966539e-14 -4.399258735077183e-15 -6.550315845288424e-15  1.193489751472043e-14     0.9999999999999997   1.52655665885959e-15   3.05311331771918e-16 -1.665334536937735e-16
-1.576516694967722e-14  5.245803791353865e-15  2.561145739932158e-14   2.05391259555654e-15 -6.550315845288424e-15 -1.387778780781446e-15  2.151057110211241e-16     0.9999999999999997 -2.220446049250313e-16 -2.775557561562891e-16
 4.835021272242557e-14 -1.473821065189895e-14  1.588312814604365e-14  2.022340628293762e-14 -1.071365218763276e-14  9.034439862887211e-15 -3.313321839115702e-15  1.332267629550188e-15      0.999999999999997  1.387778780781446e-15
-6.661338147750939e-16  1.110223024625157e-16  2.275957200481571e-15 -1.665334536937735e-16 -1.332267629550188e-15   3.33066907387547e-16  1.387778780781446e-16 -1.110223024625157e-16 -1.110223024625157e-16                      1
