14
1

0.06170392529943739
 0.2266636139316515
 0.7600573302142365
 0.8199716321068662
 0.9349385105800825
  1.057623095802087
  1.182325921306344
  1.414610980893093
  1.739704718819187
  2.090675701317744
  2.145635738904646
  2.646511991426201
  5.330034086393123
   9.33078277095767

    0.3963966880549463    -0.1874552350558657    -0.7385029146702351     0.3483709786752622     0.3393933094792239    -0.1605994600068858  0.0004045725099265494  -0.000844792059522205  6.399673088978816e-05   0.000323051228698967  0.0001661376706629906 -0.0001487399815010953 -0.0004846264962365495 -0.0001769675031195119
    0.4910073541938772    -0.2181948961525262   -0.08053996261926906    0.03576668129953018    -0.7465898975144917     0.3371426363448316    0.06148344999439866   -0.04660328508813015    0.09373054524349664   -0.01533130601355949    0.07374503633915383   -0.05128215183866344    0.07745383687856923   -0.05861195142081815
  -0.06400442158455528    0.02371531708274323   -0.03233918111288805    0.01584186566505584  -0.002731618592735657  -0.002601289807245064     0.1400599800517791    -0.9223470717146809    -0.1470258267560597     0.2870358915425717   -0.06165915476987965    -0.1204436811015179  -0.008546045788738636    0.03607381181904519
    0.4093427754698742   -0.06059318591368813     0.3032863182273354   -0.04996512888238121     0.1828567899497322   -0.03625886933614068    -0.3317118337128192      0.157337129398922    -0.4481011927661751     0.4922841536941338    0.06701931565244758    -0.2795335213617419     0.1286988715616096    -0.1497213551935285
   -0.4830125524619594    0.01886315848341541    -0.3972988332550361    0.02204337043355289    -0.2980982736161767    0.03097277230706993    0.04115242919543571     0.2472052739351198    -0.2286655030703451     0.3724297707249228     0.2524018656776916    -0.3601849257770849    -0.1803745398933756      0.196005651627633
    0.2392606723092221    0.02075299925449742     0.1977468040234998   0.008931142942087083     0.1500413391306525  -0.004780150242956341    -0.1052688118770131    -0.1245973948768621     0.1706797760857308    -0.2346033633817901     0.5797210793701414    -0.2588750083161207    -0.4553489497522016     0.3992405329270176
   -0.1428864906183976   -0.03034322682908472    -0.1086604589928629   -0.01061700816209681   -0.08310737949746012   -0.01486687797245162    -0.3992959866011523    -0.1296539173039189   -0.01204262921267427    0.05771354579606049     0.3989704650656792     0.4213612854278575    -0.3070453139656429    -0.5906709502174398
    0.1831603469551921    0.08591302496718671     0.1408186319369224    0.06466824734501624    0.08978461094542886    0.03725748012063659      0.721130732875083     0.1628215300786988   -0.08174347787001833     0.2586341427601175  -0.004702964554264554     0.1649942253814115     -0.478268046580384    -0.2225094082215845
  -0.08178208461856953   -0.08786872843474082   -0.02167521363645863   -0.02274642373964021    0.04378919895935411     0.0445355895044316     0.0329147987052694   -0.03345607999601372   -0.06916023057393916    -0.4270739464762059      -0.20327310873609    -0.6528786096480765    -0.2014165273854844    -0.5321518675641276
   0.06559952523236511     0.1304963195073336   -0.01742402076849137   -0.03193312030494386   -0.03950869795228718    -0.0621194931495672    -0.2897821068762394    0.03121816313613329     0.6454653166317157     0.4146761844150362    -0.4069658915037394    -0.1524182759724401    -0.3308993758495919  -0.006877707679169226
   -0.2441137970191529      -0.50508312715617     0.1559035522915461     0.2883413890036687     0.3097309097596118     0.5504614591717707     0.0638553574820242    0.01588726040398312     0.2888840082102572     0.1874707909659878     0.1450449473001774   -0.05180363831952874     0.1669349626691707   -0.06628457749861773
    0.1184187524927538     0.2654328744827734    -0.3178625015594964    -0.6821522195775517     0.2604620955816405     0.5149297983981296    0.03789912116466328  -0.003655367479085004    0.04245915220739997    0.02621465366929531    0.07793724675481596  -0.003808366102112028    0.07165349997586939   -0.03159639542735273
  -0.02705881233279437     -0.409346789218692   -0.01338262591651404    -0.1186995116156591     0.0158632539029041     0.2481358020823002    -0.2261009979149511  -0.005583007701943223    -0.3798368479794562    -0.1154132125276818      -0.42535048758036     0.2246316322981864    -0.4776751010682513      0.295476492062277
   0.01655233306816378     0.6213298108257785    0.01470403183926839      0.552857525075014    0.01116818201373276     0.4701656471871304    -0.1806534093324309   0.001249091080735956    -0.1720912414766964   -0.08697816646609968    -0.1109456551903645    0.02381743755778313   -0.05684559365022175    0.02649017098435349

22.67230915709258
44.80435073684913
 35.5610497246363
72.02320139312769
 50.5338339812218
103.6883966164377
64.57296831157332
133.3339334486316
74.52815179847525
154.7575244442276
88.34755112999113
184.4029721083132
104.6943653802414
219.4722089239611

0.4757025291425073

  -0.01805505613863771   0.008567603927247884   0.002672495019185237  -0.001262410254657762    0.01480808944712813  -0.007008627802161553 -1.984709912636898e-05 -2.746460307017672e-05  4.024192978838804e-05  3.005451493292171e-05  0.0003738652278328594  0.0001239057888637746 -2.590071812872178e-06  8.304318072794899e-05

-1.913218235828878e-05  -0.001253271924463004  0.0007050366722390406  -0.002755085368456002   0.002816684800974307  -0.001280990339740294   0.001512869044802095  -0.002442655984715758   0.002466444598166155  -0.001528554231048711   0.004229714132718782   0.002965733059793583    -0.1286430152997163     0.1039375037161793

cov:
    0.9479174202867121      2.068824966085371   -0.03149845655887062  0.0006114948327290072    0.09730323522927556     0.2670805513959001   -0.01449810299761842    0.02652488540103698   -0.04412296390556979   -0.01323060505632051  -0.007893458675580436    0.01992899303252267  -0.009912174656780751    0.00556823161587362
     2.068824966085371      40.15927278657637   0.008905120553779053      29.35021212632567     0.1676695695116615      22.18331720836896     -7.241262498794003        0.1316145854914      -5.09648872282614     -3.373251472325576     -1.430080415222062     -1.114961954974153      2.000817952129514     -1.763639559148177
  -0.03149845655887062   0.008905120553779053      1.148983076929489      2.484998007587092    -0.1350514820131357    -0.2492838415346087  -0.008168554329661081    0.02475583473807334 -0.0007597932849082065   -0.01687132662686733   -0.01223503157244453    -0.0333993475972111   0.007411999267185523  -0.003926156404877271
 0.0006114948327290072      29.35021212632567      2.484998007587092       30.6707299408713    -0.3451955286414913      20.07733447300778     -7.879671322088756     0.1281503409661421     -6.906451205959151     -3.678751265551859     -4.013461294164498     0.4183420005515571     -1.255706273271528     0.3722307031062747
   0.09730323522927556     0.1676695695116615    -0.1350514820131357    -0.3451955286414913      1.127649024013994      2.291866424531818    0.04124664425947173   -0.01356427567686287    0.04672981754351975    0.01435134362377778    0.08261436581492101   -0.01774054210989748    0.06184176068847771    -0.0342202395877793
    0.2670805513959001      22.18331720836896    -0.2492838415346087      20.07733447300778      2.291866424531818      24.28084070821209     -8.534474323311848    0.04480262914303863     -9.021573099937209     -3.957780450774654     -6.813340289946765      2.368109942289964     -4.983577376223336      2.816919087656642
  -0.01449810299761842     -7.241262498794003  -0.008168554329661081     -7.879671322088756    0.04124664425947173     -8.534474323311848      6.055760264243792     0.1980722190762091      4.367060821662914      1.899069412979944      4.727348845664508     -1.632853932214897      3.928706471357284     -2.382007235576296
   0.02652488540103698        0.1316145854914    0.02475583473807334     0.1281503409661421   -0.01356427567686287    0.04480262914303863     0.1980722190762091     0.6654652367209509    0.08971283033717585     0.2078706933879297   -0.03126779750372719   -0.02105132184194426   -0.00251394107367406  -0.008730366671810406
  -0.04412296390556979      -5.09648872282614 -0.0007597932849082065     -6.906451205959151    0.04672981754351975     -9.021573099937209      4.367060821662914    0.08971283033717585      9.149348512225265      3.729749078145063      5.402338057785618     -3.061523281907683       5.35301816791744     -3.465769885945717
  -0.01323060505632051     -3.373251472325576   -0.01687132662686733     -3.678751265551859    0.01435134362377778     -3.957780450774654      1.899069412979944     0.2078706933879297      3.729749078145063      3.039184844755222      1.871088350320975    -0.4370500259865046      1.644078601227771    -0.8043453409515386
 -0.007893458675580436     -1.430080415222062   -0.01223503157244453     -4.013461294164498    0.08261436581492101     -6.813340289946765      4.727348845664508   -0.03126779750372719      5.402338057785618      1.871088350320975      7.859587065795192     -2.330754670195863      6.688958717418382      -3.58172113284127
   0.01992899303252267     -1.114961954974153    -0.0333993475972111     0.4183420005515571   -0.01774054210989748      2.368109942289964     -1.632853932214897   -0.02105132184194426     -3.061523281907683    -0.4370500259865046     -2.330754670195863      3.439060903786972     -2.763417680334148      2.440388689309941
 -0.009912174656780751      2.000817952129514   0.007411999267185523     -1.255706273271528    0.06184176068847771     -4.983577376223336      3.928706471357284   -0.00251394107367406       5.35301816791744      1.644078601227771      6.688958717418382     -2.763417680334148      8.390589426902382     -3.654423506753479
   0.00556823161587362     -1.763639559148177  -0.003926156404877271     0.3722307031062747    -0.0342202395877793      2.816919087656642     -2.382007235576296  -0.008730366671810406     -3.465769885945717    -0.8043453409515386      -3.58172113284127      2.440388689309941     -3.654423506753479      4.240576944929177

cov.inverse():
    46.58651156653642    -21.60023169468476    -77.19662533934176     36.54981781153633     28.51135632408145    -13.55613762821778    0.4660103888639827   -0.4699850333090989    0.7998251941242517  -0.07482209496211609    0.7064320267767848   -0.5289180123906463    0.7522382782082389   -0.6396535667021944
   -21.60023169468471     10.24981329537352       36.648175431484     -17.3471902584869    -13.58048835411963      6.43665617881767   -0.2200403164965883    0.2004117406882238   -0.3764528576488682   0.03640761336862904   -0.3364757648877403    0.2476033779709044   -0.3563969118959089    0.3047671711208636
   -77.19662533934132     36.64817543148371      143.763500346798    -67.61368065340763    -64.40459157206735      30.5901957491701   -0.2864204642490207    0.2474955000526304   -0.2180308143286206  -0.02306779469010833   -0.1530919748194319   0.09029552450794022   0.02818725055054242   0.07129333919287863
    36.54981781153609    -17.34719025848676    -67.61368065340763     31.99635161759038     30.51194301114031    -14.46890662437409    0.1368219298692587   -0.1338358456455711    0.1036787639376033   0.01491054371035423   0.07474823115135953  -0.03849945680340437  -0.01248549782506365  -0.03754534195551617
     28.5113563240806    -13.58048835411923    -64.40459157206628     30.51194301113981     41.31516885758693    -19.17619134895791   -0.9116848968279326    0.5632336553064498    -1.365668534847314    0.2373936947622305    -1.057420413019385    0.7154024337483567    -1.122770936915358    0.7938096453476686
    -13.5561376282174     6.436656178817479      30.5901957491696    -14.46890662437386    -19.17619134895791     9.100527633338691    0.4353143840266679   -0.2601628050486844    0.6502065539398351   -0.1129865514242754    0.4972722318036893   -0.3395230008349163    0.5342116715192293   -0.3771266259891803
   0.4660103888640139   -0.2200403164966031    -0.286420464249079    0.1368219298692863   -0.9116848968279058    0.4353143840266551     0.679835636255842    -0.240225133949335    0.2088312714846825   -0.1035606437398686  -0.08725639880008096 -0.005743778132000048  0.003158825250018825   0.06381382197698229
  -0.4699850333091262    0.2004117406882371    0.2474955000526844   -0.1338358456455967    0.5632336553064238   -0.2601628050486719   -0.2402251339493349     1.661632092082203  -0.03794535098681931   -0.1737660456799588   0.01650006188417945   0.08066465374958738   -0.0366200088915497   0.01377725622964973
   0.7998251941243073   -0.3764528576488962   -0.2180308143287298    0.1036787639376545    -1.365668534847268     0.650206553939813     0.208831271484683   -0.0379453509868198     0.717072062591836   -0.4887623159310738   0.08478231631612949    0.1538319816047641    0.0307323045011434   0.01028234392166616
 -0.07482209496211527   0.03640761336862841  -0.02306779469011466   0.01491054371035729    0.2373936947622375   -0.1129865514242787   -0.1035606437398691   -0.1737660456799584   -0.4887623159310743    0.8592502518661731 -0.003631614103919485   -0.2350640013873475   0.01708329546182994   -0.0571973771593868
   0.7064320267768548   -0.3364757648877736   -0.1530919748195683   0.07474823115142396    -1.057420413019318    0.4972722318036575  -0.08725639880008132   0.01650006188417964   0.08478231631612902  -0.00363161410391937    0.6698274242831848   -0.1539517401896106   -0.1920734531234415    0.0220234116132213
  -0.5289180123906831    0.2476033779709227   0.09029552450801349   -0.0384994568034391    0.7154024337483216   -0.3395230008348997 -0.005743778131999736   0.08066465374958724    0.1538319816047646   -0.2350640013873478    -0.153951740189611    0.6899844300224769  -0.03201700098658527   -0.1381761146581699
   0.7522382782082832   -0.3563969118959305   0.02818725055045912  -0.01248549782502405    -1.122770936915321    0.5342116715192119  0.003158825250019106  -0.03662000889155001   0.03073230450114304   0.01708329546183053   -0.1920734531234407  -0.03201700098658546     0.599233613516309   -0.1093597262545552
   -0.639653566702255    0.3047671711208925   0.07129333919299223  -0.03754534195556987    0.7938096453476171   -0.3771266259891559   0.06381382197698202   0.01377725622964997   0.01028234392166625  -0.05719737715938706   0.02202341161322091   -0.1381761146581698   -0.1093597262545551    0.6609972304045194

cov*(cov_.inverse()):
     1.000000000000085 -5.287523890951107e-14  1.323344103569546e-13 -3.978306399587961e-14  1.205199134934887e-14  1.581287184526659e-14 -2.148346604780027e-16 -7.637526678802575e-16  3.566557585290425e-15  4.117799851099946e-16  4.009108583308274e-16 -1.550842787523266e-15  1.134942834157826e-15 -3.161533534967731e-16
-1.265654248072678e-14     0.9999999999999223   5.46229728115577e-14  3.413935800722356e-14 -7.971401316808624e-14  3.852473895449293e-14 -8.743006318923108e-16 -1.942890293094024e-16  5.065392549852277e-16  1.110223024625157e-16 -2.983724378680108e-16  -3.05311331771918e-16 -7.216449660063518e-16 -6.661338147750939e-16
-1.010086111974395e-14  1.210251517058669e-14     0.9999999999999634  -3.90545885561866e-15  -2.83028808722996e-14 -8.007917245977936e-16 -5.372221764665674e-17  1.726591959683166e-16  7.159257995464907e-16 -1.127299208841803e-16  1.697047450482936e-16  1.745565497701662e-16 -4.954803928258755e-16 -1.925543058334256e-16
-2.384759056894836e-13  1.209171651694874e-13 -2.669600651650228e-13     0.9999999999999726  1.298960938811433e-14    4.4353409833775e-14  2.411265631607762e-15  4.250072516143177e-16 -4.201933939684821e-15  -7.28583859910259e-16 -2.470246229790973e-15 -2.081668171172169e-17 -1.082467449009528e-15  3.885780586188048e-16
 5.478256737134757e-15 -5.983061268644008e-15  1.640701463578864e-14 -8.749294691523524e-15     0.9999999999999932  2.426878142891553e-15  1.808449223705821e-16 -6.727474480272555e-17  4.969982758673552e-16  2.992397996059992e-17 -5.973953970395129e-17 -1.882174971434836e-16  5.121771062821523e-16  4.510281037539698e-17
 1.554312234475219e-15 -6.761258219967203e-14 -3.006483950684924e-13  4.374278717023117e-14   5.46229728115577e-14     0.9999999999999982  2.331468351712829e-15 -1.686151218649456e-15   -9.8879238130678e-16 -1.054711873393899e-15  2.511879593214417e-15 -1.831867990631508e-15                      0 -8.881784197001252e-16
-6.061817714453355e-14  5.995204332975845e-15  1.044442310416116e-13 -3.066991105526995e-14 -2.597921877622866e-14  1.409983241273949e-14     0.9999999999999997  3.469446951953614e-17  7.251144129583054e-16  4.996003610813204e-16  7.632783294297951e-17  1.110223024625157e-16 -3.885780586188048e-16  1.554312234475219e-15
 2.484124017598788e-15 -1.104585173328232e-15  1.702956352322982e-15 -7.692956514870897e-16  3.677613769070831e-16    2.8796409701215e-16 -7.524363077049401e-17     0.9999999999999999  6.883328542567346e-17 -2.222614453595284e-17  -5.78692909564138e-17  1.908195823574488e-17  -1.24683249835833e-17  2.602085213965211e-18
-1.021405182655144e-14 -6.661338147750939e-16   4.31044089310717e-14 -3.089195566019498e-14 -4.485301019485632e-14   8.43769498715119e-15  1.054711873393899e-15 -7.632783294297951e-17      1.000000000000001  -6.38378239159465e-16 -1.387778780781446e-15  1.110223024625157e-16 -1.665334536937735e-16 -4.440892098500626e-16
 3.808064974464287e-14 -1.160183060733289e-14  -2.67841304690819e-14  1.000935445638618e-14  2.375877272697835e-14 -8.049116928532385e-15 -6.938893903907228e-18 -1.908195823574488e-17   1.35308431126191e-16                      1 -1.214306433183765e-16                      0  2.081668171172169e-16  2.220446049250313e-16
-2.664535259100376e-15  1.909583602355269e-14  4.618527782440651e-14 -2.672861931785064e-14 -2.886579864025407e-14  9.547918011776346e-15  1.942890293094024e-16 -6.938893903907228e-17  1.387778780781446e-17 -8.326672684688674e-17      1.000000000000001  4.996003610813204e-16 -6.661338147750939e-16  4.440892098500626e-16
 7.327471962526033e-15 -5.551115123125783e-16  1.465494392505207e-14 -3.122502256758253e-15  4.662936703425657e-15 -6.550315845288424e-15  -3.33066907387547e-16  2.289834988289385e-16  3.642919299551295e-16 -8.326672684688674e-17  1.873501354054952e-16                      1  2.220446049250313e-16 -2.220446049250313e-16
-1.598721155460225e-14 -5.551115123125783e-15  -4.18554080283684e-14  1.196265309033606e-14 -1.376676550535194e-14  6.883382752675971e-15  2.220446049250313e-16 -4.093947403305265e-16 -1.033895191682177e-15  6.106226635438361e-16 -2.220446049250313e-16  6.661338147750939e-16                      1  4.440892098500626e-16
 8.881784197001252e-16  3.774758283725532e-15  1.071365218763276e-14  -6.38378239159465e-16  4.440892098500626e-16 -5.329070518200751e-15 -2.220446049250313e-16  1.665334536937735e-16  3.885780586188048e-16 -1.110223024625157e-16   9.71445146547012e-17 -6.661338147750939e-16                      0     0.9999999999999996
