10
1

0.05040269674581306
0.05831669683600035
 0.1088591510993666
 0.8411894356105452
  1.306606119843926
  1.991962237596219
  2.179260564081277
  2.917691963288171
  3.687710547913732
  12.00916994473815

 -0.07021489352590585   0.01568766021974027  -0.03469581913088297   0.01076800590717533    0.5743588142039632   -0.1277966905881832   -0.7386135425427162    0.1677509339319511     0.263435511527728  -0.06477163616972341
  0.04794991350866682  -0.01159347034791548    0.5171127608556002   -0.1206934181697306   -0.6156196114049827    0.1409311829504426   -0.3573967193287415    0.0893267177575222    0.4134582316856029   -0.1004260797577534
  -0.6044203638947643    0.1415326252191233    0.6489315508466794   -0.1219853914941954    0.2156394389693884  -0.07207271401794996   0.07842646834471852  -0.01026322995472362   -0.3369256497944501   0.08474765026328474
  -0.7669168075109871   0.03980844981133984   -0.4232470975483472    0.1045822156872116   -0.1945137393719536   0.03221588354136892   0.08967665223326353 -0.006655681526232833    0.4041295711115115  -0.09948861243226803
 -0.01729144140670288 0.0002847642445983027  -0.04758319294490377   -0.2990317438385037   0.08564014679950807    0.3064967828866498   -0.1340780228436392   -0.6950403647092933    0.1600805022121669    0.5292055141930984
   0.0118015251011456  -0.02006634308794313  -0.07827312998066795   -0.3359590766428173   -0.1659386939723833   -0.7557808741543601   0.04170008317165657    0.1825011148024912    0.1219927125253219    0.4814506477095544
5.090308461646586e-05 -0.007374768801259493    0.1451202166600339    0.8671892069093872  -0.09856912904937314   -0.1552811552791357   -0.1044254136778651   -0.1312125724796935   0.01425311419605524    0.4058521214447738
  0.07182805362520826    0.1324340844647648    0.1009749416079399   0.04893451004691123    0.0134086356450994   -0.5101350343368466   0.03326883362397893   -0.6380379323808876    0.1146289300859491   -0.5319350186349734
  -0.1834181399327155   -0.5617989023489207   -0.1898954216979605  -0.04596419177890444    -0.301441864461739  -0.08812316854312158   -0.4272910953023928   -0.1517427919634019   -0.5478071300616141  -0.09076179751017731
 0.006749274954552097     0.802738669957652   -0.2354429846097099  -0.02619875000660439   -0.2667503268856796   0.01770246746868862   -0.3134007519285283  0.002819033185164862   -0.3589858415875052   0.02962050932240153

22.55336774039559
96.89979755831767
30.58557748856012
130.8757725252063
36.42298255863091
156.1268281552179
43.24000193426211
185.5398585863008
 51.2343460403392
220.1261307208715

0.2320978431272148

 -0.002442479074415205  0.0005955440876611387  -0.008979238683885627   0.002164877616959016  0.0006192483489577815 -0.0002500812924284001   0.001896095641843519 -0.0003169923863722721   0.008991403197813426  -0.002004421712677864

 4.949146742186271e-06 -7.591214373361807e-06 -8.800292918604527e-05   0.006934813416323259  0.0002447739086959146  0.0006906878583560563  -0.001397128164830367    0.01362749710513025   -0.05373474984269784    -0.2210806586752474

cov:
   0.9295930492191113     2.240097327441357    0.5291314945923739     0.056474383716238    0.5939350671744782   -0.1362874432822049    0.7378266410444753   0.02380538380868818     0.871194833328314 -0.009639115906056969
    2.240097327441357     97.37861776080089    -25.70257863095647    -2.627743723172617    -28.55220429034872     2.214109878462667    -32.97781589720476    0.7558808173059509    -37.24501749577159     3.467966539412008
   0.5291314945923739    -25.70257863095647     8.832655750459613     1.744187790851857     9.883078225915559   -0.7191653061645082     11.67291738722724   -0.3409047546973263     13.53880605136295    -1.111173279354213
    0.056474383716238    -2.627743723172617     1.744187790851857     4.328044740264146    0.9589931746042392  -0.01037328996525822     1.054538457836812   -0.6109492061474023     1.591146150219799    0.4752868515533939
   0.5939350671744782    -28.55220429034872     9.883078225915559    0.9589931746042392     11.69671758529382    0.2320233182594419     13.80154442232348    0.2813570514030981      15.9486560476407    -1.243767449420352
  -0.1362874432822049     2.214109878462667   -0.7191653061645082  -0.01037328996525822    0.2320233182594419     4.908473378222982   -0.5486941184603151     2.145507109990965    -1.040794168048635     1.025883744968103
   0.7378266410444753    -32.97781589720476     11.67291738722724     1.054538457836812     13.80154442232348   -0.5486941184603151     16.75460537503488    0.8271414279228728     19.44217801566541    -1.210800622701873
  0.02380538380868818    0.7558808173059509   -0.3409047546973263   -0.6109492061474023    0.2813570514030981     2.145507109990965    0.8271414279228728     4.818607463299764    0.2497652778951321     2.556765642978329
    0.871194833328314    -37.24501749577159     13.53880605136295     1.591146150219799      15.9486560476407    -1.040794168048635     19.44217801566541    0.2497652778951321     23.00008707964583    -1.000290556109493
-0.009639115906056969     3.467966539412008    -1.111173279354213    0.4752868515533939    -1.243767449420352     1.025883744968103    -1.210800622701873     2.556765642978329    -1.000290556109493     4.834597022104358

cov.inverse():
  34.27943924631099  -7.850340620182244  -24.38614407272963   4.112208610551987  -35.33955034941339   9.151872416784592   11.28562145931625  -2.842074517794506   15.30227333875973   -3.84760762202261
 -7.850340620182277   1.858861678944609   5.757788991673842 -0.9702765697858312   8.222128128406112  -2.128665468642751  -2.384640097319251  0.6039508656043322  -3.762202405257915  0.9416129335017646
   -24.386144072724   5.757788991672699   114.9038532412229  -25.19888236080092  -89.52444704692201   19.20535448430836  -40.00857535820305   10.73975213182674   40.58149785744246  -9.702213783462534
  4.112208610550666 -0.9702765697855664  -25.19888236080074   5.839737732545705    22.0161180242985  -4.817256733579999   8.761565288997147  -2.275267999724928  -10.06193994314988   2.340318741823839
 -35.33955034941216   8.222128128405476  -89.52444704682995   22.01611802427727   245.2925075995034  -55.67358311097479  -100.8887452885586   21.53404330398147  -21.51134002334206   5.103705710248016
  9.151872416784412  -2.128665468642622   19.20535448428825  -4.817256733575361  -55.67358311097585   12.94404339463892   21.84469644456208  -4.790933000047132    5.95084694933048  -1.400782962064946
  11.28562145929841  -2.384640097315092  -40.00857535835735   8.761565289033191  -100.8887452883124   21.84469644450648   252.8639498807886  -58.16698698982047  -122.2145210112516   29.88931909620012
 -2.842074517790342  0.6039508656033533   10.73975213186172  -2.275267999733106   21.53404330392407  -4.790933000034173  -58.16698698981808   13.77671699888943   28.48078615562446  -7.150929580905882
  15.30227333877103  -3.762202405260359   40.58149785750881  -10.06193994316547  -21.51134002349445   5.950846949364574  -122.2145210111746   28.48078615560796   87.43738650253755   -21.3302632350331
 -3.847607622025317  0.9416129335023552  -9.702213783478786   2.340318741827658   5.103705710285144  -1.400782962073253   29.88931909618155  -7.150929580901903   -21.3302632350332   5.528056761598198

cov*(cov_.inverse()):
    0.9999999999998275  1.167295426984793e-14 -2.892130979148533e-14  1.970992813404848e-14   3.36057570660131e-13 -1.070220301269131e-13  3.458344721707363e-14  3.998190667431345e-14 -4.559130850623205e-13  8.631290127070201e-14
-9.947598300641403e-14      0.999999999999984  3.126388037344441e-13  5.151434834260726e-14  6.217248937900877e-13 -2.762234885267389e-13  2.557953848736361e-13   1.13686837721616e-13 -2.415845301584341e-13  7.105427357601002e-15
 -1.27897692436818e-13 -9.325873406851315e-15      1.000000000000529 -9.237055564881302e-14 -4.245492846166599e-13  7.105427357601002e-14  2.557953848736361e-13  3.463895836830488e-14 -3.446132268436486e-13  8.171241461241152e-14
 -1.13242748511766e-14 -3.441691376337985e-15  3.907985046680551e-14      1.000000000000002 -9.681144774731365e-14 -1.443289932012704e-15  4.440892098500626e-14  6.661338147750939e-15 -5.151434834260726e-14  7.993605777301127e-15
-4.263256414560601e-14 -9.769962616701378e-15  3.215205879314453e-13 -1.367794766338193e-13     0.9999999999999014 -1.909583602355269e-14 -8.100187187665142e-13  2.557953848736361e-13 -2.131628207280301e-14 -1.314504061156185e-13
  1.77635683940025e-14  3.552713678800501e-15 -6.394884621840902e-14  1.643130076445232e-14  9.592326932761353e-14     0.9999999999999976  5.684341886080801e-14 -2.575717417130363e-14 -3.552713678800501e-15  7.105427357601002e-15
-2.433608869978343e-13  3.375077994860476e-14  6.963318810448982e-13  -1.06137321154165e-13  2.309263891220326e-13 -8.038014698286133e-14     0.9999999999985647  5.204725539442734e-13  6.075140390748857e-13 -1.696420781627239e-13
 -1.77635683940025e-15  4.440892098500626e-16 -7.105427357601002e-15  8.881784197001252e-16   1.77635683940025e-14  4.440892098500626e-16  4.263256414560601e-14     0.9999999999999929 -3.552713678800501e-14  8.881784197001252e-15
-2.615685446016869e-13  2.664535259100376e-15  1.900701818158268e-13 -7.949196856316121e-14 -7.034373084024992e-13  9.681144774731365e-14  3.552713678800501e-13  2.691180611691379e-13     0.9999999999998259  5.773159728050814e-14
   1.4210854715202e-14 -8.881784197001252e-16 -7.105427357601002e-15                      0 -3.197442310920451e-14  1.243449787580175e-14 -5.684341886080801e-14 -7.105427357601002e-15  5.684341886080801e-14     0.9999999999999858
