10
1

0.1697940502420665
0.3663851915735345
0.9844184431993273
 1.227394645241441
 2.087560177258795
 2.299423155985841
 2.411969216379241
 2.963712325765091
 6.315034900155501
 16.63403050201417

   -0.395785539849678    0.1469710795682813    0.7610881365654181   -0.2825890863059352   -0.3798877506651304     0.125076084723492   0.01158147560631168   0.03763321469691493   0.01467515180525162  -0.03028341650585737
   -0.538537832466655    0.1752729408891231   0.08535719832963362   -0.0316826334980042    0.7210687558138917   -0.2683095646240835   -0.1671843926647358   0.05783238238388507   -0.2003772197319543   0.08712261332169777
  -0.7043892388747218  -0.01653162123509435   -0.5472268695874096   0.01697392415796339   -0.3318743531372356    0.1681868972981284    0.2261560212622203     -0.11813046360616  0.007284789876084222   0.01533967129832115
  -0.1309964355867735  -0.03378407519998696   -0.1370863902858636  -0.02629860652288171   -0.0437807436725185   0.04231394774559648   -0.6068424187680164    0.4193290787101017    0.5114254611099348   -0.3909686069109192
  0.05180323727927863   0.06389435738203614  -0.07069964520989803  -0.09447629334524156   0.08709531647734189    0.5537430370999669  -0.02343748605964104    0.5646992715958681  -0.09152649572942426    0.5807590705807967
  0.01864061140649212   0.01197551772391074  -0.07028952288467491   -0.0726944118606989   -0.1864300771366426   -0.5128861390867208    0.3757272083054312    0.6760465314647568   -0.2417112969701349   -0.1866586613595648
 -0.02386677735321851  -0.05318196793454545  -0.04779740982783447  -0.06326305423324566   -0.2899874546452234   -0.5575106143511743   -0.2960785605390128  -0.08279959598712727     0.225120865828193    0.6709744767907738
     0.18488807057438     0.525104148881109   -0.2875776212978851   -0.7017057496029252  -0.06670054876586086 -0.008890273980882253   -0.1832305459526408   -0.1470261921007498   -0.2114791052360083   -0.1027065753867953
  -0.0469834631115025   -0.7027095129458559  -0.01618792468829051   -0.2516055114423081  -0.08442204151508234   0.03877946300076975     -0.36006775346256  -0.02170414155583201   -0.5453776771718983   -0.0650916036806814
 0.003850736936030715    0.4119162406663143  0.004741882450675101    0.5867291830684301   -0.2927067996007225    0.0142876283757457   -0.3998824780162419   0.02407799720336139   -0.4882452886135936  -0.03586011576739945

 22.6859845597146
 59.2997386314298
35.54685864522541
93.02337877122793
50.42507968152399
130.8982807894987
71.58670101273874
 186.134263559338
84.62347703556532
220.2728444201447

0.3868349888057603

  -0.01428428943017342   0.005463247377059923   0.001991841261808595 -0.0007544203004743351     0.0116789165644403  -0.004034453480584383  0.0002838486325932905 -0.0006181713313035662  0.0003620693498866199  0.0001929830475016345

9.294262408504417e-05  0.002444335190648234  0.004319120877233377 0.0006472416520981295 -0.008515860519550725 -0.004382646332160296 -0.005564262221062838 -0.005413191693718998   -0.1775284751915565   -0.5605843685492646

cov:
   0.9593580706611283     2.634890103512594  -0.06214861712690685  -0.06357951126063482  -0.03306965841010344  -0.02519342877252557  0.001215727874638319   0.02643724245978821 -0.009104897352096056 -0.002759196996523506
    2.634890103512594     69.10381495431223   -0.3206692471295312     70.67383881981442    -31.17756727126935    0.7842277697043905     -36.1984009409904     2.882090382231155    -41.48010431825406    -2.772829507342519
 -0.06214861712690685   -0.3206692471295312     1.140466061146654     2.768304502420497    0.1469920529576449   0.09293513056942267    0.1242672929834656 -0.007691496227114961     0.189647172717498   0.03120876110636081
 -0.06357951126063482     70.67383881981442     2.768304502420497     102.1946166759649    -46.12177998786704     2.160720416031972    -60.17316527488192     4.551881228288174    -72.45897817791133    -4.934161525814285
 -0.03306965841010344    -31.17756727126935    0.1469920529576449    -46.12177998786704     24.91905231901427    0.2895550393707967      33.7770271471821    -2.087703882647667     41.27079740706235     2.485691070586591
 -0.02519342877252557    0.7842277697043905   0.09293513056942267     2.160720416031972    0.2895550393707967     4.692707300917124    -2.234304805029802   -0.1234161807638593     -3.01156430464726   -0.5286505968347543
 0.001215727874638319     -36.1984009409904    0.1242672929834656    -60.17316527488192      33.7770271471821    -2.234304805029802     51.57668989254478    -1.098350141316445     60.87294579006539     3.840633907600926
  0.02643724245978821     2.882090382231155 -0.007691496227114961     4.551881228288174    -2.087703882647667   -0.1234161807638593    -1.098350141316445     4.494060759127389     -3.38457844520907    0.1407562915851638
-0.009104897352096056    -41.48010431825406     0.189647172717498    -72.45897817791133     41.27079740706235     -3.01156430464726     60.87294579006539     -3.38457844520907     79.25279385857955     7.033127316847511
-0.002759196996523506    -2.772829507342519   0.03120876110636081    -4.934161525814285     2.485691070586591   -0.5286505968347543     3.840633907600926    0.1407562915851638     7.033127316847511     5.122162649045563

cov.inverse():
    8.122064629940446    -2.692956120910776    -10.38808694313684     3.980920062651991     2.567694216410838   -0.7597674819505621    0.3989240779105422   -0.6928812757872714    0.5459661896927561   0.09047239724112811
   -2.692956120910775      1.02496513773091     3.986112822881144    -1.519278034187316   -0.9879070307739486    0.2943327992281027   -0.1514897124211018    0.2621672118826974   -0.2061184727089368  -0.03520748939760308
   -10.38808694313679     3.986112822881137      20.4797413841199    -7.461345504116235    -9.373163533322936     3.035161837839643    0.1309041528136571     1.046162359028053    0.2193326907531839   -0.7262083689426885
     3.98092006265199    -1.519278034187314    -7.461345504116232     2.840770411683296     3.557458285252923    -1.158845372929778  -0.04488346761899895   -0.4006189195182326  -0.08319240361072969    0.2745854573850826
    2.567694216410828   -0.9879070307739342    -9.373163533322876     3.557458285252898     9.017668408119548    -3.091262565738686    -1.106844589249528   -0.1642533537461477    -1.288319588338583    0.8588306414624712
  -0.7597674819505651    0.2943327992280984     3.035161837839617     -1.15884537292977    -3.091262565738685     1.282881694401431    0.3953754166832015   0.05319068810885445     0.469702797329185    -0.286198325287529
   0.3989240779105592   -0.1514897124211087    0.1309041528136124  -0.04488346761898251    -1.106844589249499    0.3953754166831922    0.5596394877352135   -0.2009434418591473   0.03304069327993786 -0.007356004096005111
   -0.692881275787275    0.2621672118826989     1.046162359028068   -0.4006189195182378   -0.1642533537461611   0.05319068810885898   -0.2009434418591448    0.3684262702829136   0.03212014185174746  -0.06910079045085721
   0.5459661896927575   -0.2061184727089371     0.219332690753186  -0.08319240361073098    -1.288319588338591    0.4697027973291878   0.03304069327994157   0.03212014185174627    0.5153415492101553   -0.2523470626421056
  0.09047239724113017   -0.0352074893976029   -0.7262083689426908    0.2745854573850836    0.8588306414624778   -0.2861983252875313  -0.00735600409600828  -0.06910079045085618   -0.2523470626421055      0.35274531279348

cov*(cov_.inverse()):
    0.9999999999999915  4.517192826389294e-16 -3.218128888371474e-14 -6.456098676499433e-15 -2.821224157067981e-14  1.379853262900577e-14  8.222724801401626e-16 -2.028271214177257e-16 -8.862268557896513e-16 -2.286690801989177e-15
-4.152234112098085e-14      1.000000000000005  -8.08242361927114e-14  2.176037128265307e-14  1.199040866595169e-14 -2.220446049250313e-15  1.786765180256111e-15 -2.775557561562891e-16 -1.443289932012704e-15  9.992007221626409e-16
-5.302615985192105e-15  2.584304298336448e-15      1.000000000000025 -7.636252741249905e-15  2.671474153004283e-16  7.072467611557443e-15  1.729709040929062e-15 -9.731798700229888e-16  1.269817584415023e-15 -3.747002708109903e-16
  1.02695629777827e-14 -1.260103132949553e-14  1.332267629550188e-14      1.000000000000062  1.305622276959184e-13 -8.881784197001252e-15 -5.870304242705515e-15 -5.051514762044462e-15  7.105427357601002e-15  8.659739592076221e-15
 1.834643548193071e-14 -3.108624468950438e-15  2.597921877622866e-14  2.220446049250313e-16     0.9999999999999862  8.770761894538737e-15 -1.106753577673203e-15 -2.220446049250313e-16  3.996802888650564e-15  2.109423746787797e-15
  2.62984078958084e-15 -8.708311849403572e-16 -1.332267629550188e-15  1.887379141862766e-15  4.551914400963142e-15     0.9999999999999993 -6.366435156834882e-16  -3.05311331771918e-16 -5.551115123125783e-17  3.608224830031759e-16
 2.392530618067212e-14 -6.078471059822732e-15 -3.108624468950438e-15  -1.48769885299771e-14 -2.087219286295294e-14  -3.33066907387547e-15                      1  3.885780586188048e-16 -6.328271240363392e-15  2.220446049250313e-15
 1.033895191682177e-15  -2.47198095326695e-16 -2.498001805406602e-15 -3.469446951953614e-17 -1.054711873393899e-15 -2.498001805406602e-16  2.370065949053313e-16     0.9999999999999997 -3.677613769070831e-16  1.595945597898663e-16
 5.151434834260726e-14 -1.246225345141738e-14  2.664535259100376e-15 -2.620126338115369e-14  3.286260152890463e-14   8.43769498715119e-15  -5.68295410730002e-15 -1.720845688168993e-15     0.9999999999999853 -2.664535259100376e-15
-1.387778780781446e-15  6.106226635438361e-16  5.773159728050814e-15 -3.774758283725532e-15 -3.552713678800501e-15  6.661338147750939e-16   2.42861286636753e-16   3.33066907387547e-16  6.661338147750939e-16     0.9999999999999997
