5
2

7.703336976474765e-05
0.0002003635889035622
0.0006595821770548506
  0.02019072653534538
   0.5226818213882215

-0.3645780125359237  0.7990265580553195 -0.4771469407318096 0.01592504008571171 0.02676980287878932
-0.5851494292975863  0.1884144296595298  0.7458827336234877 -0.1255588451625866 -0.2235935423320075
0.06091835361367912 0.06816264939017638 0.07429056817711847 -0.7964685047647097  0.5930949669478741
-0.5682333316712614 -0.3501274105912059 -0.1040138715691315  0.3851127120600423  0.6288012330311022
 0.4450649987797759  0.4458937225384014  0.4468240936137514  0.4486730317584658  0.4495961243170601

0.4023981267003349
0.4024898361218053
0.4025533514972089
0.4026970422644327
0.4027241027082907

-0.0003405106804331369
    0.4025384952797104

   2.228460605878513    4.777988896332485   -6.004673524822471  -0.3461609138739071   -0.655526208585298
   1.145410484309195   0.7581071669848694  -0.7565498713331473 0.002875468377577961  -0.1496852815054819

 3.469895204151888e-08 -1.883825833359611e-07 -4.252126520039562e-08  -0.001165975248502086  -0.002945832549426264
 3.235177357190497e-09 -4.249760929806449e-08 -1.123348378784459e-08 -0.0003793806902240339     0.1212349103491468

cov:
0.05424714676226346 0.05429736683550899 0.05435346860254728 0.05446497178463885 0.05452079958782892
0.05429736683550899 0.05436719933948887 0.05444540326582421  0.0546007889742836 0.05467849456039764
0.05435346860254728 0.05444540326582421 0.05454855888467159 0.05475346402721938 0.05485585542046597
0.05446497178463885  0.0546007889742836 0.05475346402721938 0.05505719674608989 0.05520812296989482
0.05452079958782892 0.05467849456039764 0.05485585542046597 0.05520812296989482 0.05538433124357602

cov.inverse():
 30936998.55005198 -51826335.30094366  18453449.09004692  739651.5304718665  1696537.359758185
-51826335.30331828  108483462.4903932 -60735034.68549322  1429889.927219761  2647528.031961544
 18453449.09333531 -60735034.68958785  52236805.21018559 -3749406.484517247 -6205608.483125741
 739651.5301195506   1429889.92787415 -3749406.484815951  1893938.520055754 -314069.1917764746
 1696537.359196721  2647528.033027207 -6205608.483633319 -314069.1917731008  2175610.125151415

cov*(cov_.inverse()):
    0.9999999994470272  6.402842700481415e-10                      0  1.455191522836685e-11 -1.455191522836685e-11
-7.130438461899757e-10      1.000000000465661  5.820766091346741e-11                      0  -2.91038304567337e-11
-4.656612873077393e-10  4.656612873077393e-10      0.999999999825377  7.275957614183426e-12   2.91038304567337e-11
-6.257323548197746e-10  1.076841726899147e-09 -4.074536263942719e-10      1.000000000021828  1.455191522836685e-11
-4.511093720793724e-10 -8.731149137020111e-11  1.164153218269348e-10  7.275957614183426e-12                      1
