5
2

0.0001485947161414149
0.0003068619283176916
 0.003298909697586997
  0.06011726875154325
   0.5488875126324199

  0.1524965940999616  -0.6089678290109438   0.7282460996883626  -0.2748654988482453 0.003089959417655583
 -0.5659249371566394   0.5594999481880925    0.422795568844949  -0.4331862182517225  0.01680418887131507
  0.1022794209548656   0.1865913350572852   0.2627774845291757   0.3296597982430007  -0.8814732013950168
  -0.685296211454873  -0.3028767577789681    0.129630843706098   0.6357666400895136    0.132783266536998
  0.4199783052812388   0.4353933101071498   0.4528193494522155   0.4732059325825826   0.4528594381674724

0.3991234786948992
0.3992147247551161
 0.399276130674127
0.3993348967308047
0.3993500670110757

-0.000312090921572291
   0.3992735948914742

  0.2521468801442079    1.997303760423293    5.599336706892121   -7.770878879513897 -0.07813880198907769
   1.492979996569136  -0.2877303406862911   0.5081505712575672  -0.7014898745431526 -0.01186057793512105

 1.111870823178071e-07  6.315684735028552e-07 -6.780210479190246e-06   -0.01808028391951374   -0.06074205178336322
 2.132370073079098e-08 -4.589371916330685e-08  1.278233475011506e-07  -0.004762185215567345     0.1188610271033134

cov:
0.05483729203089181 0.05584063842678959 0.05697445204061211 0.05830052701445922 0.05697046234233496
0.05584063842678959 0.05744432522873372 0.05925686905620531 0.06137713946285203 0.05925634175133557
0.05697445204061211 0.05925686905620531  0.0618370664212928 0.06485555556200019 0.06184071229432975
0.05830052701445922 0.06137713946285203 0.06485555556200019 0.06892523223368434 0.06486443005329591
0.05697046234233496 0.05925634175133557 0.06184071229432975 0.06486443005329591 0.06185867066117296

cov.inverse():
 4455494.206315493 -7566561.873396884  2491032.400225939  708079.1159128022 -87961.07079493064
-7566561.874083863  20122707.14425396 -17568081.28317057  5012391.883293916 -497.3548713464777
  2491032.40148927 -17568081.28494177  25923399.77069302 -11002511.90322887  156083.4990017881
 708079.1153256857  5012391.884400113  -11002511.9037494    5424531.7875981 -142447.1384260209
-87961.07078418075 -497.3548932938972  156083.4990144332 -142447.1384274683  74833.35712082674

cov*(cov_.inverse()):
     1.000000000025466  2.957634137601417e-11  2.310116542503238e-10 -1.091393642127514e-11                      0
-3.001332515850663e-11      0.999999999845123  2.291926648467779e-10 -3.819877747446299e-11  1.818989403545856e-12
 3.274180926382542e-11 -1.597619814219797e-10      1.000000000140062  3.274180926382542e-11  9.094947017729282e-13
-2.000888343900442e-11   5.60334001420415e-11  3.637978807091713e-12      0.999999999992724  9.094947017729282e-13
-4.092726157978177e-11 -3.818101390606898e-11 -2.364686224609613e-11    1.2732925824821e-10     0.9999999999990905
