5
1

0.001309055179064561
0.001823992404338668
 0.00257761156196657
 0.08840713120603563
  0.5592219850927855

 0.1999889308861914 -0.2879773249912634  0.4966361772712204 -0.7272070032655527  0.3187412267668518
-0.4279113101288618  0.1839883481825084  0.7082125889363284 0.06218579833710247 -0.5268852377455209
  0.437432269608739 -0.7204615468581422  0.1888416277143678  0.4005628883842925  -0.305739073549884
-0.6499429033338062 -0.4342562424757565 0.09626857232523009  0.2958925179127853  0.5405328094598457
 0.4038855903566874  0.4190155407542281  0.4548171477881878  0.4682946627703296  0.4849163612493533

0.3993711265150762
0.3996421013973402
0.3994679693098632
0.3994760746712147
0.3994252821546297

0.0003754999897962854

0
0
0
0
0

0

0
0
0
0
0

0

0
0
0
0
0

0

0
0
0
0
0

0

0
0
0
0
0

0

0
0
0
0
0

0

0
0
0
0
0

0

0
0
0
0
0

0

0
0
0
0
0

0

0
0
0
0
0

0

0
0
0
0
0

0

0
0
0
0
0

0

0
0
0
0
0

0

0
0
0
0
0

0

0
0
0
0
0

0

0
0
0
0
0

0

0
0
0
0
0

0

0
0
0
0
0

0

0
0
0
0
0

0

0
0
0
0
0

0

0
0
0
0
0

0

0
0
0
0
0

0

0
0
0
0
0

0

0
0
0
0
0

0

0
0
0
0
0

0

0
0
0
0
0

0

0
0
0
0
0

0

0
0
0
0
0

0

0
0
0
0
0

0

0
0
0
0
0

0

0
0
0
0
0

0

0
0
0
0
0

0

0
0
0
0
0

0

0
0
0
0
0

0

0
0
0
0
0

0

0
0
0
0
0

0

0
0
0
0
0

0

0
0
0
0
0

0

0
0
0
0
0

0

0
0
0
0
0

0

0
0
0
0
0

0

0
0
0
0
0

0

0
0
0
0
0

0

0
0
0
0
0

0

0
0
0
0
0

0

0
0
0
0
0

0

0
0
0
0
0

0

0
0
0
0
0

0

0
0
0
0
0

0

0
0
0
0
0

0

0
0
0
0
0

0

0
0
0
0
0

0

0
0
0
0
0

0

0
0
0
0
0

0

0
0
0
0
0

0

0
0
0
0
0

0

0
0
0
0
0

0

0
0
0
0
0

0

0
0
0
0
0

0

0
0
0
0
0

0

0
0
0
0
0

0

0
0
0
0
0

0

0
0
0
0
0

0

0
0
0
0
0

0

0
0
0
0
0

0

0
0
0
0
0

0

0
0
0
0
0

0

0
0
0
0
0

0

0
0
0
0
0

0

0
0
0
0
0

0

0
0
0
0
0

0

0
0
0
0
0

0

0
0
0
0
0

0

0
0
0
0
0

0

0
0
0
0
0

0

0
0
0
0
0

0

0
0
0
0
0

0

 4.750748240197932 -3.639344714328475  -1.52320116532856    6.1816398100181  -5.76579003264589

-8.724851615537836e-06 -1.194129267092373e-06  5.748098768474513e-05   -0.02298977637546691   -0.06256405829624012

cov:
0.05431706149780233 0.05512802083248825 0.05695719388080117 0.05764655452233425 0.05850240000191607
0.05512802083248825 0.05638472799227386 0.05927105675173471 0.06035878643348907 0.06170904548083705
0.05695719388080117 0.05927105675173471 0.06476550474551064 0.06683037647636259  0.0693772451201539
0.05764655452233425 0.06035878643348907 0.06683037647636259 0.06926776466590055 0.07226446352303317
0.05850240000191607 0.06170904548083705  0.0693772451201539 0.07226446352303317 0.07582167521282673

cov.inverse():
 107231.7772698659 -104669.9898157922 -20704.61817736606 -66518.91846220176  84793.06404706699
-104669.9898156958   136719.109488288 -64776.65336125652    82195.764483953 -49579.05755257413
-20704.61817765517 -64776.65336091945  300060.6450094528 -186129.3432575284 -28465.05929093311
-66518.91846206007  82195.76448380912  -186129.343257591  333926.6983328463  -163523.140293391
 84793.06404711792 -49579.05755267081 -28465.05929082231  -163523.140293456  156836.6556983945

cov*(cov_.inverse()):
     1.000000000000909 -2.728484105318785e-12 -4.547473508864641e-13 -3.637978807091713e-12  1.818989403545856e-12
 9.094947017729282e-13      0.999999999998181 -2.273736754432321e-12 -1.818989403545856e-12                      0
-9.094947017729282e-13                      0      1.000000000003638 -1.818989403545856e-12 -1.818989403545856e-12
 9.094947017729282e-13 -4.547473508864641e-13  1.364242052659392e-12                      1                      0
                     0                      0 -9.094947017729282e-13 -1.818989403545856e-12      0.999999999998181
