5
2

0.0001296694103031239
0.0006357006853440237
0.0008269756049147961
  0.02020323715018339
   0.5180944460208972

 -0.6179080351396157   0.7795092284621193 -0.02698795794169859 -0.04777668824990103 -0.08685655437731687
  0.1213143216596766    0.120232153131778  -0.2088381884084324  -0.6970616620215994   0.6643182333155692
  0.1298465434569942   0.1186013005683685  -0.8597993022016243   0.4522374014775626    0.159060049334157
 -0.6235220323861866  -0.4065044591966226   0.1264149385865793   0.3258258554318206   0.5690616618755252
   0.444783819120505   0.4456427361154239   0.4476859216282916   0.4484877613006868   0.4494507198074805

0.4003953304512088
0.4004785907022726
0.4006227655424251
  0.40066613376042
  0.40069329227701

-0.0002939613782511344
    0.4005351155825561

   4.278763456524169   -1.987146828874679  -0.2620515703041399  -0.7787782639007537   -1.250765294546228
   1.275323038578952  0.09210518414869803 -0.08125664281555309 -0.08159099232085315  -0.2044064039683988

-6.792859766131878e-08  1.892593466676978e-08 -4.050839203361211e-09  -0.001166860349319073  -0.003000816601940424
-1.164195980162656e-08  4.196394350070511e-08  1.210298924018931e-07 -0.0004023786589792719     0.1190312518066822

cov:
0.05326131817735698 0.05330861671967273 0.05341682754255448 0.05346190095662166 0.05351500503553633
0.05330861671967273 0.05337536967585991 0.05353124640322807 0.05359415818374277 0.05366903090063384
0.05341682754255448 0.05353124640322807 0.05380487481178217 0.05391078993846824 0.05403911560778017
0.05346190095662166 0.05359415818374277 0.05391078993846824   0.054034382047395 0.05418218119169848
0.05351500503553633 0.05366903090063384 0.05403911560778017 0.05418218119169848 0.05435518589482118

cov.inverse():
  22769696.8553688 -28587165.39762212  765657.0322305943  1631869.722765335  3420673.267365146
-28587165.39767643  36195022.73891963 -1462536.320888593 -2344226.572275761 -3802029.410721463
 765657.0323119184 -1462536.320987179  1232238.573401888 -131549.1014719116 -403690.9826900441
 1631869.722835343 -2344226.572362802 -131549.1014686391   1637435.75911242 -793451.2827484921
 3420673.267268129 -3802029.410590153 -403690.9827105798 -793451.2827622545  1578523.010099824

cov*(cov_.inverse()):
     1.000000000145519 -1.746229827404022e-10  3.637978807091713e-12 -1.455191522836685e-11   2.91038304567337e-11
-5.820766091346741e-11      1.000000000058208 -7.275957614183426e-12  -2.91038304567337e-11 -1.455191522836685e-11
 -2.91038304567337e-11                      0      0.999999999996362 -2.182787284255028e-11 -1.455191522836685e-11
                     0                      0 -3.637978807091713e-12     0.9999999999781721  -2.91038304567337e-11
                     0  2.619344741106033e-10                      0 -7.275957614183426e-12     0.9999999999708962
