10
1

0.04377010940633755
0.04629367806912466
0.06054289690657504
 0.8455791977617465
  1.091327131709857
  1.357960916715682
  1.648570242062119
  2.633470596442255
  3.283657145230659
  7.251582527650632

 -0.08479732497496377   0.01810790551109953   -0.3918574051400884   0.08307403460215518    0.8349139348487099   -0.1771568428903927   -0.3109156587465676   0.06272405425901639  -0.05389429706711413  0.007397402691579198
 -0.02942671783602273  0.006216081639722492    0.4963171630182392   -0.1049985981787346  -0.03742570792308056  0.004097776156591337   -0.7737636199402688    0.1648697723235288    0.3303749319366091  -0.07268248947512115
  -0.7084520444127478    0.1491356551058567    0.5168482825263099   -0.1179766091969264    0.2401409822176188  -0.04758892924297196    0.2318883805646062  -0.04087587959447589   -0.2756477526087759   0.05870681439869513
   0.6091613908688767  -0.05780055840488798    0.3792226863398794   -0.4298836999527059    0.3488211239145606    0.2031596767490431   0.09444826276723409   -0.1115969529236269   -0.3355576828263679  0.006950576359951171
  -0.2626299967337953  -0.07807752792560664   -0.2558476388134713    -0.546639653713905     0.083335286738853    0.4836904793361357   0.04484119792909859    -0.333841300393643    0.4496304808314227  -0.06424089943756868
  0.02184033610802112  -0.02266225442696886  -0.06659796779764192   -0.3603869128565103   -0.1415018882937119   -0.6164242589003889   -0.1182554565468488   -0.3942789965524756   0.01876752862844645    0.5430481139475803
 -0.09579309265308483   -0.1113631133571228   -0.2007502801040081   -0.5404833663366414   -0.1641241442405845   -0.3556301678311314 -0.005573164073810902    0.3927743227450434   -0.2184595258504941   -0.5390381729898115
  0.02491286958928863    0.1198138100529692   0.05540745293364211    0.1983139585870314  -0.02769169432477928   -0.1703990270361395   -0.1341901277498231   -0.7185128533232438   -0.1101590892081267   -0.6053265183167993
  -0.1974326349604238   -0.4326097736188671   -0.1813245169739398   0.03102876312244537   -0.2098469424942646    0.3399632657444291   -0.4069737384831448   -0.1238044262932554   -0.6108992782409912    0.1620614838737255
  0.02708235795214022    0.8680628603056492   -0.2074427870177793   -0.1491589949822953   -0.1531904423077192    0.2001026918884851   -0.2055914828717857   0.04464378811833882   -0.2525665459252009   0.09430438003020283

22.39745551788482
103.7700536354869
27.98784222239663
130.2269026436175
33.38994095830943
156.0194781966808
39.65359115097982
185.7262463414141
55.42705162980868
260.9516248112296

4.771022094017671

  0.07392076615086743  -0.01547393711775065    0.1380263337335387  -0.02990848795471241  -0.08954133248694093   0.01664745347033447   0.01446090084787538 -0.007765214902358615   -0.1493769245669335   0.02749108209244205

-0.0002635357876480657  1.923445068731986e-05  0.0001625822214324654    0.09711200018349021    -0.1218025782033998    0.03584291876634087    0.01782159428942493    0.03328801880885964     0.8774654013161441     0.9700261351379789

cov:
  0.8383121520803977    2.204817357570955    0.393619926017104  -0.1339693852257468   0.3859096861981318  -0.4630751349123648   0.5736864163287866   0.1407579907387597   0.6933000320274706  -0.1300997563121065
   2.204817357570955    41.78675862749287   -8.505461492310038    -6.54150373816462   -6.003338462427856    7.486799071128673   -7.599214405981919    1.951575668199685   -8.733731603977796    3.191995309738508
   0.393619926017104   -8.505461492310038    2.938978376597444    2.031390489163042    2.246607339346215   -2.735479255883271    3.016164171195366  -0.6153962314442754    3.795925285265254   -1.329275146140585
 -0.1339693852257468    -6.54150373816462    2.031390489163042    2.974609500044556      1.2669595768085   -1.135447834710849    1.320436047638929   -1.443075586293254    1.744010536277122   -1.047409218076894
  0.3859096861981318   -6.003338462427856    2.246607339346215      1.2669595768085    1.921119776905263   -1.930609855127887    2.663890927638049 -0.07475020758262139    3.491109766218464  -0.9159503126063246
 -0.4630751349123648    7.486799071128673   -2.735479255883271   -1.135447834710849   -1.930609855127887    4.905772707736292   -3.317147499002816   0.7250620201566343   -4.366614914195654    2.169403424791386
  0.5736864163287866   -7.599214405981919    3.016164171195366    1.320436047638929    2.663890927638049   -3.317147499002816    4.169730492892533   0.7836144317534258    5.513584314345112   -1.280404614836999
  0.1407579907387597    1.951575668199685  -0.6153962314442754   -1.443075586293254 -0.07475020758262139   0.7250620201566343   0.7836144317534258    4.698088226449297   0.3727963104598074    2.076107350106046
  0.6933000320274706   -8.733731603977796    3.795925285265254    1.744010536277122    3.491109766218464   -4.366614914195654    5.513584314345112   0.3727963104598074    7.914709622735701   -1.554873559642937
 -0.1300997563121065    3.191995309738508   -1.329275146140585   -1.047409218076894  -0.9159503126063246    2.169403424791386   -1.280404614836999    2.076107350106046   -1.554873559642937    4.630506454049828

cov.inverse():
  141.6702829976905  -29.73115827917631  -88.97722213842557   20.33624781171551  -82.56828253300681   17.04782879653175  -20.35677798210627   2.820099401362448   50.75950298038236  -10.63577922021932
 -29.73115827917648   6.305445239618287   18.76477168570512  -4.222578428786434   17.53367539351219  -3.638072915455263   4.253547443348277 -0.5791071848844893  -10.74159900292744   2.251363767974445
 -88.97722213842528   18.76477168570483   268.2467627558855  -57.99951562410286  -145.3889934086511   30.51839920847456  -82.85111435599111   19.58261910718063   48.41762877859654  -10.03768004142822
  20.33624781171551  -4.222578428786389  -57.99951562410298   13.23720282041868   30.11936071130119  -6.508365530495776   16.90641030089261  -3.843858348949075  -9.620241364204855   2.001466340951516
  -82.5682825329543   17.53367539350116  -145.3889934086675   30.11936071130517   380.4426377000343  -80.19894109064606  -106.7245056010533   21.71182417288969  -47.42298652719043   8.327994617350701
  17.04782879652019  -3.638072915452836   30.51839920847835  -6.508365530496683  -80.19894109064569   17.52987157982274   24.33534872584377  -5.027143919038894   9.286157150470101  -1.699979826050817
 -20.35677798218309   4.253547443364528  -82.85111435596525   16.90641030088637  -106.7245056009716   24.33534872582668   344.5343577812431  -72.27566114533549  -127.9751810131951   28.72535508845388
  2.820099401378447 -0.5791071848878687   19.58261910717531  -3.843858348947784   21.71182417287308  -5.027143919035426  -72.27566114533613   15.52086990685745    26.6342633858742  -6.120133355283879
  50.75950298040454  -10.74159900293214   48.41762877858788  -9.620241364202792  -47.42298652723394   9.286157150479369  -127.9751810131646   26.63426338586766   73.55752281032262  -15.80615911006344
 -10.63577922022444    2.25136376797553  -10.03768004142632   2.001466340951067   8.327994617360282  -1.699979826052856   28.72535508844766   -6.12013335528254  -15.80615911006369   3.759628563756324

cov*(cov_.inverse()):
     1.000000000000019  5.373479439185758e-14  1.993960552226781e-13 -3.030908857226677e-14 -2.500222251455853e-13  6.505906924303417e-14  2.655653474903374e-13 -8.448797217397441e-14  -3.33066907387547e-14  6.494804694057166e-15
  1.20792265079217e-13      1.000000000000025 -3.552713678800501e-14 -3.819167204710538e-14 -9.592326932761353e-14  1.332267629550188e-14  2.842170943040401e-14 -2.486899575160351e-14  -1.70530256582424e-13  8.881784197001252e-15
-3.197442310920451e-14   5.10702591327572e-14      1.000000000000085 -5.773159728050814e-15 -3.144151605738443e-13  1.332267629550188e-14  4.263256414560601e-14 -4.796163466380676e-14 -7.105427357601002e-15                      0
-4.085620730620576e-14  4.884981308350689e-15 -1.953992523340276e-14      1.000000000000008 -9.592326932761353e-14  5.551115123125783e-15   1.77635683940025e-14 -2.309263891220326e-14   -1.4210854715202e-14 -2.220446049250313e-15
 2.309263891220326e-14  3.597122599785507e-14  8.704148513061227e-14 -1.465494392505207e-14     0.9999999999999405  1.598721155460225e-14  8.526512829121202e-14 -1.953992523340276e-14 -3.197442310920451e-14 -1.287858708565182e-14
-7.460698725481052e-14 -2.309263891220326e-14 -8.881784197001252e-14 -2.664535259100376e-14 -8.881784197001252e-14      1.000000000000006   1.06581410364015e-13  3.730349362740526e-14 -5.684341886080801e-14  3.552713678800501e-15
-6.750155989720952e-14  8.038014698286133e-14  2.717825964282383e-13 -2.664535259100376e-14 -1.598721155460225e-14 -1.953992523340276e-14      1.000000000000028 -3.552713678800501e-14  6.750155989720952e-14 -1.154631945610163e-14
 7.105427357601002e-15  7.993605777301127e-15 -7.105427357601002e-15 -8.881784197001252e-16  5.329070518200751e-14  4.440892098500626e-16  6.394884621840902e-14     0.9999999999999947   -1.4210854715202e-14  8.881784197001252e-15
-5.329070518200751e-14  7.238654120556021e-14  1.119104808822158e-13   -1.4210854715202e-14 -4.085620730620576e-14  3.996802888650564e-15 -5.684341886080801e-14 -7.283063041541027e-14      1.000000000000036 -8.881784197001252e-16
 2.842170943040401e-14 -2.486899575160351e-14 -2.131628207280301e-14                      0  5.684341886080801e-14  1.953992523340276e-14                      0  2.131628207280301e-14  4.263256414560601e-14     0.9999999999999893
