10
1

0.04338853132851862
0.04483639873520952
0.04764571356977102
 0.7140617011896989
  1.087420130569896
  1.387362648281886
  1.563936439122994
  1.723404522015008
  3.202809055401341
  5.607887294183032

  0.01518898907839139  -0.00191311852667117   0.08492558908680488  -0.02124328382756788   -0.5545333322344629    0.1127324391325515    0.7460354513081948   -0.1528471395752888   -0.2968878405256449   0.06174665877582239
   0.5793671310884364   -0.1214742564603983   -0.7769100630674675    0.1610406938685762 -0.001843184286491303  0.000879242262293859    0.1106839982120457  -0.01855802304552145   0.08513396784202196  -0.01438995132795261
  -0.3049226343515139   0.06505430784528776   -0.2319168556500308   0.05127155574608573    0.6790075819778705   -0.1425723084859825    0.3462865742472759   -0.0746139314781907   -0.4780756619365545    0.1046890413873633
   0.5348245372780169    -0.510635456737264    0.4616070645634278    0.1553523309841839    0.1556449719114179   -0.2227274996022311  -0.04274832094525805   0.08200698575644699   -0.3582245636105648   0.07272150204823867
  -0.2563977761515797   -0.1169687760691026  -0.02763566951515774    0.4167914280507595   -0.1160641157201783   -0.5986049625255953    0.2460877375109553    0.4511383640704456    0.2930874640841332   -0.1559346698858715
   0.3035897785868628    0.7253083147630526    0.1188960953369861    0.2598726579073674  -0.01224850328784162   0.07462790444142246  -0.05882426227053876    0.3873280153247017   -0.3128655223381845   -0.2073729605079653
 -0.05768791402185494  -0.02849559263068858    0.1569803965170943    0.7462927530121534     0.127581498000453     0.326160680380644   0.04325731650086583   -0.4651026318696885     0.180385292808717   -0.2021782682788919
   0.1319530514627135    0.3442538980810841   0.08603867347717836    0.1645264852193785  -0.03311554200513318   -0.3282850369145866  -0.02738199156912551   -0.2578973657946519    0.1823320166049528    0.7875484331669111
  -0.1431032352609322   -0.2164172626798184  -0.04394471171062647    0.2165116595173537   0.02686119571180267    0.5659586817148377   0.02907113448448402    0.5617879210323982   0.01773812916783197    0.4960649176567339
    0.293195005032594     0.119777667282545    0.2710262729066344   -0.2733193545492426    0.4189231744219793    0.1378329144138866     0.491886957893096    0.1096128393731242    0.5457518530604687  -0.07227663442704405

27.21792749975769
129.8766985746007
32.73649523267272
156.6355517120272
38.72178207209826
185.4401143368975
45.89436424868705
220.1485353369355
54.34372898202533
261.1096673477504

4.852182171420054

0
0
0
0
0
0
0
0
0
0

0

0
0
0
0
0
0
0
0
0
0

0

0
0
0
0
0
0
0
0
0
0

0

0
0
0
0
0
0
0
0
0
0

0

0
0
0
0
0
0
0
0
0
0

0

0
0
0
0
0
0
0
0
0
0

0

0
0
0
0
0
0
0
0
0
0

0

0
0
0
0
0
0
0
0
0
0

0

0
0
0
0
0
0
0
0
0
0

0

0
0
0
0
0
0
0
0
0
0

0

0
0
0
0
0
0
0
0
0
0

0

0
0
0
0
0
0
0
0
0
0

0

0
0
0
0
0
0
0
0
0
0

0

0
0
0
0
0
0
0
0
0
0

0

0
0
0
0
0
0
0
0
0
0

0

0
0
0
0
0
0
0
0
0
0

0

0
0
0
0
0
0
0
0
0
0

0

0
0
0
0
0
0
0
0
0
0

0

0
0
0
0
0
0
0
0
0
0

0

0
0
0
0
0
0
0
0
0
0

0

0
0
0
0
0
0
0
0
0
0

0

0
0
0
0
0
0
0
0
0
0

0

0
0
0
0
0
0
0
0
0
0

0

0
0
0
0
0
0
0
0
0
0

0

0
0
0
0
0
0
0
0
0
0

0

0
0
0
0
0
0
0
0
0
0

0

0
0
0
0
0
0
0
0
0
0

0

0
0
0
0
0
0
0
0
0
0

0

0
0
0
0
0
0
0
0
0
0

0

0
0
0
0
0
0
0
0
0
0

0

0
0
0
0
0
0
0
0
0
0

0

0
0
0
0
0
0
0
0
0
0

0

0
0
0
0
0
0
0
0
0
0

0

0
0
0
0
0
0
0
0
0
0

0

0
0
0
0
0
0
0
0
0
0

0

0
0
0
0
0
0
0
0
0
0

0

0
0
0
0
0
0
0
0
0
0

0

0
0
0
0
0
0
0
0
0
0

0

0
0
0
0
0
0
0
0
0
0

0

0
0
0
0
0
0
0
0
0
0

0

0
0
0
0
0
0
0
0
0
0

0

0
0
0
0
0
0
0
0
0
0

0

0
0
0
0
0
0
0
0
0
0

0

0
0
0
0
0
0
0
0
0
0

0

0
0
0
0
0
0
0
0
0
0

0

0
0
0
0
0
0
0
0
0
0

0

0
0
0
0
0
0
0
0
0
0

0

0
0
0
0
0
0
0
0
0
0

0

0
0
0
0
0
0
0
0
0
0

0

0
0
0
0
0
0
0
0
0
0

0

0
0
0
0
0
0
0
0
0
0

0

0
0
0
0
0
0
0
0
0
0

0

0
0
0
0
0
0
0
0
0
0

0

0
0
0
0
0
0
0
0
0
0

0

0
0
0
0
0
0
0
0
0
0

0

0
0
0
0
0
0
0
0
0
0

0

0
0
0
0
0
0
0
0
0
0

0

0
0
0
0
0
0
0
0
0
0

0

0
0
0
0
0
0
0
0
0
0

0

0
0
0
0
0
0
0
0
0
0

0

0
0
0
0
0
0
0
0
0
0

0

0
0
0
0
0
0
0
0
0
0

0

0
0
0
0
0
0
0
0
0
0

0

0
0
0
0
0
0
0
0
0
0

0

0
0
0
0
0
0
0
0
0
0

0

0
0
0
0
0
0
0
0
0
0

0

0
0
0
0
0
0
0
0
0
0

0

0
0
0
0
0
0
0
0
0
0

0

0
0
0
0
0
0
0
0
0
0

0

0
0
0
0
0
0
0
0
0
0

0

0
0
0
0
0
0
0
0
0
0

0

0
0
0
0
0
0
0
0
0
0

0

0
0
0
0
0
0
0
0
0
0

0

0
0
0
0
0
0
0
0
0
0

0

0
0
0
0
0
0
0
0
0
0

0

0
0
0
0
0
0
0
0
0
0

0

0
0
0
0
0
0
0
0
0
0

0

  0.1670641794737121 -0.03636390148368149 -0.04239063031041249 0.005214473123618339   0.1059531568255504 -0.02442845514136186 -0.07984875847076914  0.01777315180679713   -0.160277856151731  0.02958976710677317

-0.0001421093797664043  0.0002242025265049714  0.0001883354344209761    0.08950054538031291    -0.1136745505497015      0.140755965746009    -0.1282355649652774   0.008702632629832058   -0.04643189086664455     -1.704729285950233

cov:
  3.375200047983974   1.880896464371678   2.778072831754372  -2.810788556923195   3.862263681900093  0.4298716965196629   4.355209771946219  0.2625027491812233   4.683134437861587  -1.111602075195599
  1.880896464371678   2.447345243515485   1.245271804421159  -1.129322090851281   1.434154450184908 -0.8506876367240825   1.652289616119729 -0.6085831700140338   1.806089110758655 -0.8410301069873137
  2.778072831754372   1.245271804421159   2.550228014579041  -2.016471574699744   3.636220606217667  0.9453214295676302   4.157226838008138   0.529780533168553     4.5940693378789 -0.7412980722201368
 -2.810788556923195  -1.129322090851281  -2.016471574699744    4.62058598795889  -3.375377842967902  0.2318241047633423  -4.009326835452644 -0.2468886579673007  -4.273662241107472   1.563983090960543
  3.862263681900093   1.434154450184908   3.636220606217667  -3.375377842967902   5.599754093967313   2.168270113467317   6.468523613154514   1.414621948707977   7.171526492746985 -0.9239121282120645
 0.4298716965196629 -0.8506876367240825  0.9453214295676302  0.2318241047633423   2.168270113467317   4.923271644173663   2.184388884765222   3.344049512356409   2.223105012431545   1.709784838903056
  4.355209771946219   1.652289616119729   4.157226838008138  -4.009326835452644   6.468523613154514   2.184388884765222   7.705047624657266    1.92026306430088   8.579558079797433  -1.078875891011645
 0.2625027491812233 -0.6085831700140338   0.529780533168553 -0.2468886579673007   1.414621948707977   3.344049512356409    1.92026306430088    4.87488642512376   1.546928616357107   2.001545514305975
  4.683134437861587   1.806089110758655     4.5940693378789  -4.273662241107472   7.171526492746985   2.223105012431545   8.579558079797433   1.546928616357107   9.904419264243757 -0.7555255905536441
 -1.111602075195599 -0.8410301069873137 -0.7412980722201368   1.563983090960543 -0.9239121282120645   1.709784838903056  -1.078875891011645   2.001545514305975 -0.7555255905536441    4.74497248818194

cov.inverse():
  208.7293008395233  -44.13805800499996  -191.5561137755436   39.45125457954382  -96.02434369808302   20.19237637927819  -8.700677618830044   3.482549752375017   85.87551627521196  -17.60131224720257
  -44.1380580049999   10.04791062258014     39.808497844393  -8.334268586530799   19.97982017276722  -3.996238664156203   2.471046893527984 -0.8781932830059456  -18.31012650799613   3.754182017207049
 -191.5561137755563   39.80849784439573   328.2128949494738  -68.23639845328918  -93.51801289436044   19.13821081451873  -44.53944984215386   7.948292362425826   2.217303769019142  -2.284669842596972
  39.45125457954629  -8.334268586531328  -68.23639845328901   14.77139747835049   21.48439888367205  -4.598419993247852   8.343038928358917  -1.356067199361962 -0.6148317238477435  0.4471716767511182
 -96.02434369809588   19.97982017276989  -93.51801289435097   21.48439888367006   366.5142800647988   -75.8377080869986  -116.3065127553524    22.6823473466914  -55.74330645325566   13.15801636478059
  20.19237637928076  -3.996238664156742    19.1382108145169   -4.59841999324747  -75.83770808699853   16.22000958732983   22.87896160677954  -4.726134509356299   12.28721668878046  -2.931474181972018
 -8.700677618774314   2.471046893516377   -44.5394498422115   8.343038928370742  -116.3065127553715   22.87896160678353   354.6265137763916  -72.90216036735802  -185.7810714245845   39.60374667490703
  3.482549752363585 -0.8781932830035556   7.948292362437745  -1.356067199364408   22.68234734669546  -4.726134509357146  -72.90216036735849   15.43875556011194   38.97602219352648    -8.4138868281621
  85.87551627518212   -18.3101265079899   2.217303769053714 -0.6148317238547805  -55.74330645323989   12.28721668877723  -185.7810714246046   38.97602219353037   151.5154291349612  -32.41711674690075
 -17.60131224719618   3.754182017205717  -2.284669842604352  0.4471716767526224    13.1580163647773  -2.931474181971344   39.60374667491105  -8.413886828162873  -32.41711674690058    7.25907670454866

cov*(cov_.inverse()):
    0.9999999999999467 -2.664535259100376e-15  1.394440118929197e-13  -1.13242748511766e-14  7.460698725481052e-14 -5.684341886080801e-14  -1.06581410364015e-13 -5.684341886080801e-14  9.237055564881302e-14 -1.598721155460225e-14
 4.263256414560601e-14      1.000000000000006  1.043609643147647e-13 -1.004751837285767e-14 -2.486899575160351e-14 -3.552713678800501e-14  -1.13686837721616e-13 -4.174438572590589e-14  -1.06581410364015e-14  5.329070518200751e-15
-1.811883976188255e-13  1.998401444325282e-14      1.000000000000058 -3.491651412446117e-14 -4.973799150320701e-14 -2.176037128265307e-14  2.486899575160351e-14 -8.348877145181177e-14  1.527666881884215e-13   1.77635683940025e-14
 3.197442310920451e-14 -1.332267629550188e-14 -1.088018564132653e-13      1.000000000000033  2.593480985524366e-13  3.197442310920451e-14  7.815970093361102e-14  7.105427357601002e-14  -1.35003119794419e-13   1.06581410364015e-14
-4.263256414560601e-14 -7.105427357601002e-15 -5.506706202140776e-14 -6.072919944699606e-14      1.000000000000197 -3.419486915845482e-14 -4.973799150320701e-14 -6.306066779870889e-14    1.4210854715202e-14 -2.664535259100376e-15
   1.4210854715202e-14  -1.77635683940025e-15  1.110223024625157e-14 -1.110223024625157e-16 -1.598721155460225e-13     0.9999999999999876  5.684341886080801e-14 -3.019806626980426e-14  7.105427357601002e-15    1.4210854715202e-14
-7.105427357601002e-14    1.4210854715202e-14  1.998401444325282e-14 -4.668487818548783e-14  9.769962616701378e-14 -5.284661597215745e-14     0.9999999999995595 -4.618527782440651e-14   1.63424829224823e-13  -8.08242361927114e-14
-7.105427357601002e-14   1.77635683940025e-15  8.881784197001252e-15 -4.107825191113079e-15 -3.907985046680551e-14   -1.4210854715202e-14  8.526512829121202e-14                      1  7.105427357601002e-14  1.243449787580175e-14
-2.682298827494378e-13  1.598721155460225e-14  2.775557561562891e-14 -3.913536161803677e-14  1.403321903126198e-13 -9.592326932761353e-14    1.4210854715202e-14  3.819167204710538e-14     0.9999999999999645  1.953992523340276e-14
 4.263256414560601e-14                      0  2.131628207280301e-14  5.329070518200751e-15 -7.815970093361102e-14  3.375077994860476e-14  5.684341886080801e-14  3.552713678800501e-14  2.842170943040401e-14     0.9999999999999858
