10
1

0.07856905667827052
 0.4133079282766474
 0.9528238597167145
  1.138542232785116
  1.240697727619996
  1.749056618399139
  2.646762648087083
   2.82209546911721
  5.128449293736669
  10.14667536080223

   -0.4309088187609432     0.1755981437298549     0.7503327856329454    -0.3053207832284675    -0.3303762286249703     0.1336021518098844   0.006666606992843249  -0.007126543299712275   0.006858545721292679    0.01107039472817593
   -0.4994556656776037     0.1673386436033063    0.04351270970344847   -0.01830866072769172     0.7283358409563364    -0.3027368631749507    -0.1245138864478775    0.07517539880826442    -0.2508760847605075     0.1187294801660059
    0.6456195680932253  -0.009187703172535037     0.5178770680428321   -0.02759072342511888      0.270130212683027    -0.1798184807256611    -0.3861889487067054     0.2365010012350716    0.06087484773917776  -0.006903708529335928
     0.297971307198505    0.06790507108512289     0.2341499125112038    0.02038830486062694     0.1669135656170419   -0.02765520449392549     0.4662710684536448    -0.6683278191758636    -0.3936124340983737    0.06110365572151868
    0.1136610999497908    0.02021444313426064    0.06476110630404038    0.01543679516953364 -0.0006303008783808716    0.00187649316309671     0.6484665087355901     0.6712698166150883     -0.201977255367394     0.2651971441596473
   0.05869155115641998    0.04943015812760628    -0.0550190641965626   -0.04947294662417714     0.1593389861085424     0.6665790449330183    -0.2254468883895584   -0.06285749870434806   -0.01620361570458062     0.6810879781569147
   -0.1262915194765505    -0.2956294005967986     0.2466169433267452     0.4770689471528518     0.3257803555997233     0.5184063855644674     0.1453534017373707    0.06422168814767104     0.1214137956122413    -0.4397358814776128
    0.1548973210334853     0.4147768108185699    -0.2092412322658299    -0.5146882341999867     0.1463564681113708     0.3775509025512641   -0.01764179397207991     0.1321905347805282     -0.249913936281859    -0.5010725493743252
   -0.0520519557717893    -0.5551955160303208  -0.002223512670653992   -0.04554996009947301    -0.2001023256155991    0.03737528097072995    -0.2859389355975703    0.09972543392910671    -0.7424041812001237   -0.05158228703383167
   0.01531089300025556     0.6049272577368331    0.01602071863521684     0.6387547702816969    -0.2580013058184263    0.01958161768950597    -0.2082455364098958    0.07486599760098286    -0.3300879165582657   -0.02621072633016903

22.68177400065587
54.09268526916948
35.55437614083065
85.51406896377226
54.12374954254615
130.6795809519929
65.37331476991933
157.6805859521525
90.45927155395579
 220.323506658229

2.437706153687485

    0.102566813709133  -0.04202601434792657  -0.04016632140730232   0.01645999035545143  -0.06415737539817752   0.02561910148195956 0.0009328968931560167 -0.001167633006708551 0.0007692766638087038  0.002467980584865359

-0.0003831909182584873   -0.01962712300414653    0.02070463352206248     0.0107396033798676    0.01365385173020705    0.04198429404561938   -0.07799543498943132   -0.02332270559632503     0.7902753398568803     0.2545210665695049

cov:
   0.9659144287299194     2.505382842334555   -0.0582818699825536 0.0001352570024489535  -0.05038257514495795   0.01622253607163926  -0.04984720542272923    0.0679895042646803  -0.05289822524531568  -0.02171577694619926
    2.505382842334555     47.78366185660887   -0.1596561587069694     37.75292435471901    -13.28070666236844    0.9387794798672282    -9.126762233184389     3.462861469627058    -10.84530499646952     -1.50365402531902
  -0.0582818699825536   -0.1596561587069694     1.135382441187466     2.739667905824482   0.05975720912083938   0.08998619978040266   0.01540323529929375 -0.005317877540927439   0.01510164630285389  -0.03687656794699943
0.0001352570024489535     37.75292435471901     2.739667905824482     45.77485915454572    -16.26651797819232     1.331515107144216    -12.72230090426286      4.47836680693524    -19.40148170756738    -1.172954749423931
 -0.05038257514495795    -13.28070666236844   0.05975720912083938    -16.26651797819232     9.091700865154204     1.143251011217882     7.227702729736318    -2.321350583554909     12.55178419109245   -0.2619149602975774
  0.01622253607163926    0.9387794798672282   0.08998619978040266     1.331515107144216     1.143251011217882     4.499534922891294    -0.631169255351425    0.7348909653102913    -1.722265264660267    -1.824730544875876
 -0.04984720542272923    -9.126762233184389   0.01540323529929375    -12.72230090426286     7.227702729736318    -0.631169255351425      7.98831366183789    -2.083334769043366     12.37468504840583    0.4043310568144668
   0.0679895042646803     3.462861469627058 -0.005317877540927439      4.47836680693524    -2.321350583554909    0.7348909653102913    -2.083334769043366     2.343142989058499    -4.554719847645218   -0.9725172623455481
 -0.05289822524531568    -10.84530499646952   0.01510164630285389    -19.40148170756738     12.55178419109245    -1.722265264660267     12.37468504840583    -4.554719847645218      26.5931744520278     2.368388644060463
 -0.02171577694619926     -1.50365402531902  -0.03687656794699943    -1.172954749423931   -0.2619149602975774    -1.824730544875876    0.4043310568144668   -0.9725172623455481     2.368388644060463     5.029581785430085

cov.inverse():
   32.08214080306172   -12.72067416770434   -52.08637251944334    21.33307184209994    21.16297908280684   -8.564240471589716  -0.2276270194913086   0.3418085821617443   0.1867164760050296   -1.079839114039109
  -12.72067416770433     5.21300527080104    21.37219985053625   -8.744475216032653   -8.679151475951906    3.512125740258226  0.09862879847211121  -0.1561728006131451 -0.07921854335748314   0.4423670087798735
  -52.08637251944332    21.37219985053621    91.56877210585515   -37.09614928436003   -39.78237749215013    16.05092568693148    0.679440703460413  -0.8047263709337891   0.7360155482492685    1.379528271624572
   21.33307184209994   -8.744475216032635   -37.09614928436002    15.17500600186845    16.26562130196283    -6.57027281448617  -0.2769235068638577    0.330592558315479  -0.2984818716106175  -0.5650878488069356
   21.16297908280666   -8.679151475951842   -39.78237749214994    16.26562130196276    20.91687647671014   -8.432621426205678  -0.9454189740169302   0.6871602882595802   -1.462517195273757 -0.07426913998174468
  -8.564240471589629    3.512125740258199    16.05092568693141   -6.570272814486141   -8.432621426205682    3.665789848194529   0.3926335290182035  -0.3217519388867803   0.5816278934645562   0.1215962091111531
 -0.2276270194913073  0.09862879847211077   0.6794407034604101  -0.2769235068638564  -0.9454189740169269    0.392633529018202   0.7263274671411947  -0.1162725582146169 -0.04928581710494419 0.004454119513597148
  0.3418085821617408  -0.1561728006131437  -0.8047263709337843   0.3305925583154771   0.6871602882595789  -0.3217519388867797  -0.1162725582146171   0.7447249505006377 0.006636673311778677  0.09525773460680302
  0.1867164760050745 -0.07921854335750143   0.7360155482491935  -0.2984818716105871   -1.462517195273728   0.5816278934645445 -0.04928581710494324 0.006636673311778757   0.5582134658785507  -0.2098488408538303
  -1.079839114039133   0.4423670087798826    1.379528271624612  -0.5650878488069522 -0.07426913998176446    0.121596209111161 0.004454119513596816  0.09525773460680285  -0.2098488408538287   0.3618666202881532

cov*(cov_.inverse()):
     1.000000000000046 -1.310930530795673e-14  6.885117476151947e-14 -3.741798537681973e-14  1.896399703937846e-14 -2.282288941168886e-14 -2.249177406821179e-16  4.093947403305265e-16 -2.142383492831357e-16  9.558326352632207e-16
-4.374278717023117e-14     0.9999999999999805  9.592326932761353e-14 -3.341771304121721e-14   6.38378239159465e-15 -2.406408405875027e-14  6.245004513516506e-17  2.775557561562891e-17 -1.110223024625157e-16 -9.992007221626409e-16
-9.499345754448996e-15 -6.869504964868156e-16      1.000000000000001 -9.364037323322805e-15 -1.481063535702098e-14  6.365567795096894e-15 -1.991679390855872e-16 -2.658463726934457e-16  7.858297346174936e-16 -3.295974604355933e-17
-1.156852391659413e-13  1.187938636348917e-14  -2.05835348765504e-13      1.000000000000078 -4.378442053365461e-14  -1.13242748511766e-14 -2.877038884907535e-15  2.151057110211241e-15 -2.581268532253489e-15 -6.938893903907228e-15
-4.107825191113079e-15  1.350308753700347e-14  5.395683899678261e-14 -3.427813588530171e-14     0.9999999999999817  1.047079090099601e-14 -3.194059600142296e-16 -1.599415044850616e-15  2.865763182313685e-15  3.441691376337985e-15
-5.329070518200751e-15 -3.108624468950438e-15 -9.769962616701378e-15  6.661338147750939e-16 -3.469446951953614e-15      1.000000000000004  -2.42861286636753e-17 -2.775557561562891e-17 -4.440892098500626e-16                      0
 3.191891195797325e-14 -9.742207041085749e-15 -2.886579864025407e-14  -2.46747067222941e-14 -2.005340338229189e-14  1.276062588928539e-14     0.9999999999999987  3.400058012914542e-16 -5.551115123125783e-17  8.604228440844963e-16
-2.220446049250313e-16  3.719247132494274e-15 -1.332267629550188e-15 -6.994405055138486e-15  4.093947403305265e-15  -3.05311331771918e-15 -5.065392549852277e-16                      1 -7.771561172376096e-16  -3.33066907387547e-16
 4.618527782440651e-14 -1.443289932012704e-14  -1.13686837721616e-13 -1.953992523340276e-14 -2.836619827917275e-14  2.997602166487923e-15   1.77115266897232e-15 -1.942890293094024e-16      1.000000000000004  5.551115123125783e-16
                     0  8.881784197001252e-16 -2.664535259100376e-15 -4.440892098500626e-15  -2.55351295663786e-15 -1.110223024625157e-16 -5.204170427930421e-17 -5.551115123125783e-17  2.220446049250313e-16                      1
