10
1

0.06101184415228004
 0.4832248516143571
 0.8732374661895462
  1.021936355663359
   1.27390992815203
  1.401658675473107
  1.839280196956958
  2.670274129097095
  5.231612825210114
  8.955298513547794

  -0.3839471664624318      0.11316608510976    0.7826169472779484   -0.2301840792490727   -0.3978389149457812    0.1264395680228446 0.0005640461045002173  0.004661368829489453  0.002735048609619647 -0.003423512040467866
  -0.5349333048548092    0.1174942227306892    0.1126860124075912   -0.0115274172722398    0.7084174027188889   -0.2103138345321006   -0.2453260206419056    0.0236648144640455   -0.2649876825978794    0.1007966814630028
  -0.1896066854167822   0.01092505270083392  -0.05018310057233391  -0.02130533557757405   0.04911241404444766   -0.2051458689330612    0.1778003380907387    0.5348138558499178    0.2683770524016565   -0.7258069767631103
   0.6630990571141349   0.02183927011601728    0.4072912566709345   -0.1958538277896279    0.2429451948148416   -0.1286327339612317   -0.4592234656670384     0.255084568933054   0.03119524369029559  -0.05551195572884059
  -0.2553238944464729  -0.05573055747863428   -0.1585269722789493    0.2508807574245099   -0.2493913511211528  -0.07667255235213009   -0.7274606037195014  -0.04733476661509807     0.492193542130603   0.04316409612443498
   0.1127266166827905   0.03114537321556809    0.1916166370954245    0.2450931266867493   0.05109816307912031   -0.2509655232007199  -0.01652081876460847   -0.7280527653148697  -0.06163737284671657   -0.5383376736635375
 -0.05659183094445935  -0.01476846106268196   -0.1709750517680521   -0.5390053014942028    0.2337008734788337    0.6520700333787741   -0.1550157359225091    -0.248427721189776    0.1802462880869354   -0.2806665490553207
  0.05301957280618884   0.07635945616826895    0.2104310170651697    0.7014754028241224    0.1771669714979455    0.6164861530218669 -0.003577271764512698    0.1786582702374536   -0.0474359850010412  -0.09687179628147197
 -0.07635166680110797   -0.6084471841348058  -0.08405969075605985  -0.01950464331788973   -0.2306680509964159   0.07579497193973078    -0.294176712143886    0.1245696711978235   -0.6329789387602212   -0.2341868463176146
  0.03223366849463764    0.7697138787435637   -0.2529438982571304   -0.0456408481001767   -0.2727921045297854   0.03594665028506443   -0.2392931113975446   0.08288623591976434   -0.4187120484212777   -0.1589938303305735

22.68437547675578
76.81214956657463
38.80340804660666
131.1440083897337
54.71376507456339
 184.925292672156
65.63678311967061
221.6541288730818
77.16896012779519
261.2060771408902

3.381120416191442

   0.09267487153950094    -0.0273352727439958    0.02254849231710779  -0.006300106149222087    -0.1161345948118254     0.0311727919771039 -0.0001297873562856504  -0.006321085208575529  -0.002278287088007049   0.001850466318570962

0.0001136223044558533  -0.03230055487745761  -0.02769906583510896   0.03897795472833664 -0.002221376583496069  0.004642520190239574  -0.03874784581884561   0.00423652924014388     1.018003648639366    0.7617923200263145

cov:
  0.9585017233402054    3.321633152827835  0.01631141449532175   0.1107044109152467 -0.01303951939858755 -0.01438260738629043 0.009172880825025541  0.02378485514000599 -0.01377691822830062  0.01229120404730057
   3.321633152827835    57.69931899722796   -14.05265949533612   -2.096441972341373    -12.8621758224524     1.24103235684845   -9.817532776529539    3.122362837633391   -15.39309260320164   -5.994721765260453
 0.01631141449532175   -14.05265949533612    6.032434590129539    2.279266591580097    6.397397330977172  -0.4825087469687876    5.587609158711799   -1.729453782746716    9.620824231378263     3.57407545223317
  0.1107044109152467   -2.096441972341373    2.279266591580097    4.929726225003528    1.452657467452106    1.600524193550834    1.085255945319306   0.5459356828669282    1.465261814439158   0.5154540616967168
-0.01303951939858755    -12.8621758224524    6.397397330977172    1.452657467452106    8.120105953787169 -0.04008021812897107    7.107550263132707   -2.535757835737923    13.00777301708867    4.516470740696255
-0.01438260738629043     1.24103235684845  -0.4825087469687876    1.600524193550834 -0.04008021812897107    4.602251583241933   -1.513197398170848   0.9804666728779904   -2.395102758095576   -1.613017913554857
0.009172880825025541   -9.817532776529539    5.587609158711799    1.085255945319306    7.107550263132707   -1.513197398170848    8.159903261703203   -2.439570481963704    12.49606032246769    4.975381115061279
 0.02378485514000599    3.122362837633391   -1.729453782746716   0.5459356828669282   -2.535757835737923   0.9804666728779904   -2.439570481963704    2.743266133317519   -4.986653584348137   -1.286371879990762
-0.01377691822830062   -15.39309260320164    9.620824231378263    1.465261814439158    13.00777301708867   -2.395102758095576    12.49606032246769   -4.986653584348137    25.62511672927506    9.200829337231722
 0.01229120404730057   -5.994721765260453     3.57407545223317   0.5154540616967168    4.516470740696255   -1.613017913554857    4.975381115061279   -1.286371879990762    9.200829337231722    4.841454427372944

cov.inverse():
    41.34361462680469    -11.91701860121018    -80.66866600164747     23.63827348176047     39.59387977453385    -12.59917824523029    0.2848400613834661   -0.5351799333561736    0.1952805896443897    0.2343117952964429
   -11.91701860121019     3.524299812615967     23.86776575177665    -7.002898652564104    -11.71970181947201     3.733506734885422  -0.08374837497738238    0.1577222567877882  -0.05481090782229755  -0.07106807547992167
   -80.66866600164744     23.86776575177663     164.8061125904998    -48.42752236791513    -83.18501497269597     26.41274255044001   -0.1117611767723024     1.006523501088689    0.3803133785008031   -0.6891846047462732
    23.63827348176047    -7.002898652564098    -48.42752236791514     14.49602978807833     24.46751239768487    -7.864861355624201  -0.03144352211507335   -0.3933137763065764   -0.1336893398359262    0.2123725635516779
    39.59387977453346    -11.71970181947193    -83.18501497269557     24.46751239768475     44.79127792191668    -14.12965032164634   -0.7960772483590366   -0.3583234240542892    -1.130903891200565    0.5721136790877319
   -12.59917824523023     3.733506734885401      26.4127425504399    -7.864861355624167    -14.12965032164635     4.770102425379059    0.2542165586865636   0.02490094651907342    0.2688464640423442 -0.001436922755379711
   0.2848400613834583  -0.08374837497737952    -0.111761176772281  -0.03144352211507949   -0.7960772483590484    0.2542165586865672    0.8384294691832028   0.02542733635554682    0.1073788227783915   -0.2501633711858445
   -0.535179933356197    0.1577222567877954     1.006523501088742   -0.3933137763065916   -0.3583234240543191   0.02490094651908261   0.02542733635554677    0.7401871148131614    0.1631632443910859   -0.3014890990934452
   0.1952805896444658  -0.05481090782231996    0.3803133785006499   -0.1336893398358809     -1.13090389120049    0.2688464640423202    0.1073788227783909    0.1631632443910842    0.5760655397800732   -0.3520901780204048
   0.2343117952964675  -0.07106807547992931   -0.6891846047463306    0.2123725635516946    0.5721136790877657 -0.001436922755390125   -0.2501633711858445   -0.3014890990934451   -0.3520901780204071    0.9160297612251477

cov*(cov_.inverse()):
    0.9999999999999007  1.453611536694766e-14  7.964809367599912e-14 -3.202473009000784e-14   9.36212912749923e-14  1.098250044509128e-14 -1.808015542836827e-15 -8.669280571194093e-16 -3.547509508372571e-16  1.131039706336878e-15
 7.971401316808624e-14     0.9999999999999785  2.930988785010413e-14 -8.659739592076221e-15 -1.865174681370263e-14  1.242408953494589e-14 -2.442490654175344e-15 -1.332267629550188e-15  8.881784197001252e-16                      0
-6.283862319378386e-14 -2.181588243388433e-14     0.9999999999999276 -3.530509218307998e-14   1.49213974509621e-13 -1.600542615110001e-14  -1.77635683940025e-15 -1.110223024625157e-15 -6.661338147750939e-16  1.332267629550188e-15
 2.081668171172169e-14 -7.292777493006497e-15  -2.19824158875781e-14       1.00000000000001  8.126832540256146e-14 -8.175534901844195e-15  -6.38378239159465e-16 -8.326672684688674e-16 -5.551115123125783e-16  6.661338147750939e-16
-9.370282327836321e-14 -1.082467449009528e-14  -8.43769498715119e-15  7.438494264988549e-15      1.000000000000239 -3.834606243646732e-15 -1.110223024625157e-15 -1.110223024625157e-15 -1.332267629550188e-15  8.881784197001252e-16
-4.718447854656915e-15  4.801714581503802e-15  4.884981308350689e-15 -3.386180225106727e-15 -3.008704396734174e-14      1.000000000000006  3.885780586188048e-16  1.665334536937735e-16  2.220446049250313e-16 -4.440892098500626e-16
-3.663735981263017e-14 -4.829470157119431e-15  1.199040866595169e-13 -2.309263891220326e-14  1.016964290556643e-13  9.181023996607252e-15                      1 -4.440892098500626e-16 -1.554312234475219e-15 -8.881784197001252e-16
 1.254552017826427e-14 -2.525757381022231e-15 -3.341771304121721e-14  9.492406860545088e-15 -8.992806499463768e-15  6.204021671396553e-15 -4.996003610813204e-16                      1  2.775557561562891e-16                      0
 -1.77635683940025e-14  4.773959005888173e-15  1.367794766338193e-13 -3.463895836830488e-14  1.199040866595169e-13 -9.497611030973019e-15 -8.881784197001252e-16 -4.440892098500626e-16     0.9999999999999982   1.77635683940025e-15
-9.325873406851315e-15 -1.437738816889578e-14 -1.088018564132653e-13  1.665334536937735e-14  7.593925488436071e-14 -1.148300204922847e-14 -8.881784197001252e-16 -1.110223024625157e-15 -1.110223024625157e-15                      1
