5
2

 4.83536528467229e-05
 7.15001319750009e-05
0.0001621777818162071
  0.02066398715754093
   0.5771716089493354

-0.003444266501688278    0.1663302413470751   -0.7048097554776308    0.6763806376893607    -0.134442662068948
  -0.1714182029080092    0.7289142075195555   -0.3494001156495354    -0.488478958207628    0.2803707266467184
   0.5592067830460467   -0.4267852146115483   -0.4239934996810747   -0.2302858247038559    0.5218621518686002
  -0.6785654330872815   -0.2445210229087648   0.03537919088082347    0.2236526369109499    0.6545885984571675
    0.444342957133807    0.4461862602481038    0.4473707554685116    0.4481578709456837    0.4499900970825478

0.4218084109304214
0.4218871111618956
0.4219510018923338
0.4219399583565942
0.4219179832880378

0.0001575540672224658
   0.4220177447949888

 0.6841400151124585   2.607372889629348  0.2252380077382927  -1.418203281042366  -2.098583540844363
  1.785064433574786   -1.31109329614248  0.9135174466973824 -0.1997387735513926 -0.1875424238309279

-9.458157611451588e-10   9.24788976987986e-09 -4.193245987018092e-08   -0.00118907486674011  -0.003927275122899573
-2.286554950613075e-09 -7.851746587589799e-09  2.942036558878738e-08 -0.0004380207639574577     0.1475630471314877

cov:
0.06596945013428429 0.06611652211830905 0.06621075481161576 0.06627271690691329  0.0664190756007865
0.06611652211830905 0.06634520031325593 0.06649203086936449 0.06658936523942371 0.06681670116147673
0.06621075481161576 0.06649203086936449 0.06667278950325761 0.06679293439726379 0.06707249514700839
0.06627271690691329 0.06658936523942371 0.06679293439726379 0.06692842706169368 0.06724311306706658
 0.0664190756007865 0.06681670116147673 0.06707249514700839 0.06724311306706658  0.0676382332818974

cov.inverse():
 17643393.91404775 -33759680.75484898  3739210.476968929  10486145.26261513  1891435.535238866
-33759680.74557453  122687672.8691712 -93078027.31678788 -17793785.19078781  21943007.47315848
 3739210.438707978 -93078027.39441949  243178796.8800288 -166796404.3315504  12952920.26184376
 10486145.29824381 -17793785.05054812 -166796404.6118894  244360504.8525745 -70251215.12747043
 1891435.528597379  21943007.41982763  12952920.42628513  -70251215.2319418  33462434.45409214

cov*(cov_.inverse()):
     0.999999999490683                      0  3.958120942115784e-09 -1.862645149230957e-09  4.656612873077393e-10
 2.473825588822365e-10     0.9999999993015081  3.026798367500305e-09  1.862645149230957e-09 -9.313225746154785e-10
-1.746229827404022e-10                      0      1.000000002211891                      0  4.656612873077393e-10
-5.093170329928398e-10  1.629814505577087e-09  2.095475792884827e-09                      1  4.656612873077393e-10
 4.365574568510056e-11 -4.656612873077393e-10  9.313225746154785e-10  9.313225746154785e-10                      1
