5
2

5.660840066042565e-05
8.470593148713227e-05
0.0001606260451722268
  0.02142027945865977
   0.5766431415037563

-0.02664141340870843   0.3809962600983893  -0.7771179370757497   0.4949791247411557 -0.07221816134628274
 -0.3083635558062263   0.7163694399557208 -0.03239508188997513  -0.5878913358494379    0.212275949769569
  0.6584443285307827  -0.2031662776972859  -0.4299791920637756  -0.4249371292948778   0.3996509231455466
 -0.5219601609402452  -0.3185385387665237  -0.1024866623082066   0.1680063623167692     0.76639489558695
  0.4452087253850793   0.4459970159268837   0.4468250764959146   0.4478635301867721   0.4501571525238387

0.4223754506011416
0.4224298737812887
0.4224402319221982
0.4224951632437205
0.4224420241621532

0.0002458648799890539
   0.4225959225517198

 0.2338547894916602   1.575436028710484   1.332462362551228 -0.7971565219096599  -2.344596904456547
  1.834877161146561  0.1073481501592527  -1.409423311084008  0.6150259316778952 -0.1476270071684683

-2.136539628796329e-09  7.062134309288631e-09 -3.450344342620372e-08  -0.001234832896470002  -0.003432523987263009
 4.493974239530243e-09 -5.999498647911959e-09  3.797946930389289e-08  -0.000393350133891024     0.1476399910699654

cov:
0.06603354177611727 0.06610150558932226 0.06617234696231555 0.06626130003682741 0.06645755112886245
0.06610150558932226 0.06618868973164607 0.06627991151408129  0.0663943808855748 0.06664707095390916
0.06617234696231555 0.06627991151408129 0.06639278832679639 0.06653435603585345 0.06684698931368355
0.06626130003682741  0.0663943808855748 0.06653435603585345 0.06670986058254987 0.06709754638837712
0.06645755112886245 0.06664707095390916 0.06684698931368355 0.06709754638837712 0.06765129677863085

cov.inverse():
 30278352.05197377 -39139374.43400027 -3120131.349519228  10305899.21130995  1675804.860732471
-39139374.39905678  118421228.5442683 -92242892.02071956  3500215.221801472  9460021.440393094
-3120131.385674263 -92242891.96084796  195768979.9589379 -110300149.9781903   9894523.93398607
 10305899.20045302  3500215.210098496 -110300149.9474785  131623709.2812976 -35129835.23074804
 1675804.872800907  9460021.427167378  9894523.926991427 -35129835.22259591  14099581.99435135

cov*(cov_.inverse()):
     1.000000000451109 -9.313225746154785e-10   2.91038304567337e-09  4.656612873077393e-10 -4.656612873077393e-10
 2.764863893389702e-10      1.000000000116415  1.513399183750153e-09 -1.862645149230957e-09 -1.164153218269348e-10
 2.182787284255028e-10  1.164153218269348e-09      1.000000000698492  4.656612873077393e-10 -2.328306436538696e-10
 4.365574568510056e-10 -6.984919309616089e-10  2.328306436538696e-09     0.9999999986030161                      0
 2.473825588822365e-10 -4.656612873077393e-10 -3.492459654808044e-10  4.656612873077393e-10     0.9999999997671694
