5
2

7.077294625128634e-05
8.217229441687316e-05
0.0001098869401644019
   0.0165805907742321
   0.5181292243748031

  -0.197985436336843   0.7726631056166013   -0.594483617473733 -0.06147140323391921  0.08126492082820851
 -0.2008125721549794   0.2901305733155755   0.5391638440286476  -0.7543006541395151   0.1258230255121389
  0.5955853518808726  -0.2361243578339391  -0.3927552937993132  -0.4495724559516696   0.4828573933416023
 -0.6061501541342926  -0.2524921206226433 -0.04187728856096378   0.1571679296668833   0.7364606264108498
   0.445349477524025   0.4464403569430903   0.4470806971263611   0.4476992723726076   0.4494875552622659

0.3977317144724044
 0.397818518863547
0.3977921452673966
0.3977759605127482
0.3977236103617112

0.0003061731909918651
   0.3979122288258846

  0.8455961632344144    1.281540218042673    1.017957388170342   0.4757840445691204   -3.620892537970121
   1.545623572456714   0.1165171862070875 -0.08662086937035038  -0.1298897900870594  -0.4456369282677634

-5.303053929110081e-10 -4.295965991899541e-10 -2.609510677331995e-08 -0.0009541325472716898  -0.002875662851426962
 -9.65287232882548e-10 -1.899915828571527e-09   9.30117581366835e-09 -0.0003604920465776539     0.1189736356678032

cov:
0.05334592071696479 0.05341740230778229 0.05345886279013599 0.05349964999901199 0.05361692459961544
0.05341740230778229 0.05352360291160299 0.05358572396271702 0.05364604361861648 0.05382015863001671
0.05345886279013599 0.05358572396271702 0.05366016005854145 0.05373210532657057  0.0539400683401746
0.05349964999901199 0.05364604361861648 0.05373210532657057 0.05381505797130626 0.05405500931375665
0.05361692459961544 0.05382015863001671  0.0539400683401746 0.05405500931375665 0.05438809131947758

cov.inverse():
 43175564.48616762 -50815727.96357343 -11908165.64322403  2687933.843649092  16860318.34727437
-50815727.99035292  136275447.2486379 -60858661.26859364 -33102175.09817649   8499573.85481221
-11908165.61676914 -60858661.30818234  126384314.4254056 -38311578.02233715 -15303788.13829392
 2687933.853821308 -33102175.10704839   -38311578.028611  101755886.8652893 -33030037.69899504
 16860318.33742739  8499573.876492534 -15303788.14515402 -33030037.70396847  22973421.43249127

cov*(cov_.inverse()):
                     1  5.820766091346741e-10 -1.164153218269348e-10 -2.328306436538696e-10 -2.328306436538696e-10
 3.492459654808044e-10     0.9999999988940544  5.820766091346741e-10 -6.984919309616089e-10 -2.328306436538696e-10
                     0 -1.280568540096283e-09      1.000000000116415                      0 -2.328306436538696e-10
 8.149072527885437e-10 -1.629814505577087e-09 -5.820766091346741e-10                      1 -2.328306436538696e-10
 3.492459654808044e-10  -2.91038304567337e-10 -1.164153218269348e-10  2.328306436538696e-10     0.9999999997671694
