5
2

6.586591008670003e-05
8.459758126461408e-05
0.0001183217468082365
  0.01099520172051533
   0.5187407670067913

   0.01900621196012469    -0.1558295989463339    -0.2662434458347494     0.8431076073090161    -0.4400453272639729
    -0.109177560073012     0.6280644804717966    -0.7384955297318502 -2.854171460407829e-05     0.2196351986764445
    0.5837147215195344    -0.5473623857117988    -0.4268204465540349   -0.02976937820784081     0.4202494891297233
   -0.6692041697274429    -0.2863583818829569    0.03889837375308989      0.296497029546756     0.6170422062825958
    0.4462756181825387     0.4468170098543467     0.4472694971031364     0.4476302684963401      0.448073400245557

0.3987294118357735
0.3987875578981138
0.3988981255835902
0.3988925616925539
0.3988816701763347

0.0001008881381149356
   0.3989268349029764

  1.111304109552161   1.917010659445388   3.014470051325405   1.063401538536956  -7.106288574695224
  1.058428640118097  0.4954498441855312  0.2583144612630003 0.02467673392391947  -0.836901131316234

 1.276967794831614e-08 -1.935412473024982e-08 -6.587469531504455e-08 -0.0006340875804711194  -0.001976955698254059
 1.141914786027591e-09 -1.280771635219929e-09 -1.624928255294424e-09 -0.0001631132008970651     0.1198308069545311

cov:
0.05364702358226849 0.05368105563423791 0.05370908223327246 0.05373156921330924 0.05375885485558847
0.05368105563423791 0.05373290810123536  0.0537760457476987 0.05381050473343936 0.05385268603132034
0.05370908223327246  0.0537760457476987  0.0538320417723878 0.05387666682966729 0.05393150570346399
0.05373156921330924 0.05381050473343936 0.05387666682966729 0.05392936056168784 0.05399422244025577
0.05375885485558847 0.05385268603132034 0.05393150570346399 0.05399422244025577 0.05407156929319403

cov.inverse():
 26089781.48536462 -33083964.15671603  -7696510.59524889  2451258.609394484  12239965.83451952
-33083964.15453162  82116210.64962508 -38558440.69928887 -29123190.08045721  18648918.42201978
-7696510.597428021 -38558440.70732779  105556307.8844252 -50831058.47334141 -8470180.378309185
  2451258.60717445 -29123190.05720216 -50831058.50474966  163913340.9697904 -86411265.25377305
 12239965.83673426  18648918.40898791 -8470180.357118787 -86411265.26414622  63993311.24894539

cov*(cov_.inverse()):
     1.000000000232831  1.164153218269348e-10  1.280568540096283e-09 -9.313225746154785e-10                      0
-1.164153218269348e-10      1.000000000698492  9.895302355289459e-10                      0 -4.656612873077393e-10
 1.164153218269348e-10  3.492459654808044e-10     0.9999999995925464                      0 -4.656612873077393e-10
 1.164153218269348e-10  9.313225746154785e-10  1.164153218269348e-09                      1 -4.656612873077393e-10
                     0  2.328306436538696e-10   2.91038304567337e-10                      0     0.9999999995343387
