5
2

7.733594854889868e-05
9.475492960067223e-05
0.0001234416304521197
  0.02321082862036392
   0.5270798896662918

-0.2910267466385107  0.6580328886895221 -0.6584380102027565  0.2017883990171958  0.0896491990273134
  0.204505607063638  -0.298260603016316 -0.2142282752797917  0.7768480850234517 -0.4688617794552229
 0.5693850761339518 -0.3325374810514143 -0.5644122619567569 -0.1468680481405249   0.474434435681226
-0.5936148293671344 -0.4118278346484877 0.04212140277503731   0.363729012289783  0.5864693189000834
  0.443737488670834  0.4448033142816999  0.4474709138837976  0.4493545113510759   0.450663241354952

0.4077873648133572
0.4077455413420787
0.4075406207812837
0.4074021823096699
 0.407276370476591

0.001435784840859182
    0.40815901037804

  0.654290467024857   2.110611336954689 -0.8155336663419405  0.2143710505067239  -2.163781153146355
0.03645597779948589   1.808409356107825 -0.6591216594096604 0.04743209814905311 -0.2327255796307782

 9.477793640624935e-09  7.721976289826058e-09 -1.412659402444289e-08  -0.001337684176191948  -0.004054822112136897
 9.581807480631688e-09 -2.197537817691606e-09     -4.96706745169e-09 -0.0004920827338822232     0.1228097051395054

cov:
0.05489209022953926 0.05496533419779449 0.05514901050619232 0.05527836516242584 0.05536847004696324
0.05496533419779449 0.05505671737182682 0.05528563704290558 0.05544704119258249 0.05555934442253534
0.05514901050619232 0.05528563704290558 0.05562756353721221  0.0558690090381752 0.05603675367357804
0.05527836516242584 0.05544704119258249  0.0558690090381752  0.0561671790320482 0.05637419361334431
0.05536847004696324 0.05555934442253534 0.05603675367357804 0.05637419361334431 0.05660843268242952

cov.inverse():
 40095973.70909765  -51238609.2280297  6069735.302844447  2387148.317108153  2685624.523945672
-51238609.21930918  89564344.68691586 -53009778.86441535 -400179.8834173202  15084728.96437232
 6069735.286931699 -53009778.85453102  98505596.99703471 -35310762.07203491 -16255555.72535261
 2387148.316913113 -400179.8613726269 -35310762.11203994  75439339.91873528 -42115112.22808796
 2685624.531333083   15084728.9411638 -16255555.69137617 -42115112.24624359  40600284.81326236

cov*(cov_.inverse()):
     1.000000000436557  6.984919309616089e-10  1.164153218269348e-10 -4.656612873077393e-10                      0
  2.91038304567337e-11      1.000000000814907 -3.492459654808044e-10 -4.656612873077393e-10                      0
                     0  3.492459654808044e-10      1.000000000465661  4.656612873077393e-10 -4.656612873077393e-10
  2.91038304567337e-11  6.984919309616089e-10 -9.313225746154785e-10                      1                      0
 3.783497959375381e-10 -1.164153218269348e-10  1.164153218269348e-10 -4.656612873077393e-10                      1
