5
2

4.776932380398822e-05
6.566213269771373e-05
0.0001371606272776835
  0.02427138441543088
   0.5713648498804231

-0.02951960909284513  0.09295635884311537  -0.2849524265090599   0.7758732288415909  -0.5543559825808307
 -0.1453592891628056   0.7118440975254567  -0.6290782119490713  -0.1616401221200902    0.224235884827147
  0.7011619990772262  -0.4017121933543572  -0.5466025423818035  0.02953495064586741   0.2176063236961512
 -0.5361397652643551  -0.3521008012232128   -0.156860174583997   0.4125381918001593   0.6275239468068025
  0.4460103954902836   0.4464184535356946   0.4468593337603958   0.4481440958938627   0.4486300219602867

0.4229250366308663
0.4228793108008331
0.4227632916896234
0.4224216324580021
0.4222670533335184

0.001759981317346915
  0.4233480831007262

-2.017072570082903   1.57816730924013  3.805782736261143  1.204619909486922 -4.571847152282052
 10.73085896303996 -4.328625547236726 -4.257140908128181 -16.08477178282267  14.94595070607695

  5.91205932344009e-09 -9.474179637880935e-09 -9.571694802356999e-08  -0.001439294524925939  -0.001856687959944327
-4.625697931897267e-08    1.7195622129344e-08  2.702900479489534e-07 -0.0004818794688643984     0.1463379248444989

cov:
  0.065110049015548 0.06511132176517184 0.06511384965629705 0.06512108406896772  0.0651239378682842
0.06511132176517184 0.06513262797983822 0.06515638002277042 0.06522550832823756 0.06525173220241985
0.06511384965629705 0.06515638002277042 0.06520265984351893  0.0653374579534607 0.06538847703024196
0.06512108406896772 0.06522550832823756  0.0653374579534607  0.0656637994684478 0.06578713518708335
 0.0651239378682842 0.06525173220241985 0.06538847703024196 0.06578713518708335 0.06593778087942881

cov.inverse():
 31415347.88045726 -40173264.67612056  4523381.344604225 -3487023.512019344  7721039.563519965
-40173264.72027914  129892193.3902976 -103798957.3537835  4287989.800719065  9792743.139049739
 4523381.388383782 -103798957.4269521  143251215.1752259 -74160759.09951811  30184917.19457203
-3487023.470534355  4287989.828650298 -74160759.19594064  269911795.6548339 -196551576.0675631
 7721039.522414288  9792743.140127366  30184917.26160647 -196551576.0945689  148852482.7011053

cov*(cov_.inverse()):
    0.9999999995925464  4.656612873077393e-10 -4.656612873077393e-10 -5.587935447692871e-09                      0
-5.238689482212067e-10      1.000000000349246 -1.164153218269348e-09  1.862645149230957e-09 -1.862645149230957e-09
-5.820766091346741e-11 -1.862645149230957e-09     0.9999999993015081 -3.725290298461914e-09                      0
-1.746229827404022e-10  3.492459654808044e-10 -2.095475792884827e-09      1.000000001862645 -1.862645149230957e-09
 5.820766091346741e-11  1.164153218269348e-10 -2.328306436538696e-10                      0                      1
