6
2

5.890024534949783e-05
 6.92260108492708e-05
7.976159957414967e-05
  0.00014089535430972
  0.02279012580868454
   0.5698555026628315

-0.03475248760575616    0.304987734503146  -0.7479801371916035   0.5832723908525618 -0.06898438687494707 -0.03653673783063715
-0.05879118042274174   0.2625134459610536   -0.216599768393557  -0.3527950765782196   0.7699434319209837  -0.4042741318832024
 -0.2478804637014755   0.6898852158503697  -0.0693197693939052  -0.4740152984082849  -0.2869647337101852   0.3882900626064926
  0.6812303741706256  -0.2500786459739796  -0.4471461584561033   -0.375871806229179  0.02952065642874312   0.3623466258144971
 -0.5520024847012244  -0.3659956574313267  -0.1504015582316004  0.05049284576443525   0.3891475212349667   0.6202696882404318
   0.406336771183557   0.4069833055699125   0.4077311718881934   0.4084229507444865   0.4096001039752861   0.4104007273029506

0.3977025796302076
0.3977402079750398
0.3977401344412784
0.3977853481663046
0.3977349069888887
0.3976983400169685

0.0004017979121993603
   0.3979373255290015

0.04263860171430923  0.6837125865172831  0.6709106871773036   2.235225748439702 0.06876206544572158  -3.701249422311236
 0.8576950314285245  0.6054916266356345 -0.3456221369258987  0.3696690962130111  -0.202034094874126 -0.2852252248508117

 3.953016720681013e-09  3.797100828746545e-09 -1.337156560939062e-08  -5.20346353833391e-08  -0.001314487267259165  -0.002850061696956761
 2.266645109984555e-09   6.09735150175083e-11  6.807622835240981e-12   6.73260126298106e-09 -0.0004570355111810942     0.1315790428783545

cov:
0.05377517647596179 0.05380714471535571  0.0538440140903903 0.05387769977300109 0.05393593850490402 0.05397532226931721
0.05380714471535571 0.05385724253392601 0.05391509461837826 0.05396833158841352  0.0540595294945887 0.05412140618274457
 0.0538440140903903 0.05391509461837826 0.05399727937615713 0.05407317710583615 0.05420257987371659 0.05429052946962933
0.05387769977300109 0.05396833158841352 0.05407317710583615 0.05417019944676948 0.05433519908233349 0.05444744405021189
0.05393593850490402  0.0540595294945887 0.05420257987371659 0.05433519908233349 0.05456022695840865 0.05471342802116811
0.05397532226931721 0.05412140618274457 0.05429052946962933 0.05444744405021189 0.05471342802116811 0.05489459343315419

cov.inverse():
  34105496.0963896 -41737196.45050008 -2493324.937847983  4055822.783939621  3439067.827489587  2630353.317307782
-41737196.44244152  119153971.1919387 -79505531.21429242 -14716242.76469763  4621475.753006321  12183359.46383546
-2493324.957243569 -79505531.17314939  181884157.2170064 -96178717.78177869 -17464906.32132684  13757132.89706999
 4055822.772412716 -14716242.75588378 -96178717.74078926  166470743.3971277 -47457469.38795824 -12172468.90036266
  3439067.88619295  4621475.634957943  -17464906.3451781 -47457469.27213328  138062598.9715221 -81201197.31940341
 2630353.281468187  12183359.53998559  13757132.90167975 -12172468.97791116 -81201197.28677608  64802737.72940162

cov*(cov_.inverse()):
     1.000000000058208  6.984919309616089e-10  1.979060471057892e-09  5.820766091346741e-10 -1.862645149230957e-09  4.656612873077393e-10
 8.731149137020111e-11                      1 -3.492459654808044e-10                      0                      0  4.656612873077393e-10
                     0 -3.492459654808044e-10      1.000000000465661  8.149072527885437e-10                      0  9.313225746154785e-10
 -2.91038304567337e-11 -3.492459654808044e-10  3.492459654808044e-10                      1 -1.862645149230957e-09  4.656612873077393e-10
 1.455191522836685e-10 -9.313225746154785e-10  1.164153218269348e-09 -1.164153218269348e-09                      1                      0
  2.91038304567337e-11  3.492459654808044e-10 -2.328306436538696e-10  2.328306436538696e-10                      0      1.000000000465661
