6
2

5.138892766315975e-05
5.852986145189108e-05
6.204372992476583e-05
0.0001157590981001448
  0.01920304126348222
   0.6331824688444877

  0.07159485026993942   -0.3070443630219776    0.6445681595216002   -0.1259125792116713   -0.6048381408089802    0.3216312641849218
0.0003971031612287221   0.03429102670507286   -0.3727824397373167    0.7608768351869137   -0.5208672375257185   0.09808660952626623
    -0.42749231288148    0.7694157296094865  -0.03479021472296451   -0.2789738565091618   -0.2840989729928112    0.2559311613405273
   0.5192623934292885  -0.08487404317527526   -0.5221435283775889   -0.3787686255583788  -0.08158280946618497    0.5480945838363956
  -0.6145394509898129   -0.3738881076917184   -0.0726045509827601    0.1298640020481519    0.3283992067048315    0.5937733804138685
   0.4059952858080664    0.4068800798456838    0.4079822254264945    0.4087245046743234    0.4094558878252144    0.4104352415015504

0.4225026500595012
0.4225088653785823
0.4225522016150247
0.4225316543699856
0.4225066505183273
0.4224771025065896

0.0003387350219241424
   0.4226911096114538

  1.691330661837507   1.408372872808294  0.7327951780954218  -1.223167804449202  -1.235966195666756  -1.373384392101644
  2.720425665874088  -1.595611349606786 -0.4050918033022847 -0.9139526791368384   2.860122370369014  -1.665922354730181

 1.639534208012153e-09 -2.212425934971603e-09  2.602118475221014e-09  2.512162924188135e-09  -0.001106042647103446  -0.004417776272906248
-4.560865796635993e-09 -7.711960672226923e-09 -1.293601643859521e-08  1.285496355526484e-08 -0.0004478275657837211     0.1618807315010115

cov:
0.06622378939681993 0.06631326718563062 0.06642438814259595 0.06649932888056835 0.06657338812969353 0.06667266488117086
0.06631326718563062 0.06642442546454357 0.06656267267374977 0.06665584276540941 0.06674777773481695  0.0668709482166539
0.06642438814259595 0.06656267267374977 0.06673488761252305 0.06685087642424078 0.06696519076233765 0.06711827326292354
0.06649932888056835 0.06665584276540941 0.06685087642424078 0.06698220924680931 0.06711156077988756 0.06728474922657458
0.06657338812969353 0.06674777773481695 0.06696519076233765 0.06711156077988756 0.06725566919267693 0.06744857178204877
0.06667266488117086  0.0668709482166539 0.06711827326292354 0.06728474922657458 0.06744857178204877 0.06766783804855478

cov.inverse():
 69538255.18786702 -97054891.71799834  1061968.425378303   12977981.8642892  11930251.32905874   1546904.72432921
-97054891.63639924  190370153.0341186 -82321015.09771229 -31105964.86534869  8841064.969393641   11269162.2550588
 1061968.257238847 -82321014.75817838   218550713.471244 -96249445.03317764 -85201897.08929871  44159820.72076572
 12977981.93181132 -31105965.11737434 -96249444.72729382   205922357.519866 -63953992.16494112 -27589524.55690106
 11930251.33568489   8841064.92891819 -85201897.15151416 -63953992.00840521   239188106.925263 -110802944.6487744
 1546904.736720378  11269162.28962465  44159820.64849621 -27589524.59205876  -110802944.588305  81415470.41408597

cov*(cov_.inverse()):
     1.000000000203727 -2.328306436538696e-10  1.862645149230957e-09 -1.862645149230957e-09  9.313225746154785e-10  9.313225746154785e-10
 1.193257048726082e-09     0.9999999987194315 -4.656612873077393e-10 -1.629814505577087e-09  9.313225746154785e-10  9.313225746154785e-10
-5.820766091346741e-10 -6.984919309616089e-10       1.00000000372529 -1.629814505577087e-09  9.313225746154785e-10  9.313225746154785e-10
-8.003553375601768e-10 -3.492459654808044e-10  9.313225746154785e-10     0.9999999993015081  9.313225746154785e-10 -9.313225746154785e-10
 3.055902197957039e-10 -1.164153218269348e-10 -1.862645149230957e-09 -2.328306436538696e-10      1.000000001862645 -9.313225746154785e-10
 4.656612873077393e-10                      0  9.313225746154785e-10                      0                      0                      1
