5
2

6.686718117579264e-05
7.617834270791564e-05
0.0001438719305466418
  0.01699893510971462
     0.51899671394005

 0.02654804309946741  -0.5775972783821637   0.7953577668574466 -0.08189196323496682  -0.1624078645576163
-0.02595667812102152   0.2430268512801738   0.1813089022647812  -0.8426346589045962    0.444250057951646
  0.4627638875160989  -0.6219475938511796  -0.3610741077728161 0.001939895671035019    0.518316988352269
 -0.7658217400954173  -0.1444893564373544  0.06318826566745887    0.287225964625354   0.5533067653666636
  0.4449585363567321   0.4467922894829425   0.4473989678542847   0.4480602861447086   0.4488481865004114

0.3992077059918979
 0.399376228175813
0.3993665488505251
0.3993620204843616
0.3993571917797508

6.685625350145603e-05
   0.3994011477126576

 0.8480978758221756   1.604025445726314   1.352255330797089   1.822685001392631  -5.627015418343107
  1.142712580441225  0.2620158641375898 0.04253769346543351  0.1765296675756515 -0.6238018148493052

 4.185820573777223e-09 -1.986226823669332e-08 -8.293018285542874e-08 -0.0009783600262107568  -0.002685676329112071
-1.413901195437008e-12  -2.22925111229716e-09  5.692694271934612e-10 -0.0003481246869182617     0.1195035449446271

cov:
0.05349907380901355 0.05358134644567854 0.05360810334577247 0.05363778945882779 0.05367334410448177
0.05358134644567854 0.05377610685310708 0.05384044072338115  0.0539106704084381 0.05399437768721318
0.05360810334577247 0.05384044072338115 0.05391734659905058 0.05400112609075654 0.05410093181463707
0.05363778945882779  0.0539106704084381 0.05400112609075654 0.05409953956492763 0.05421670793489496
0.05367334410448177 0.05399437768721318 0.05410093181463707 0.05421670793489496 0.05435451702282761

cov.inverse():
 10621625.50520374 -18420833.34875692 -4161088.052496529  3325365.940102735  8635006.715463109
  -18420833.347794  103480031.7279286 -84303099.00847699 -24767817.99392601  24010397.80738578
-4161088.057971514  -84303098.9944706  153444535.5317139 -40927670.84182027 -24051283.51338062
 3325365.947662753 -24767818.01495552 -40927670.83222131  123853622.6712749 -61482859.77800766
 8635006.712415176  24010397.81537178 -24051283.51444803  -61482859.7818784  52887967.44114497

cov*(cov_.inverse()):
                     1                      0  4.656612873077393e-10                      0                      0
                     0     0.9999999993015081  4.656612873077393e-10 -4.656612873077393e-10                      0
                     0 -2.328306436538696e-10     0.9999999995343387 -4.656612873077393e-10                      0
                     0 -4.656612873077393e-10 -9.313225746154785e-10     0.9999999995343387 -4.656612873077393e-10
                     0  2.328306436538696e-10 -2.328306436538696e-10  4.656612873077393e-10                      1
