6
2

4.768787102500551e-05
5.958428975708763e-05
9.124361953268129e-05
0.0001643834128154839
  0.02248669431219364
    0.632044207277539

-0.002954755093162086   0.02433141537077117   -0.1914561888181446    0.7055993141326915   -0.6686880365429558    0.1331529086855707
  0.04650565863983695   -0.4677189682048172    0.7823964304544101   -0.1379141296300676   -0.3596151097790979    0.1363403160295679
  -0.3520833477310646    0.6781094686925202    0.1296690334902877   -0.4013523668369965   -0.3712930753017958    0.3169361707678782
   0.6351815858966994   -0.1623337324097564   -0.3803743508773422   -0.3796906663776154   -0.2028662252828226    0.4900895407571288
  -0.5527001413967836   -0.3590509495245807   -0.1533376745351801    0.1042175969318719    0.2774575359474595    0.6739796251737333
   0.4061190909388899    0.4068718132832985     0.407663103422308    0.4086554401126528    0.4093132605001854    0.4108488672050403

0.4225093969322604
0.4225636160879557
0.4225757414746742
0.4226317836214583
0.4226160781665807
0.4225814366944873

0.0002345080773144489
   0.4227282595603179

   0.2142435997664447     1.480166117152359     1.459562235393331    0.1417129912383659     -1.30642321398454     -1.98929664703786
    1.782214386365457    0.2790566154925503    -1.599042193306974    0.6940847331565655 -0.002562295249927626   -0.1535557644244332

 1.056655007271211e-09  2.267433854532604e-09  7.619837818867107e-09 -3.845457163497315e-08  -0.001295543049191916  -0.003942417373341614
 1.770828855415302e-09 -5.021741254928523e-09 -8.091386932204162e-09  3.666035909445417e-08 -0.0004408778868732225     0.1617755946482715

cov:
0.06604177864472684 0.06610976098003968 0.06618064368912291 0.06626965833531794  0.0663279676785976 0.06646629148337029
0.06610976098003968  0.0661969585530979 0.06628822013637425 0.06640274989411894 0.06647821728863987 0.06665582000215829
0.06618064368912291 0.06628822013637425 0.06640113942541384  0.0665427714568784 0.06663646558430315 0.06685579420684369
0.06626965833531794 0.06640274989411894  0.0665427714568784 0.06671834629800688 0.06683486057853089 0.06710643526571258
 0.0663279676785976 0.06647821728863987 0.06663646558430315 0.06683486057853089  0.0669667286961582 0.06727344245315632
0.06646629148337029 0.06665582000215829 0.06685579420684369 0.06710643526571258 0.06727344245315632 0.06766062092850393

cov.inverse():
  30434015.1571975 -38651207.66950192 -3927250.887978829  5324781.399881522  7091349.514627101  -270989.174337672
 -38651207.6944439  118086121.5513082 -92275397.38712141 -4691198.735244587  11198117.38093898  6332987.565723047
-3927250.822111808 -92275397.54107626  195913451.4934701 -90702767.52480499 -25881785.81859785  16873462.02423302
 5324781.358067786   -4691198.6689673 -90702767.68614453  248968564.2938463 -172755512.9889539  13852193.49663373
 7091349.502262071  11198117.52976334  -25881785.7840845 -172755513.2822778  251129634.4857169 -70776122.72304597
-270989.1610840454  6332987.479637702   16873462.0629711  13852193.65307611 -70776122.84539717  33986911.77946514

cov*(cov_.inverse()):
    0.9999999999563443 -6.402842700481415e-10  2.328306436538696e-10  2.328306436538696e-10 -4.656612873077393e-09  9.313225746154785e-10
 5.093170329928398e-10     0.9999999985448085  2.095475792884827e-09 -1.164153218269348e-09 -3.725290298461914e-09  4.656612873077393e-10
-1.455191522836685e-10 -8.149072527885437e-10      1.000000000698492 -8.149072527885437e-10 -3.725290298461914e-09  1.396983861923218e-09
-1.127773430198431e-10 -3.492459654808044e-10 -2.328306436538696e-10     0.9999999986030161  1.862645149230957e-09                      0
-2.546585164964199e-11  9.895302355289459e-10 -1.396983861923218e-09 -5.820766091346741e-10     0.9999999972060323  9.313225746154785e-10
 4.365574568510056e-11 -2.328306436538696e-10                      0 -3.492459654808044e-10 -1.862645149230957e-09      1.000000000465661
