5
2

6.525694561959485e-05
8.896680254170341e-05
0.0001067789073995612
  0.01698519917506963
   0.5204645957256092

 -0.3839798009322056   0.8331739402745056  -0.3805437762463476  -0.1091976807878756    0.040533919058449
  0.2474804148073082  -0.1323655914956643  -0.7229946717469988   0.6308590288474812 -0.02298662267206986
 -0.5008048638521546  0.03845464605758719   0.3630971120426857   0.6023261076435995  -0.5030700506050652
 -0.5848902155377962  -0.2960093073017853 -0.02646672216402718   0.1638503782921401   0.7367051594160873
  0.4454333629994968   0.4463185696593412   0.4471298903336398   0.4477153848334849   0.4494603974298848

0.3976935317886691
 0.397688078072438
0.3977263222858155
0.3977026635934435
0.3976212489999182

0.0004678039244666386
   0.3979040754857172

  1.335522058608262  0.6408903131314948  0.8659645395207638  0.5335351887950471   -3.37595754269572
  1.718293820036394 -0.2915826088555151  0.1423005426644143 -0.1179238343842233 -0.4511283769250596

 -2.14405138291611e-09  2.673981866062294e-10  1.926829144037903e-08 -0.0009789937448418864  -0.002806716881468648
-4.097880928511162e-09  2.350257063722741e-09 -7.572497931857326e-09 -0.0003675852022433741     0.1200860855691954

cov:
0.05384491089763162 0.05390296906889872 0.05395538003813923  0.0539939130105403 0.05410780891087268
0.05390296906889872 0.05398532597089942 0.05406039298788649 0.05411492643106192 0.05427697915604874
0.05395538003813923 0.05406039298788649  0.0541566087785617 0.05422606353285786 0.05443304441840887
 0.0539939130105403 0.05411492643106192 0.05422606353285786 0.05430607615456094 0.05454477706530485
0.05410780891087268 0.05427697915604874 0.05443304441840887 0.05454477706530485 0.05487899416848092

cov.inverse():
 64359154.98380344 -80953179.68325761 -4241204.620651236  3114558.443894827  17721534.16831571
-80953179.72007909  165354936.0592403 -61138367.60994785 -29883318.67162454  6617453.570049468
-4241204.582181977 -61138367.63817645  111610218.8089309 -28685455.88240176 -17543215.27614302
 3114558.459024637 -29883318.71896461 -28685455.84454279  84901177.96062908 -29447055.71779539
  17721534.1515389  6617453.608796432 -17543215.30376167 -29447055.71214763  22651033.43610986

cov*(cov_.inverse()):
     1.000000001280569  1.455191522836685e-09  2.328306436538696e-10 -6.984919309616089e-10  2.328306436538696e-10
 8.149072527885437e-10      1.000000002386514 -4.656612873077393e-10 -2.328306436538696e-10                      0
 9.313225746154785e-10   1.33877620100975e-09      1.000000000814907 -9.313225746154785e-10                      0
 1.280568540096283e-09  1.222360879182816e-09  3.492459654808044e-10      1.000000000465661  4.656612873077393e-10
 6.984919309616089e-10  6.984919309616089e-10                      0 -4.656612873077393e-10      1.000000000232831
