6
2

4.472889717687258e-05
5.975244438591908e-05
8.413309390217345e-05
0.0001519184245235168
  0.02433212979107028
   0.6326122842074277

  0.005068675335851354   -0.01080494285928583   -0.01485647540110095     0.5027504700346453    -0.8026105569769121     0.3204607707473072
   0.04452426541300869    -0.4548495330909156     0.7394438242882039    -0.4016075618481626    -0.1643051757729019     0.2367857644349719
   -0.2739056342674348     0.6311703701208641    -0.0715229751821758    -0.5466662596339351    -0.1766336612595973     0.4375393487527806
    0.6634758154482862    -0.2847678358362608    -0.4938859645698757     -0.279977440902651 -0.0003102440298924321      0.395469736292794
   -0.5639972974819433    -0.3849871657252763    -0.1948873156083969     0.2033134287121093     0.3600993610536587     0.5698271358481527
    0.4058010504971891     0.4065849004060845     0.4074090918200267      0.409127870005318      0.409815820425305     0.4107279359790117

0.4225845632456545
0.4226347152509749
0.4226419335148828
0.4226726557450255
0.4226542251627645
0.4226288163760966

0.0002914477431944334
   0.4228110822562046

  0.203919593006355   1.478605632794645   1.538897429005403 -0.9978117448939654 -0.4097145762158314  -1.813916878646883
  1.770318721668612  0.4295795125056432  -1.654629928871853   -1.58723967052072   4.093075055907287    -2.0509363299916

-1.584340974129137e-09  1.831598203268053e-09  4.186932532106511e-09  -3.42417155031203e-08  -0.001402093748121106  -0.004112490453639533
-9.426100309053704e-09 -6.643631139360037e-09 -6.002946589900786e-09  3.465273631903934e-08 -0.0005084806477526675     0.1619172493737135

cov:
0.06609079077414365 0.06615829799079517 0.06622866837343915 0.06637483789068203 0.06643421190510321 0.06651231376237077
0.06615829799079517 0.06624505064177409 0.06633582494402297 0.06652473059680196 0.06660093299331987 0.06670154316272801
0.06622866837343915 0.06633582494402297 0.06644827626142004 0.06668256243230609 0.06677663569001993 0.06690114811991639
0.06637483789068203 0.06652473059680196 0.06668256243230609 0.06701191682703557 0.06714342429749434 0.06731800807666778
0.06643421190510321 0.06660093299331987 0.06677663569001993 0.06714342429749434 0.06728968129062061 0.06748398584792249
0.06651231376237077 0.06670154316272801 0.06690114811991639 0.06731800807666778 0.06748398584792249 0.06770467460392869

cov.inverse():
 30241153.85745598 -38309503.88693468 -2246646.466903778  9370379.075669171  2743397.117090835 -1798007.095156114
-38309503.92275105  117799066.6234114 -94405653.48279986  3156949.165354121  9519855.837842084   2238596.96440553
-2246646.391549632 -94405653.52420141  164545708.4363356 -75393755.86717863 -26277402.10731451   33776056.4121608
 9370379.015527138  3156949.132267741 -75393755.63355047  217126628.7421255 -169561345.8780022  15305489.16040397
 2743397.110492912  9519855.852985064 -26277402.29669162 -169561345.5019173  333952448.1645772 -150379286.2398456
-1798007.067954983  2238596.987933646  33776056.40186563  15305488.92472138 -150379286.0446012  100856763.7100037

cov*(cov_.inverse()):
      1.00000000030559 -1.251464709639549e-09  9.313225746154785e-10 -9.313225746154785e-10  1.862645149230957e-09 -1.862645149230957e-09
 2.473825588822365e-10     0.9999999977007974  4.190951585769653e-09 -3.492459654808044e-10                      0 -9.313225746154785e-10
 2.473825588822365e-10  -2.12457962334156e-09      1.000000001396984 -2.328306436538696e-09                      0                      0
 -2.91038304567337e-11 -9.313225746154785e-10  3.725290298461914e-09      1.000000000349246 -1.862645149230957e-09                      0
 3.201421350240707e-10 -1.688022166490555e-09  2.793967723846436e-09  4.656612873077393e-10     0.9999999981373549  9.313225746154785e-10
 1.455191522836685e-10  -2.91038304567337e-10  4.656612873077393e-10 -2.095475792884827e-09                      0                      1
