6
2

 5.98226840467749e-05
6.763153048877707e-05
8.306669621134244e-05
0.0001432257172444329
  0.02137973557788522
   0.5694003915303464

-0.04082149309958624   0.3300284778807851  -0.7580730610777043   0.5568852266701764 -0.02469304642108686 -0.06331778053631147
 0.05663986071295556  -0.2762046992320198   0.2804205139945756   0.5329410853538806  -0.7336721583053073   0.1398791953831765
 -0.2770899703516906   0.6913174062205156  0.04575002329157295  -0.3489657940125905  -0.4525405372598025    0.341523446196056
  0.6682526293211153  -0.2118215804649992  -0.4031324615336233  -0.3305058204548958  -0.1763552342181147   0.4535625578923794
 -0.5536537815011736  -0.3553082567259618   -0.125426131252053  0.08914882442754987   0.2406982981354632   0.6968562512518842
  0.4065127228573586   0.4071364298586516   0.4078590550975947   0.4085265085843492   0.4090056727739282   0.4104372987857867

 0.397759153297664
0.3977955272742243
0.3977936768554403
0.3978372748342162
0.3978155551011245
0.3977440568892009

0.000422303947728137
   0.397996665283351

 0.07742930378831747   0.6770364941364372   0.3929742846904849    1.652142611433684     1.23196331890323   -4.031551817716442
  0.8555522503163118   0.6153614179671905  -0.3613738222057118   0.2949414487986097 0.001239019362868909  -0.4057572934900592

 3.819528926588253e-09 -3.017528221830554e-09 -1.411999304645061e-08 -5.829876954815974e-08  -0.001233378393135329  -0.002747692206420366
 2.261841023504016e-09 -5.640851413545239e-10 -4.847204156251445e-10  6.263317641571679e-09 -0.0004128280172317962     0.1314373565107116

cov:
  0.053717791743057 0.05374978561848297 0.05378684870717194 0.05382051676943678 0.05384531901690799 0.05391857168297796
0.05374978561848297 0.05379991145119354 0.05385795917323383 0.05391121349143096 0.05394985014951699 0.05406474122716977
0.05378684870717194 0.05385795917323383 0.05394034092425976 0.05401629562067331 0.05407096788175187 0.05423412268822313
0.05382051676943678 0.05391121349143096 0.05401629562067331 0.05411344808511172 0.05418308443211111 0.05439128895008794
0.05384531901690799 0.05394985014951699 0.05407096788175187 0.05418308443211111 0.05426330249696183 0.05450332493937792
0.05391857168297796 0.05406474122716977 0.05423412268822313 0.05439128895008794 0.05450332493937792 0.05483913983416768

cov.inverse():
 34063964.94202398 -41846215.58379795 -2850041.641850236   3494111.90636444  3624302.857878675  3514062.826844761
-41846215.60777239  118564095.6550759 -78095452.89775839 -12376723.11097392 -1493123.300931362  15247421.99259999
-2850041.595320568 -78095452.93014763  185997094.6371489 -81108366.15122712 -39283591.93867535  15338795.13617046
 3494111.943408826 -12376723.26396102 -81108365.92453642  171725311.2158334 -63597778.60230042 -18134543.12007366
 3624302.779949842  -1493123.10445617 -39283592.18782702 -63597778.44498569  149047248.6686764 -48297370.20244266
 3514062.845174077  15247421.95752558  15338795.17277374 -18134543.16663954 -48297370.17573549  32331327.07589531

cov*(cov_.inverse()):
    0.9999999999126885  1.280568540096283e-09  4.656612873077393e-10 -1.164153218269348e-10  1.396983861923218e-09  2.328306436538696e-10
                     0      1.000000001280569  1.862645149230957e-09                      0  9.313225746154785e-10                      0
  2.91038304567337e-10  5.820766091346741e-10      1.000000001629815 -1.164153218269348e-09  4.656612873077393e-10 -2.328306436538696e-10
 4.365574568510056e-10                      0  9.313225746154785e-10     0.9999999998835847 -4.656612873077393e-10  2.328306436538696e-10
-1.455191522836685e-10  6.984919309616089e-10  2.328306436538696e-09  6.984919309616089e-10      1.000000000465661  4.656612873077393e-10
  2.91038304567337e-11  3.492459654808044e-10  3.492459654808044e-10  1.164153218269348e-10  4.656612873077393e-10      1.000000000232831
