5
2

4.252109848636901e-05
8.885399464300297e-05
0.0002009273730231098
  0.02269294688503401
   0.5241391033422294

-0.003324956233087873    0.2986239785181793   -0.7986442234823836    0.5221367676282375  -0.01879532678562621
  -0.6084056479905063     0.736094403839043   0.09624679196542774   -0.2757842605596146   0.05183814034130822
   0.2682202238931595   0.01119960359959325    -0.385031086517403   -0.5693331973654693    0.6749394440738776
  -0.6001848582144592   -0.4128718191507176   0.06628830474540179    0.3546658693111485    0.5823512502957426
   0.4445982002033889    0.4454213487488068    0.4475051758402276    0.4487628204761411    0.4497591700112479

 0.397793087132871
0.3979160549878933
0.3981094594760735
0.3982056123426853
0.3983109175730403

-0.0007235636373445761
    0.3978791410516295

 0.2397857793745839  0.7508364496133065   5.983000246699078  -6.873115072473353 -0.1006825816409549
  1.816895372096608  -1.556123462804882   2.811223615213386  -2.376019036250975   0.304025871279592

-1.472051747226087e-08  2.268181079997739e-08   6.51690349762551e-08  -0.001315029049610255  -0.003079887486692657
-7.163877393166967e-09 -1.033667482867453e-08  3.816901035827172e-08 -0.0004775239761631022     0.1217469045699064

cov:
0.05448909693476655 0.05453173355726403 0.05463815527030676 0.05470263389664773 0.05475396840963905
0.05453173355726403 0.05459264174912925 0.05474575146925855 0.05483833024272616 0.05491184299895543
0.05463815527030676 0.05474575146925855 0.05501830007461784 0.05518275905510503 0.05531300376177965
0.05470263389664773 0.05483833024272616 0.05518275905510503 0.05539048389881754 0.05555487392221146
0.05475396840963905 0.05491184299895543 0.05531300376177965 0.05555487392221146 0.05574629690827751

cov.inverse():
 48673655.95523048 -57199056.42225384 -8506390.396907508  16509320.73006356  523273.4609102995
 -57199056.3868479    117955267.73849 -123040657.7011606  60367257.59589049  1915592.011311853
-8506390.495050527  -123040657.579553  357620391.4555945 -228569022.8322271   2497261.76909625
 16509320.79775323  60367257.50413903 -228569022.8103891  168448150.1117364 -16756354.60874505
 523273.4559575989  1915592.016861215  2497261.770724596 -16756354.61097014  11820105.87747565

cov*(cov_.inverse()):
     1.000000000167347 -1.164153218269348e-10 -6.111804395914078e-10  2.444721758365631e-09  1.164153218269348e-10
-3.601599019020796e-10     0.9999999994615791 -3.346940502524376e-09  2.561137080192566e-09                      0
-2.110027708113194e-10 -1.455191522836685e-11     0.9999999997089617  1.746229827404022e-09  1.164153218269348e-10
 -4.69299266114831e-10   2.91038304567337e-11 -2.881279215216637e-09      1.000000000465661                      0
-4.729372449219227e-11 -4.365574568510056e-11 -5.238689482212067e-10  3.492459654808044e-10                      1
