5
2

4.957488275944147e-05
5.907830259898636e-05
0.0001637423050756579
  0.02201625738618364
   0.5775833658286299

  0.01153312185213039    0.2178640104988351   -0.4887552822509857    0.7127255923247776   -0.4533682434255426
 -0.09888910709289854    0.7040812008895835   -0.5143204885723185   -0.3814713265773768    0.2905936494252394
   0.6192910961927929   -0.4514999494917775   -0.5290445595495107 -0.003057436125267898    0.3643196946099066
  -0.6396316967563277   -0.2321155562259132    -0.131253625878015    0.3807298325959738    0.6122180504753777
    0.444339692442239    0.4461783271855582    0.4466285355991367    0.4489290631050449    0.4499697607155742

0.4218681726887876
0.4219449643406963
0.4220213222498443
0.4219872251145991
0.4219727986856566

0.000172571395820151
  0.4220799950704299

 0.7342317690113915   2.611256900738812 -0.3942789866179064  -0.933114886049588  -2.018079340398038
  1.908138744711803  -1.370355432109793   -0.53695617562247   3.220467759948127  -2.221077279220089

 2.506702073967718e-09  6.066852342467903e-09 -3.346244369154513e-08  -0.001267419775326892  -0.003916080749167839
 8.081237237835259e-09 -9.602766192554109e-09  3.392877141919769e-08 -0.0004680429315292688     0.1477735507468684

cov:
0.06606406125312507 0.06621024319202592 0.06624570680421023 0.06642799420697268 0.06651049513596585
0.06621024319202592 0.06643808242660741 0.06649374383710893 0.06677856000135605 0.06690741574620478
0.06624570680421023 0.06649374383710893 0.06655441050857207 0.06686459898403649 0.06700492674376506
0.06642799420697268 0.06677856000135605 0.06686459898403649 0.06730362112688612 0.06750219722087171
0.06651049513596585 0.06690741574620478 0.06700492674376506 0.06750219722087171 0.06772711751549003

cov.inverse():
 17161132.10135772 -29354761.87922509  58993.15864723019  14081714.52762366 -1946689.071270817
-29354761.81578131  168949240.5129767 -138170424.6370026 -13721536.87172387  12296045.77242015
 58993.09098463831 -138170424.5031826  183427574.9296167 -85465738.57790983  40150480.28463924
 14081714.51352769 -13721536.95842253 -85465738.45570958  248384973.5504403 -163278987.1966865
-1946689.052956378  12296045.78874164  40150480.22859824 -163278987.1752814  112778902.9454126

cov*(cov_.inverse()):
    0.9999999998835847  1.280568540096283e-09  1.862645149230957e-09 -1.862645149230957e-09                      0
-2.619344741106033e-10      1.000000002444722 -4.656612873077393e-10 -1.862645149230957e-09  1.862645149230957e-09
 -2.91038304567337e-10  3.026798367500305e-09     0.9999999981373549 -1.862645149230957e-09                      0
-1.455191522836685e-10  8.149072527885437e-10  4.656612873077393e-10     0.9999999981373549  9.313225746154785e-10
-8.731149137020111e-11 -1.164153218269348e-10 -9.313225746154785e-10                      0     0.9999999990686774
