5
2

5.534359256706662e-05
6.146502726599961e-05
0.0001152759095667458
  0.01790420022897932
   0.5777318317622548

  -0.1261331675565238    0.3792924792222681   -0.7149677599450026    0.5643822393446885   -0.1025740191231851
  -0.4031380265681154    0.7345434530164086    0.0266814863978412   -0.5204399686517586    0.1623452631857653
   0.5265967667994946  -0.09274938603839195   -0.5367322401276762   -0.4072135249642045    0.5100872906469774
  -0.5883581206130338   -0.3302201104789191 -0.007104295488305986    0.2100269493918726    0.7075504293396676
   0.4450850735330728    0.4460217044729423    0.4471881392836449     0.447974053442164    0.4497843171829575

0.4225874310010437
0.4225964453647564
0.4226431034154599
0.4226246917132718
0.4225754402150893

0.0003056614704821369
   0.4227691576094658

  1.751514264475696   1.446743018292575  0.3284284137652216  -1.586118388269527  -1.940591553885507
  2.577857235903309  -1.744020848731986   0.743525245205914 -0.2459254039367783 -0.3314819658232195

 -1.84731585894894e-09  3.308690928979731e-09  3.559957096001186e-09   -0.00103117497115263  -0.003894007636055354
-4.971225684865395e-09 -8.410766534084273e-09  1.396935471000963e-08  -0.000395015623970786     0.1477706946492929

cov:
0.06623185558964498 0.06632230727187202 0.06643464768668615 0.06651045076683687 0.06668555023341813
0.06632230727187202 0.06643442315200893 0.06657386459137704 0.06666787928377091 0.06688470851421439
0.06643464768668615 0.06657386459137704 0.06674723606578888 0.06686404319424047 0.06713310475618603
0.06651045076683687 0.06666787928377091 0.06686404319424047   0.066996175981675 0.06730033942485304
0.06668555023341813 0.06688470851421439 0.06713310475618603 0.06730033942485304 0.06768495915749005

cov.inverse():
 69081382.60379501 -97676194.41168593  5326242.095815779  16156082.82638565  7112906.051945577
-97676194.47091253  190433609.8590143 -79603371.98153792 -28457044.32499685  15301546.33235609
 5326242.106340094 -79603371.94444449  188760426.5307545 -118970222.1135736  4487374.877341961
 16156082.93480991 -28457044.53255451 -118970222.0087857   188168046.398101 -56895493.67902125
 7112905.992225253  15301546.44359129  4487374.820173188   -56895493.673368  29992898.47851232

cov*(cov_.inverse()):
    0.9999999993597157                      0 -4.074536263942719e-10  4.656612873077393e-10 -4.656612873077393e-10
-1.688022166490555e-09     0.9999999997671694  4.656612873077393e-10  9.313225746154785e-10 -2.328306436538696e-10
-1.513399183750153e-09  1.164153218269348e-10      1.000000000116415 -1.396983861923218e-09 -2.328306436538696e-10
-9.313225746154785e-10  3.492459654808044e-10 -6.984919309616089e-10     0.9999999990686774  2.328306436538696e-10
-6.984919309616089e-10 -3.492459654808044e-10  -2.91038304567337e-10 -4.656612873077393e-10                      1
