6
2

4.868587671511733e-05
 5.44876096026498e-05
6.355472598743256e-05
0.0001139022326299991
  0.01943863246198464
   0.6330018762942737

  0.04862771165401659   -0.2919142832010845   0.06520512159816051    0.5338917141306125   -0.7069752940142089    0.3511627262054723
   0.1864579847189981   -0.6800232040316004    0.6494739718846855   -0.2381374693190218    0.1433282073739615  -0.06109821957107813
  -0.3307739553452912    0.4329551088942863     0.480302357349316   -0.4907235071560969   -0.3830970140892248    0.2913335322145363
   0.6269155223355528  -0.07551399578759269   -0.3748463303237333    -0.500735710553008   -0.1185227820234376    0.4426972907712018
  -0.5434537726332231    -0.305648241430576   -0.1913625620282855 -0.007680732470791141    0.3886282727144715    0.6507892065567489
    0.406315494320009    0.4071623212856488    0.4075685169185562    0.4082222156364285    0.4096340466914354    0.4105715987128943

0.4224225228298953
0.4224302249140987
0.4225021614133248
0.4224800907841295
0.4224394815062973
 0.422412254322201

0.0003029890907152529
   0.4226019586916122

  1.828837520307828   1.595463773399218 -0.7907751792583879  0.4476862059031667  -1.429078174264279  -1.652130640774907
  2.843003035219104  -1.218336831368901  -1.600080586042078  0.1085868216423286   3.178844961772346  -2.312046371563807

 5.707792118660486e-10 -4.358447804982145e-09 -1.807601716102746e-09  6.957520518262625e-09  -0.001120062247577115  -0.004230840758643227
-6.190623028494554e-09   2.64353407636493e-09 -1.688818220386616e-08  1.322583737067572e-08  -0.000429462004038068     0.1619526274270241

cov:
0.06626265681682143 0.06635168572982246 0.06639434702054027 0.06646305465407208  0.0666115319006881 0.06671034104896728
0.06635168572982246 0.06646238180934422 0.06651544949703346 0.06660088415139763 0.06678544858187582 0.06690812956849931
0.06639434702054027 0.06651544949703346 0.06657352533517903 0.06666699570411254 0.06686890313694717 0.06700305592424344
0.06646305465407208 0.06660088415139763 0.06666699570411254 0.06677339280976741 0.06700317287603706 0.06715576495687081
 0.0666115319006881 0.06678544858187582 0.06686890313694717 0.06700317287603706 0.06729310472312879 0.06748548538413897
0.06671034104896728 0.06690812956849931 0.06700305592424344 0.06715576495687081 0.06748548538413897 0.06770419668195821

cov.inverse():
 70089813.67800795    -87800330.50608 -15318329.28474112  11986291.82873374  20142082.33891217  900514.1751196119
-87800330.44158822  238556529.6669498  -103126859.288985 -60891136.25299562  13863888.18694885 -602427.6131995592
-15318329.43376457 -103126859.0823547  211815382.7499993 -81292278.55076721 -30223747.16396884  18145813.00936239
 11986291.92244921 -60891136.35181537  -81292278.6489531  218299964.4360185 -119619142.3610544  31516337.20434669
 20142082.34696103  13863888.06517451 -30223746.84238215 -119619142.6100667  255201311.0005552 -139363265.2384915
 900514.1578870039  -602427.534744754   18145812.8435702  31516337.35006729 -139363265.2796421  89402192.70861325

cov*(cov_.inverse()):
     1.000000001105946 -1.091393642127514e-09 -6.984919309616089e-10  1.396983861923218e-09  3.725290298461914e-09 -9.313225746154785e-10
 3.492459654808044e-10      1.000000001651642 -2.793967723846436e-09                      0                      0 -9.313225746154785e-10
-5.893525667488575e-10 -1.353328116238117e-09      1.000000001629815 -9.313225746154785e-10  5.587935447692871e-09  9.313225746154785e-10
 3.856257535517216e-10 -5.311449058353901e-10 -1.164153218269348e-09                      1                      0  1.862645149230957e-09
 1.091393642127514e-09 -5.020410753786564e-10  1.164153218269348e-09 -3.725290298461914e-09       1.00000000372529 -9.313225746154785e-10
 7.930793799459934e-10  5.020410753786564e-10  2.328306436538696e-10 -1.396983861923218e-09  1.862645149230957e-09                      1
