6
2

6.575847233734075e-05
6.934946736980841e-05
8.733148198192115e-05
0.0001529223830740714
  0.02111521782814958
   0.5667361758161258

-0.006646184892487116    0.1086509611877981   -0.6272358039401452    0.7501410430623046   -0.1704347309670237  -0.05446522843520166
  0.02509439391827013   -0.1913554789779454    0.4748944978455152    0.2617564654833373   -0.7882059319395563    0.2178153566854683
  -0.3154454104538665    0.7873527110456183   -0.1483737582675968   -0.2912384398680602   -0.3104429438184242    0.2781375182653794
   0.6449385292417024   -0.1819084575688882   -0.4302600207118273   -0.3328245896318672   -0.1740489775061722    0.4741040678025767
  -0.5645207720912038   -0.3644808601540322  -0.08641914489754483   0.07941493890860934    0.2360688377462972    0.6920740590264594
   0.4064368143032094    0.4070832511335837     0.407975165912583    0.4085011621143908    0.4090073926508085    0.4104733364450727

 0.397722789810802
0.3977662000950078
0.3978514980296667
0.3978258204976318
0.3978088751160991
0.3977564839787713

0.0003164910654078084
   0.3979486957494439

-0.07059062546593377   0.5887603995102306    1.020081919370841    1.479658813820804    1.083755560191268   -4.101655834104181
  0.9739611857545174   0.2837023837721571  0.06714815418404883  0.05504392315199218 0.002340843067580978  -0.3821850165575634

 2.478823385057307e-09 -4.762787372404692e-09 -1.200247392712448e-08 -7.523580736647888e-08  -0.001216373825767457  -0.002814270760936963
 1.900096132539094e-10 -3.301208085613687e-10 -1.654085260565471e-09   8.13159583218305e-09 -0.0004095621416304346     0.1301799079514937

cov:
0.05319973874992498 0.05323376302002717 0.05328020903744952 0.05330713684578535 0.05333379555757475 0.05341040001620261
0.05323376302002717  0.0532857882709102 0.05335721519317245   0.053399040493162  0.0534397734072234  0.0535573439877432
0.05328020903744952 0.05335721519317245 0.05346338278185446 0.05352591334979371 0.05358621115289579 0.05376072959256635
0.05330713684578535   0.053399040493162 0.05352591334979371 0.05360080294407853 0.05367276485020143 0.05388124734720097
0.05333379555757475  0.0534397734072234 0.05358621115289579 0.05367276485020143 0.05375576004274327 0.05399632714127075
0.05341040001620261  0.0535573439877432 0.05376072959256635 0.05388124734720097 0.05399632714127075  0.0543303127586738

cov.inverse():
  30975417.0135887 -38746880.79060107 -2287228.589925254  3079505.808655969  4188836.220730886  2790786.478693215
-38746880.78768726  93041514.13706473  -46625811.6235786 -19043636.94985788 -3616025.184389583  14990060.34643766
-2287228.590406998 -46625811.59245377   148678360.820389 -71174105.64268482 -43866836.39325651  15274289.23249925
 3079505.809837856 -19043637.02723924 -71174105.47546723   160236168.782919 -58133904.46235483 -14961933.02020926
 4188836.213213887 -3616025.125531513 -43866836.54713073 -58133904.35291249  149828816.3071194 -48400753.57256354
 2790786.482596127  14990060.33674916  15274289.24980066 -14961933.03863294 -48400753.56565587   30307017.9487306

cov*(cov_.inverse()):
     1.000000000029104  6.984919309616089e-10 -2.328306436538696e-10  9.313225746154785e-10                      0  4.656612873077393e-10
 3.201421350240707e-10      1.000000000465661 -1.164153218269348e-10 -3.492459654808044e-10 -9.313225746154785e-10  4.656612873077393e-10
-1.746229827404022e-10  4.656612873077393e-10      1.000000001280569  1.164153218269348e-10                      0  2.328306436538696e-10
-1.455191522836685e-10  2.328306436538696e-10  1.629814505577087e-09      1.000000000814907 -4.656612873077393e-10                      0
 1.746229827404022e-10  8.149072527885437e-10  8.149072527885437e-10  9.313225746154785e-10     0.9999999990686774  4.656612873077393e-10
 -2.91038304567337e-10  2.328306436538696e-10 -1.164153218269348e-10 -3.492459654808044e-10                      0                      1
