5
2

7.719798730530741e-05
 0.000322803538811433
0.0003484882546124318
  0.01957300816568706
   0.5706752854427357

  0.6079249497331536  -0.7852397867128471  0.03214823587017955   0.0390165042281303   0.1061599556488082
  0.1721506210926768   0.1561851650620449  -0.8810492071059456   0.1838114043443563   0.3686950232412795
-0.06933631056635123 -0.09264381322846801 -0.09396565730137478   0.8153685190869042  -0.5594231254046301
 -0.6303373372607609  -0.3888967881673567   0.1170860978606949   0.3149136249001323   0.5818542634957168
  0.4457114946256253   0.4462970799829498   0.4474148930512891   0.4479895835452646   0.4486484441833359

0.4251343611552197
0.4250143373177319
0.4247770880836159
 0.424667221164127
0.4244997226463971

0.001862392799372576
  0.4256277438234572

  1.232456104047395   1.905081997827731 -0.4918766303243101 -0.3502603481118431  -2.296026108592363
  7.129833970608177  -7.125411889462411 -0.1745488299718947   0.553269893122586  0.6231442244467809

-6.078304429919028e-09  3.351755045539738e-09  9.510652975675561e-08  -0.001157578986799304  -0.002456229330856284
 5.966495369850305e-08  6.249577787919661e-08  3.457368034552567e-08 -0.0004623193317120722     0.1456184266664331

cov:
0.06484946879758528 0.06487616028929036 0.06491621407538137 0.06495187257344255 0.06498306275017669
0.06487616028929036 0.06492530752518536 0.06501237108278453 0.06506643313288414 0.06512244306430476
0.06491621407538137 0.06501237108278453 0.06519803909045417 0.06529054270245938 0.06539851772635003
0.06495187257344255 0.06506643313288414 0.06529054270245938 0.06539836545402801 0.06552656344864322
0.06498306275017669 0.06512244306430476 0.06539851772635003 0.06552656344864322 0.06568243480226665

cov.inverse():
 62338778.72253617 -79789871.85209709  1877294.791559957   3817664.42223834  11756809.76097011
-79789871.84995657  103769972.4643768 -5484929.709734776 -5487709.959216796 -13009061.39112603
 1877294.788888046 -5484929.706410782   7695604.48589138  -1974472.71657634  -2111691.77287939
 3817664.419109271 -5487709.955287726 -1974472.716622067  6054276.086619439 -2410062.371062678
 11756809.76462985 -13009061.39623768 -2111691.772181578 -2410062.370308387  5773445.688791963

cov*(cov_.inverse()):
     1.000000000232831 -8.149072527885437e-10 -1.164153218269348e-10   2.91038304567337e-11                      0
 9.313225746154785e-10      0.999999999650754 -8.731149137020111e-11                      0 -1.164153218269348e-10
                     0 -5.820766091346741e-10     0.9999999999708962  -2.91038304567337e-11  -2.91038304567337e-10
 5.820766091346741e-10 -4.656612873077393e-10  -2.91038304567337e-11     0.9999999999708962 -1.746229827404022e-10
 9.313225746154785e-10 -1.164153218269348e-10  -2.91038304567337e-11                      0     0.9999999998835847
