5
2

0.0001189810284635794
0.0004709883150241936
0.0006417624920601415
  0.01569478263806573
   0.5189687827801256

 -0.5934588322820658   0.7925778289843517 -0.03580202606475889 -0.03161963121365793  -0.1317019864710852
  0.1249314593019165   0.1590115554069235  -0.1509106224861222  -0.7475072563252367   0.6144642719359139
  0.1892202205332071   0.1448535278185541  -0.8790205753558014   0.3775077952707796   0.1674032742536283
 -0.6307878248206209  -0.3555207281535819   0.0560806773317827   0.3114058230553902   0.6128565108640197
  0.4455347046668022   0.4462714169439823   0.4473499577307169   0.4480484109334835   0.4488555292458606

0.3978127963517781
0.3979047417481995
0.3978709770228794
0.3978445051372287
0.3978233208079859

0.000334385238478656
  0.3979986095826875

   3.520676784460441  -0.3762652185876632  -0.1594352394123321   -0.828858452380777   -2.156244117868626
   2.067792326182247  -0.4988005154093823 -0.04591987388242597   -0.239662711037962   -0.283495406518933

-2.932796571362701e-08 -6.683383254561683e-08  3.211014006645272e-08  -0.000905384468461816  -0.002657431781355677
-2.230961361573954e-08  4.234709737264886e-08  9.120496896611146e-08 -0.0003394261479068865     0.1194476637450464

cov:
0.05356007727785356 0.05360569420179643 0.05367107808804838 0.05371529818954402 0.05376533147687353
0.05360569420179643 0.05367015018952603 0.05376365702790147 0.05382530077511991 0.05389594639508231
0.05367107808804838 0.05376365702790147 0.05389967147387154 0.05398691616803267 0.05408835592460958
0.05371529818954402 0.05382530077511991 0.05398691616803267 0.05409107970978586 0.05421134153158024
0.05376533147687353 0.05389594639508231 0.05408835592460958 0.05421134153158024 0.05435459289687853

cov.inverse():
 25037498.70014818   -33068910.779641  1011887.370515347  1077193.509885709  5942522.591582432
-33068910.77959655  44539423.85095437   -2421857.5249713 -2173788.192605984 -6875135.381248751
  1011887.37048201 -2421857.524926346  2069293.452375378 -217139.0467432661  -442086.620693883
 1077193.509800937 -2173788.192500963 -217139.0467365423  2935938.834396263 -1622195.629566052
 5942522.591656077  -6875135.38135426 -442086.6206889891 -1622195.629539078  2996883.283176477

cov*(cov_.inverse()):
     0.999999999650754 -3.492459654808044e-10  3.637978807091713e-12  1.455191522836685e-11                      0
-4.656612873077393e-10     0.9999999998835847 -7.275957614183426e-12  1.455191522836685e-11  -2.91038304567337e-11
-4.656612873077393e-10  -2.91038304567337e-10     0.9999999999781721                      0   2.91038304567337e-11
-4.656612873077393e-10 -4.656612873077393e-10 -7.275957614183426e-12                      1                      0
-2.328306436538696e-10 -3.492459654808044e-10  3.637978807091713e-12  1.455191522836685e-11                      1
