6
2

5.766513510643066e-05
0.0001740685724108883
0.0003134464560308106
0.0003666561701709869
  0.02127565148380991
   0.6259662438784516

  0.08044766022841941   -0.7238366873704287    0.6837723591764879 0.0006109209923481588  0.004031932936505792  -0.04502616016199327
   0.5933126558680344   -0.4844871300348763   -0.5661908870484142   0.05030476963678228    0.1431935962718605    0.2639038021310796
  -0.2160367758762371   -0.1399748485593798   -0.1634263525004999    0.4276491967367271    0.6459922675458981   -0.5539288179446009
  0.08286646464521832   0.08635007166156317   0.07749777747742359    -0.802880083318406    0.5784088419580536  -0.02230901169210044
  -0.6498405817279657   -0.2189391118269048   -0.1124830655630129   0.05718726905041948    0.2462032317535298    0.6732265803918654
   0.4070340835805459    0.4078590970598062     0.408064605185918    0.4082871655182758    0.4086569563745328    0.4095834130229405

 0.422709016926448
0.4224963760751198
0.4225028721329996
0.4224132819178297
0.4222176575257628
0.4219095122186811

0.002093068586095062
  0.4231714455014531

 0.4866019363456679 -0.3392683275997402   3.891908479880211 -0.5618073439943938 -0.6536982058549782  -2.824399441817095
  6.431182058311501  -4.860215340721624  -4.492815246447915   1.278983570839327  0.5020507075457928   2.147591102825858

 1.020888230479243e-08  -7.93166194821077e-08  2.046525038776077e-08  6.030967721752072e-08  -0.001255769015271669  -0.002156736601401154
 2.891056506558069e-09  2.853396559223425e-07 -2.880208728371873e-08 -1.370346459937524e-07 -0.0004378166049138051     0.1602776942454331

cov:
0.06510890688558947 0.06511371610963473  0.0651151775295495 0.06510075319851583 0.06510414393011715 0.06512631515271351
0.06511371610963473 0.06520287685064483 0.06522516757354029 0.06524389491580132 0.06528427179795446 0.06539001992905782
 0.0651151775295495 0.06522516757354029 0.06525261157086261 0.06527952781749652 0.06532904035797998 0.06545544331002258
0.06510075319851583 0.06524389491580132 0.06527952781749652 0.06531964605788208 0.06538355854563126  0.0655428422537872
0.06510414393011715 0.06528427179795446 0.06532904035797998 0.06538355854563126 0.06546395802151797 0.06565977458369318
0.06512631515271351 0.06539001992905782 0.06545544331002258  0.0655428422537872 0.06565977458369318 0.06593865874542443

cov.inverse():
 14091176.79989611 -26637251.88697272  5862890.488906902 -435507.1502686141  1837188.481138388  5281589.224130793
 -26637251.8340008  165564931.4387741 -139506090.0031276 -2062341.043398532 -3716236.563106984  6355964.978659368
 5862890.426241485 -139506089.8962162    151500134.64341 -1988577.973624262  -2587837.72327341 -13281693.14235682
-435507.1493406377 -2062341.052211126 -1988577.964856842   6740017.65912123 -404028.6807185958 -1847910.373466357
 1837188.484430749 -3716236.582989671 -2587837.706707364 -404028.6801234251  7417766.974636693  -2545156.21514035
  5281589.22960497  6355964.953409036 -13281693.12343912 -1847910.373178568  -2545156.21456956  6035983.755903536

cov*(cov_.inverse()):
                     1 -2.619344741106033e-09 -1.396983861923218e-09  -1.01863406598568e-10 -1.164153218269348e-10 -1.164153218269348e-10
  2.91038304567337e-10     0.9999999990686774 -1.629814505577087e-09  -2.91038304567337e-11                      0  1.746229827404022e-10
-3.492459654808044e-10  -1.33877620100975e-09     0.9999999972060323 -8.731149137020111e-11  -2.91038304567337e-11                      0
-2.328306436538696e-10 -1.513399183750153e-09 -1.862645149230957e-09      1.000000000014552 -1.455191522836685e-10  5.820766091346741e-11
 1.746229827404022e-10 -2.502929419279099e-09 -1.280568540096283e-09  -2.91038304567337e-11      1.000000000058208  1.164153218269348e-10
 5.820766091346741e-11 -7.566995918750763e-10  4.656612873077393e-10  1.455191522836685e-11                      0      1.000000000058208
