5
2

5.229117586195065e-05
 0.000133282767562054
 0.000465199142988798
  0.01752903909159607
   0.5273805327529232

 -0.3924358667024226   0.8046459116435765  -0.4446529483488771  0.00405346255281912  0.02839669640608931
 -0.5230822175758351   0.1756976596345149   0.7570573431272385 -0.06616913464643938  -0.3435129559305859
  0.1466175013713509   0.1560335731346984   0.1705930006220882  -0.8742555933537741   0.4009139782731868
  -0.594309764911651  -0.3139319513345176 0.003966344041407927   0.1749974716176054   0.7194461663699034
  0.4446102740645393   0.4458425094810414   0.4472473935032767   0.4479489451696032   0.4503972385149224

0.4076832769132017
0.4075879470118334
0.4074598890825467
0.4075065014701756
0.4071860118438141

0.001540956827361528
  0.4081176051835504

  2.771326862630922   2.623969919502751  -4.156485897442908 -0.1922068711574796  -1.046627974762252
  2.357835156735267  -1.462516726422447   1.084000751360237 -0.7139812229376834  -0.264958144605914

 7.769683359667425e-09 -6.684804407721162e-08 -3.135456160680749e-08  -0.001005958702812562  -0.004015357430012196
-7.094395625045635e-09 -9.439797824087806e-09  1.775424833772574e-07 -0.0003851355559245062      0.122910910788468

cov:
0.05508884712343914 0.05519001700271105  0.0553056887247189  0.0553611839880384 0.05556455905509429
0.05519001700271105 0.05531577661128618 0.05545932020193121 0.05552977951010387 0.05578089764624435
 0.0553056887247189 0.05545932020193121 0.05563447527280541  0.0557219016521537 0.05602715910413866
 0.0553611839880384 0.05552977951010387  0.0557219016521537 0.05581870183840194 0.05615276476572521
0.05556455905509429 0.05578089764624435 0.05602715910413866 0.05615276476572521 0.05657992960120508

cov.inverse():
 71825331.39170946 -120549854.8508495  41639992.29778355   774000.425471632  6309719.931991264
-120549854.8688135  238634801.6183625 -123237958.9448591 -92151.05341410956  5247149.616944876
 41639992.32251011 -123237958.9756191  104705697.3942876 -4168235.683422223 -18941144.91588423
 774000.4270761547 -92151.05634253174 -4168235.682138845  3784402.423206673 -297578.6505603976
 6309719.923624156  5247149.632669179  -18941144.9232008 -297578.6506008952  7681909.209589909

cov*(cov_.inverse()):
       1.0000000007567 -3.492459654808044e-10  9.313225746154785e-10 -1.455191522836685e-11 -1.164153218269348e-10
 9.895302355289459e-10      1.000000001047738  4.656612873077393e-10 -3.637978807091713e-11 -3.492459654808044e-10
 5.238689482212067e-10   1.80443748831749e-09      1.000000000931323  1.091393642127514e-11  -2.91038304567337e-10
 9.895302355289459e-10 -4.656612873077393e-10  9.313225746154785e-10     0.9999999999854481 -2.328306436538696e-10
-1.164153218269348e-10  1.688022166490555e-09  2.328306436538696e-10  1.455191522836685e-11                      1
