6
2

5.174957950099423e-05
8.515295467975902e-05
0.0001654269501662148
0.0003664762339531161
  0.02356885732856639
   0.5778592921518123

0.008780003273208076   0.3669002137886156  -0.8019541970517354   0.4701164012142761 -0.01178251866220396 -0.03206792882008019
  0.4548814769989238  -0.7450906354072362 -0.05342187695021425   0.4747620272863792 -0.04242009955874507 -0.08871551485049314
 -0.5687851074073419  0.06316664080656859   0.3966170936499221   0.6105759089910365   -0.159683827952018  -0.3418866662446507
 0.02715874841843952  0.04721442516839956  0.06405771258037103  0.09108072267945472  -0.8069778447421539   0.5774260731477482
 -0.5517335858849605  -0.3727063784656215  -0.1631840260899521  0.07419332318523998   0.3911857020997183     0.60952446755985
  0.4053908084901357   0.4063187260594592   0.4074040169254051    0.408642017990017   0.4102722109356786   0.4114289322655535

0.4073997253790014
0.4073366690852958
0.4072250234735321
0.4070796535866342
0.4069091639500056
0.4067671053407356

0.001724834904489339
  0.4078090261619061

 0.6826626884591287   1.905429522416287   2.233719396112936  -3.534952508914972 -0.2446401255269059  -1.042227234019905
 0.1354760590252178    2.89035792950488  -2.313012303395276  0.3616093026052944  0.3340736663327279 -0.4079810133692675

-7.262195550801776e-09  -2.03314293708983e-08  -3.13332173221873e-08 -6.376324178741468e-08  -0.001357927604095319  -0.004246972155111091
 8.290444280793445e-09  -1.28682970035202e-08 -1.381810991086793e-08 -6.450038001726815e-08 -0.0004808971667486723     0.1348947137644738

cov:
0.05504631421141717 0.05511704264125367 0.05519973907452199 0.05529457201184874 0.05541810323320169 0.05550777763826447
0.05511704264125367  0.0552058842545203 0.05530975222040048 0.05542857585619085 0.05558412475414404 0.05569587188786512
0.05519973907452199 0.05530975222040048 0.05543840954950101   0.055585310344546 0.05577833392362058 0.05591591352167961
0.05529457201184874 0.05542857585619085   0.055585310344546 0.05576403144243167 0.05599951647213434 0.05616636832989341
0.05541810323320169 0.05558412475414404 0.05577833392362058 0.05599951647213434 0.05629183407804104 0.05649759915940702
0.05550777763826447 0.05569587188786512 0.05591591352167961 0.05616636832989341 0.05649759915940702 0.05673055062600708

cov.inverse():
 40392894.81349015 -46842125.67101803 -14210875.82866619  18652675.81488885  455559.4682677287  1551478.584263153
-46842125.68740357  126992540.3105296 -103443648.9871412  17064368.56253034  2092152.239609145  4136095.645801835
-14210875.78244629 -103443649.0517729  246323963.3974129 -135385411.7953652   1141589.55724238  5576867.406057418
 18652675.77814714  17064368.62198294 -135385411.8175588  127296916.8827768 -8955823.510036884 -18674373.35222073
 455559.4684902857  2092152.235426944  1141589.566731596 -8955823.516543077  6080824.051204983 -814027.6625103035
 1551478.590948231  4136095.638776817  5576867.400350789  -18674373.3451976  -814027.663487006  8223877.935158774

cov*(cov_.inverse()):
     1.000000000174623  8.731149137020111e-11 -1.746229827404022e-10 -9.313225746154785e-10 -7.275957614183426e-12 -1.746229827404022e-10
-5.820766091346741e-11     0.9999999991268851  1.047737896442413e-09 -1.047737896442413e-09 -1.455191522836685e-11 -1.164153218269348e-10
 3.346940502524376e-10 -2.153683453798294e-09      1.000000000407454 -1.513399183750153e-09 -5.820766091346741e-11 -1.164153218269348e-10
 2.182787284255028e-10 -5.820766091346741e-10 -1.164153218269348e-10     0.9999999988358468 -6.548361852765083e-11  -2.91038304567337e-10
-2.328306436538696e-10  3.492459654808044e-10  7.566995918750763e-10 -1.396983861923218e-09     0.9999999999417923 -1.164153218269348e-10
 1.455191522836685e-11  -4.94765117764473e-10 -5.820766091346741e-11  2.328306436538696e-10  -2.91038304567337e-11     0.9999999999417923
