6
2

 3.58020934393023e-05
5.922466208340837e-05
 9.65760043056835e-05
 0.000239451516526721
   0.0230354419580618
   0.5739572469274586

0.002668446161574953 -0.02823201466500187  -0.3923061952035716   0.8210302046642995   -0.413631994999822  0.01047175674378267
 0.09239697175082597   -0.654521693678541   0.6766153784104514   0.1575960743807732  -0.2833584386297792  0.01128070968498099
 -0.6486115642339931   0.5114473581755631   0.4194741490835424  0.03255575418824301  -0.3709005288232942  0.05602675606925894
  0.3052053201717111  0.05741547083101329  -0.1441844301352924  -0.3515991138360486  -0.5459069636864613   0.6790638235858484
 -0.5591990188025878  -0.3747521770208667  -0.1592949682333038  0.09703697032238107   0.3809993782442711   0.6057273945035238
  0.4060848281546595   0.4068048367396107   0.4076332669890047   0.4086256144421956   0.4097248179747836   0.4105980242877443

0.3977986693117099
0.3979182250574359
0.3980109253564701
 0.398102959051061
0.3981939320546199
0.3982962644488754

-0.0006780232303961394
    0.3978906711431205

  0.1727221207933941    0.413236076180063   0.9912531200409684    5.226727484581032   -6.716622274833015 -0.08748110826624134
   1.896279489627699   -1.138451914313863   -1.288721595412875    3.632658103277221   -2.081285254990488 -0.02045888197717166

 8.547634625765755e-09  1.102117846427947e-08  2.958110172126643e-08  9.764791011748865e-08  -0.001334104174921473  -0.003227614382178894
 5.621889889227204e-09  4.245532807060032e-09  -1.36520521938136e-08  3.120621013392042e-08 -0.0004676626968190292      0.133364978089152

cov:
0.05449004911995006 0.05453162620534654 0.05457851481883925 0.05463520388572587 0.05469798924811229 0.05474813836954204
0.05453162620534654 0.05459144452465708  0.0546596155422177 0.05474162811429251  0.0548324661401484 0.05490480368140156
0.05457851481883925  0.0546596155422177 0.05475265431668504 0.05486424346796923 0.05498784755176735 0.05508610284390093
0.05463520388572587 0.05474162811429251 0.05486424346796923 0.05501102943072816 0.05517361944864703 0.05530271122720903
0.05469798924811229  0.0548324661401484 0.05498784755176735 0.05517361944864703   0.055379401106841  0.0555426545866749
0.05474813836954204 0.05490480368140156 0.05508610284390093 0.05530271122720903  0.0555426545866749 0.05573304584119333

cov.inverse():
 49170343.34488074 -52561311.44873771 -12931482.12319386  1725009.620020654  14561443.56180785  36777.82939898923
-52561311.45248045  150860876.8593788 -94759963.64477092 -46058419.60152502  41100529.82042116  1416164.761953679
 -12931482.2071293 -94759963.65784556  269818446.6295217 -218536610.5481573  56627903.05362107 -216961.3180146413
 1725009.787495272 -46058419.58481771 -218536610.8662871  535248451.7565437 -275623806.0579876  3245918.515549482
 14561443.48478051  41100529.80770784  56627903.28159349 -275623806.1999354  176316986.6269065 -12983476.14963325
 36777.82662999389  1416164.767291557 -216961.3248674074  3245918.523549419 -12983476.15334938  8501480.893039104

cov*(cov_.inverse()):
      1.00000000016189 -3.492459654808044e-10  2.964952727779746e-09  4.074536263942719e-10 -1.513399183750153e-09                      0
 3.824425220955163e-10     0.9999999994324753  3.794411895796657e-09 -8.149072527885437e-10 -1.396983861923218e-09  5.820766091346741e-11
 2.705746737774462e-10  1.455191522836685e-10      1.000000002497472  2.502929419279099e-09 -9.313225746154785e-10  5.820766091346741e-11
   2.6943780540023e-10  3.492459654808044e-10  2.715751179493964e-09      1.000000000349246 -2.095475792884827e-09  5.820766091346741e-11
 -7.73070496506989e-11 -1.455191522836685e-11  4.676621756516397e-09 -2.415617927908897e-09      1.000000001513399                      0
-2.141860022675246e-10  1.455191522836685e-10  1.622538547962904e-09 -8.440110832452774e-10  9.313225746154785e-10      1.000000000058208
