5
2

0.0001873530982728255
0.0004962225186182685
0.0006622387092282603
  0.01724684707371589
    0.519471372139319

 -0.4131428025879469   0.8566839779754013 -0.06126944953918807 -0.09473987898224105  -0.2875343395728828
  0.1201013371485316   0.1700437017667914  -0.1582073119052705  -0.7452829184016522   0.6133389163447939
  0.1802528468576068    0.127194107243597  -0.8759024617003647   0.3904562857828709   0.1779588063629294
  -0.764487991283503  -0.1462428731868204  0.06210703269321435   0.2869558706459471   0.5549506086285958
  0.4449221458502086   0.4467800157731505   0.4473858458759714    0.448082519256909   0.4488873605750255

0.4003473179522651
0.4004590000317937
0.4004284591516687
0.4004064421903009
0.4003841209734615

0.0003915274555923018
   0.4005813793043241

    3.56662823058459   -1.676113013444872 -0.09024787721476478  -0.4667233462445766   -1.333428406230983
    1.52252476084626  -0.2968795322219576 -0.04449363646431523 -0.07320146491967799  -0.1079055607504897

 -8.69201036618929e-08 -7.691953742295748e-08  3.912883273757516e-08 -0.0009997556252102609  -0.002711259883300841
-2.957851531267424e-08  3.146588635773499e-08  9.993270263535235e-08 -0.0003581897990256843     0.1197115078453813

cov:
0.05359231840059194 0.05367476889269144  0.0537000519285386 0.05373264890184084 0.05376836436030105
0.05367476889269144 0.05387190412676807 0.05393578468896622 0.05401004230665499 0.05409545837902532
 0.0537000519285386 0.05393578468896622 0.05401317405649469 0.05410097188968889 0.05420311824847892
0.05373264890184084 0.05401004230665499 0.05410097188968889 0.05420472727427043  0.0543246348082911
0.05376836436030105 0.05409545837902532 0.05420311824847892  0.0543246348082911 0.05446655624624518

cov.inverse():
 4997343.324007855 -9947623.065229869  283815.4289013019  911328.5736468657  3755166.357217516
-9947623.065184629   21062728.2479986 -1858668.059204117 -2713801.154628803 -6542705.856492882
 283815.4288846948 -1858668.059179599  1957981.223264192 -135553.5630392071 -247483.6238673646
 911328.5735585415  -2713801.15445018 -135553.5630568143  2859355.947272493 -921342.8325408465
 3755166.357277206 -6542705.856650781 -247483.6238418463 -921342.8324681534  3956345.532174494

cov*(cov_.inverse()):
     1.000000000029104 -5.820766091346741e-11 -1.091393642127514e-11  1.455191522836685e-11  -2.91038304567337e-11
 -2.91038304567337e-11                      1 -1.637090463191271e-11 -7.275957614183426e-12   2.91038304567337e-11
 5.820766091346741e-11 -1.164153218269348e-10      1.000000000009095                      0  5.820766091346741e-11
 5.820766091346741e-11 -2.328306436538696e-10  3.637978807091713e-12      0.999999999992724   2.91038304567337e-11
 5.820766091346741e-11 -5.820766091346741e-11  5.456968210637569e-12                      0      1.000000000029104
