5
2

6.788372104946886e-05
0.0001570666120231354
0.0003467596130655776
  0.02192027138073544
    0.571134385522997

 -0.2197096535845814   0.7477775193327149  -0.6218789741111911  0.02024645043991756  0.07357358564968194
 -0.6737918035177813    0.337406559453394   0.6154161184933392 -0.05438602586862384  -0.2246476806888701
   0.164887511172418   0.1636230100303884   0.1562762951171473  -0.8765435581896243   0.3915210459588251
  -0.520896813955761  -0.3173170510753116   -0.101220643759419   0.1677088127229782   0.7678571050134152
  0.4463304734208742   0.4466799692216992   0.4470588814892193   0.4474118753074434    0.448583419117877

0.4235264885901471
0.4234878547204105
0.4233831573709531
 0.423343960592073
0.4229382057820564

0.001636674646279952
  0.4239327708944139

-0.4580540993148586   2.713952122001658    0.74659197022136 -0.5028971391361519  -2.500138627462285
  8.487083462308339  -5.476131693607736   -4.59956963423762   1.012069283024957    1.58307519934871

 6.781681796267413e-09  5.606989422249519e-08 -6.352805890265926e-09   -0.00129842382076118  -0.001607410562981378
-1.365079297342989e-08 -2.666210530554759e-07 -5.804409075838754e-08 -0.0003999403064118277     0.1463439885602626

cov:
0.06511188439683546 0.06511179588046904  0.0651128717650602 0.06509694396960823 0.06511732644698144
0.06511179588046904 0.06513169086436142 0.06515394926836877 0.06516435463302306 0.06524357281176298
 0.0651128717650602 0.06515394926836877 0.06519870320839656 0.06523706847774791 0.06537874460498204
0.06509694396960823 0.06516435463302306 0.06523706847774791 0.06531036672834031 0.06552957449456581
0.06511732644698144 0.06524357281176298 0.06537874460498204 0.06552957449456581 0.06592248894655234

cov.inverse():
 29104778.46149738 -44643145.45004144  13055927.38955492 -682084.0499311755  3163859.389763392
-44643145.43891478  126180185.5776249 -92283299.72017759  1348692.834063056  9398661.611565745
 13055927.37429682 -92283299.70029299   99478205.3991746  -5228243.55520541 -15024167.41918497
-682084.0479532236  1348692.829158187  -5228243.55201415  6598749.993680491  -2035349.85846704
 3163859.391917423  9398661.607711514 -15024167.41774911 -2035349.858202664  4496394.047132331

cov*(cov_.inverse()):
      1.00000000037835 -1.862645149230957e-09  1.164153218269348e-09                      0 -5.820766091346741e-11
-1.164153218269348e-10     0.9999999986030161 -2.328306436538696e-10   2.91038304567337e-11  5.820766091346741e-11
 5.820766091346741e-11  4.656612873077393e-10     0.9999999995343387   2.91038304567337e-11  1.164153218269348e-10
 1.746229827404022e-10 -9.313225746154785e-10  5.820766091346741e-10     0.9999999999417923                      0
  2.91038304567337e-11 -2.328306436538696e-10 -1.164153218269348e-10                      0      1.000000000058208
