6
2

 7.53734029155046e-05
 0.000159214194854534
0.0004676132571305698
0.0006440021843401704
  0.02050796728064165
    0.569641776967446

   0.3130700956996385    -0.778604127707387    0.5413195641480011 -0.008266332393129527  -0.01982759958643192  -0.04769057569020259
   0.6156310395617252   -0.2592735822607816   -0.7063829489199943   0.04726958157258208   0.09336421284461303    0.2093978809891893
 -0.07288280253657363  -0.08847303270606022   -0.1119209894467823    0.1834134743852191    0.7292907674062155   -0.6393972049434189
   0.1013584957119105   0.09777316872763232   0.09874422754025376   -0.8793542870988823    0.4092689606400119    0.1721958070596264
  -0.5849304279921813   -0.3786951102775914   -0.1392302734381269    0.1541352314028658    0.3521488272051925    0.5893172937878739
   0.4065175090412289    0.4071311401394816    0.4078412185554411    0.4086993026931456    0.4092860710862894    0.4100037585336732

0.3990030371278006
0.3990413264734189
0.3990429773958217
0.3990871932655089
0.3990600032614677
0.3990330576315026

0.0003934387799678468
   0.3992375716958705

    1.74506109192215    4.009688599958212   -4.110992770169593 -0.09597820954712517  -0.3530777355449856   -1.194734769143319
  0.9636955733061899   0.9136877264677675  -0.6143664499732833 -0.07347640389276358  0.01218540022836612  -0.2017650322940266

-2.690719156229753e-08   6.71997618710365e-08  1.021113285579133e-07 -4.265725721547567e-08  -0.001181829650262513  -0.002708563051691327
-4.160177001151541e-09  1.890487395756676e-08   9.20678717317431e-09  6.685736557607702e-08 -0.0003995913653547199     0.1315551309155772

cov:
0.05376827996214321 0.05379847394895061 0.05383322700427223 0.05387421290189745 0.05390294766417865 0.05393928718764051
0.05379847394895061 0.05384670474597438 0.05390237164612938 0.05396896141632159 0.05401498354575543 0.05407204005646798
0.05383322700427223 0.05390237164612938 0.05398233454708384 0.05407865327997113 0.05414475033027151 0.05422586363212217
0.05387421290189745 0.05396896141632159 0.05407865327997113 0.05421183912492155 0.05430204443991934 0.05441263014785572
0.05390294766417865 0.05401498354575543 0.05414475033027151 0.05430204443991934 0.05440960593724281 0.05453978972751217
0.05393928718764051 0.05407204005646798 0.05422586363212217 0.05441263014785572 0.05453978972751217 0.05469423090252882

cov.inverse():
 32253423.12038136 -49149217.53596162  12736776.48519767   416206.041873129   1031263.11836113   2711755.16277225
-49149217.53924727  109419106.9463984 -66894448.47212842  367772.9420763012  1563531.763662118  4693044.875313451
  12736776.4900847 -66894448.47892092  71343796.80612576  -2408158.05308428 -4766898.765886841 -10011155.92967508
 416206.0410838675  367772.9438762128 -2408158.054195606  2118537.369603714 -52949.24824847983 -441344.3495490441
  1031263.11820946  1563531.764955197 -4766898.767375347 -52949.24822364132  3249598.390394443 -1024441.725236813
 2711755.162111814  4693044.875727379 -10011155.92898082 -441344.3496745525  -1024441.72555907  4072083.375478056

cov*(cov_.inverse()):
     1.000000000232831 -5.529727786779404e-10  5.820766091346741e-10  7.275957614183426e-12  1.455191522836685e-11  5.820766091346741e-11
 1.455191522836685e-10       1.00000000037835  5.820766091346741e-10                      0  7.275957614183426e-12  8.731149137020111e-11
-1.455191522836685e-10 -6.984919309616089e-10      1.000000000814907 -3.637978807091713e-12  1.455191522836685e-11  8.731149137020111e-11
 5.820766091346741e-11  5.820766091346741e-11  3.492459654808044e-10                      1  7.275957614183426e-12   2.91038304567337e-11
-8.731149137020111e-11  2.037268131971359e-10  1.164153218269348e-10  1.455191522836685e-11       1.00000000003638  1.164153218269348e-10
-1.455191522836685e-10  3.492459654808044e-10  4.656612873077393e-10                      0  1.455191522836685e-11      1.000000000029104
