5
2

6.817466949048944e-05
0.0001520580861520156
0.0003243070871660944
  0.02290139361219129
    0.571688673803349

-0.2065812608905963    0.74282657277618 -0.6322015279703745 0.02298645540364531 0.07297750561882937
-0.6719802568792902  0.3559823775947842  0.6136929522783181 -0.1290712962932862 -0.1686435353148785
 0.1449017896255232 0.08254370333124018 0.07988517990562341 -0.8314565544001623   0.523916371742801
-0.5344882307430576 -0.3394781880030837 -0.1324135821228472  0.3017357881602414  0.7003563724847609
 0.4461978480156211  0.4465717484683358  0.4469756029770394   0.447713899303422  0.4486047576765089

 0.423817418528255
0.4237796819026624
0.4236760693897125
0.4234743190373836
0.4232349868681809

0.001626261800338332
  0.4242228387124739

-0.6770383732410223   2.813808124520796  0.8491587498047164 -0.5230932511278295  -2.463380417387404
  8.859680352817538  -5.836535377891806   -4.25070897082695  0.5205330042219503   1.713406459521451

 6.978185283432533e-09  5.689535174881059e-08 -6.875113971542436e-08  -0.001357798611961012  -0.001716794907708869
-1.553042423577389e-08 -2.542459050136804e-07  9.753167251561891e-08 -0.0004374679491283621     0.1465716908112498

cov:
0.06521884130127828 0.06521868313436521 0.06521952907791409 0.06520548883628055 0.06522368051655623
0.06521868313436521 0.06523854486131056 0.06526061831573696  0.0652910632920959 0.06535012420919344
0.06521952907791409 0.06526061831573696 0.06530524260855852 0.06538292528224461 0.06548539303252715
0.06520548883628055  0.0652910632920959 0.06538292528224461 0.06555974401177377 0.06575306354142009
0.06522368051655623 0.06535012420919344 0.06548539303252715 0.06575306354142009 0.06603017374602531

cov.inverse():
 28911775.93191445 -43248370.87077062  10374174.51818656  1583667.874899838  2378701.322012784
-43248370.86703433  124267064.4422586 -91529594.20458904  1033853.041280044  9477822.611312881
  10374174.5122024 -91529594.19406161  102342666.9606056 -7184067.939954197 -14004912.24414138
 1583667.877653955  1033853.030862771 -7184067.931030766  7407407.836705131 -2839055.346523506
 2378701.321507223  9477822.614936488 -14004912.24851942 -2839055.345263204   4986663.07625411

cov*(cov_.inverse()):
     1.000000000116415  8.149072527885437e-10  8.149072527885437e-10   2.91038304567337e-11 -1.164153218269348e-10
-1.455191522836685e-10     0.9999999998835847  1.164153218269348e-10                      0 -1.164153218269348e-10
-1.164153218269348e-10 -2.328306436538696e-10      1.000000000931323 -1.164153218269348e-10 -5.820766091346741e-11
  4.94765117764473e-10 -9.313225746154785e-10  1.164153218269348e-09     0.9999999999708962 -1.164153218269348e-10
 -2.91038304567337e-11 -2.328306436538696e-10  2.328306436538696e-10  -2.91038304567337e-11                      1
