5
2

0.0001011330757224419
0.0002675505608307595
 0.000656011165181967
  0.01474143633471167
   0.5189727218160612

  0.4645962138902691  -0.8032646861655438   0.3719163653165326 -0.01202595655990587 -0.02120838458621196
  -0.408358232490743   0.1476175454826676   0.8022008533507395  -0.1674630644189178  -0.3740087260499143
 0.06496686324950345  0.08481924439233281   0.1075004451712669  -0.8156567793511413   0.5583302562522805
 -0.6437418693531922  -0.3556009957481577  0.08023715311301675   0.3254323087408102   0.5888974012105342
   0.445835871500984   0.4464622400927941   0.4473898318484483   0.4478943281069703   0.4484806050014934

0.4000338174670059
0.4000636896093125
0.4001239850793495
0.4000883296884806
0.4000571709261208

0.0005020930290143629
   0.4002808736821182

   3.062023205542569    3.156076366490046    -5.45740520182157  -0.1576893094604995  -0.6029234316424155
    1.39935455599595   0.4040166724752005  -0.6923943018530192 -0.03128215615545643 -0.07968474484122817

-3.198852341779791e-08 -3.515126340960264e-07 -1.411797463467314e-07 -0.0008557057904183405  -0.002258758406337384
 7.175475972591895e-10 -7.388799200826711e-08  1.367330222314989e-08 -0.0002514610636174121     0.1197836418604048

cov:
0.05362522679370142 0.05366010980599872 0.05371051035609219 0.05373678933465881 0.05377037627189723
0.05366010980599872 0.05371317941898088 0.05379103784938876 0.05383271354762954 0.05388290012611117
0.05371051035609219 0.05379103784938876 0.05391045212653851 0.05397541771685349 0.05405070768454771
0.05373678933465881 0.05383271354762954 0.05397541771685349 0.05405395224193797 0.05414282868639374
0.05377037627189723 0.05388290012611117 0.05405070768454771 0.05414282868639374 0.05424769751507279

cov.inverse():
 23445265.16438633 -37316068.27029672  12333789.51331806  284950.5591873286  1252756.747287534
-37316068.26984271  63407412.42223703  -27533718.3230524  437847.0319394725  1003442.491663716
 12333789.51246163 -27533718.32193152  22540744.75489558 -2517607.840837841 -4822853.617750181
 284950.5592132068  437847.0318994396 -2517607.840826169  1952333.143384318 -157439.3111885618
 1252756.747664072  1003442.491036881 -4822853.617497389  -157439.311191045  2724065.246678614

cov*(cov_.inverse()):
     1.000000000218279 -2.255546860396862e-10  2.619344741106033e-10 -1.637090463191271e-11 -8.731149137020111e-11
 1.455191522836685e-10     0.9999999999708962  1.746229827404022e-10  1.818989403545856e-12  -2.91038304567337e-11
-2.182787284255028e-10  5.675246939063072e-10      0.999999999825377  5.456968210637569e-12                      0
-5.820766091346741e-11  2.837623469531536e-10   2.91038304567337e-11      1.000000000001819  -2.91038304567337e-11
-1.164153218269348e-10  6.548361852765083e-11   2.91038304567337e-11 -9.094947017729282e-12                      1
