6
2

7.686738773497017e-05
0.0003044459802519073
0.0003438665698617028
 0.000378148358105219
  0.01963683740159372
    0.625071864988952

   0.601957169707959  -0.7904694583204649  0.01907085544069069  0.03222881343641832  0.03708995455546247   0.1001376184460598
  0.2860942480528608   0.2463994091839143  -0.4702117332978498  -0.6261560162028714  0.07510866192291425    0.488493265594334
-0.06291878785708098 -0.07567646835208537   0.2431490136372589  -0.4596640120070358   0.7506301017939241  -0.3955455748532883
 0.09836341221065716  0.05989951756162337  -0.7399588640333531   0.4598665614814886   0.3927721157828829  -0.2710173004943792
  -0.613643632084297  -0.3729573235152457 -0.07347521240807529   0.1314170498550987   0.3286236584983674   0.5947115022284805
   0.406945948675639   0.4074718657605132   0.4080172278336764   0.4084742925345488   0.4089914798558181   0.4095831258789843

0.4251340430131085
0.4250143350933787
0.4249504595919999
0.4247770908222198
0.4246672666477269
0.4244997717222805

0.001862392799372576
  0.4256277438234572

  1.214834681322226   2.216438243837253 -0.4428592806827916 -0.4849751145203563 -0.3028223094016498  -2.201363166395694
  7.124259485662965  -8.024781060920525   1.375491545193259 -0.1812609314147738  0.4074967577237028  0.3054398002697536

 -7.54229294414494e-09  2.850120811171082e-08  6.083766504935537e-08  1.193446155286839e-07  -0.001161442577746439  -0.002648560437554045
 6.320975921746249e-08 -2.711610007535136e-08  9.008670211346627e-08  -1.14940780594848e-07 -0.0004581683237683165     0.1595153999130067

cov:
0.06484954705832632 0.06487620910249055 0.06489202708678926 0.06491623582280749 0.06495181330524097 0.06498293244655723
0.06487620910249055 0.06492532912768589 0.06496905398524647 0.06501236760480186 0.06506635001670782  0.0651222896677514
0.06489202708678926 0.06496905398524647 0.06504763479134473 0.06511455384665546 0.06519142700398116 0.06527822661341344
0.06491623582280749 0.06501236760480186 0.06511455384665546  0.0651980090789552 0.06529043318249149 0.06539833679478187
0.06495181330524097 0.06506635001670782 0.06519142700398116 0.06529043318249149 0.06539817759146785 0.06552630433480794
0.06498293244655723  0.0651222896677514 0.06527822661341344 0.06539833679478187 0.06552630433480794 0.06568210397247218

cov.inverse():
 62311517.72724886 -79689003.91335663 -146741.5832678118  1911397.063476301  3880731.772500714  11732755.69315871
-79689003.92159046  106480266.7048983  -4266868.10896472 -5489543.287628499 -5078529.927635834 -11959052.53404742
-146741.5730104668 -4266868.122095334  6776038.607495799 -44333.37204380323 -750308.1848523334 -1566021.895332868
 1911397.064696163 -5489543.289023465 -44333.37237914379  7671685.734090865 -1959858.558424141  -2087566.39891339
  3880731.77456876   -5078529.9296336  -750308.185439243 -1959858.558799152  6137908.461270856 -2230440.328196654
 11732755.68785036 -11959052.52576176 -1566021.897284002 -2087566.399048747 -2230440.329088052  6109366.215956402

cov*(cov_.inverse()):
    0.9999999990686774  9.313225746154785e-10 -5.820766091346741e-11  8.731149137020111e-11  -2.91038304567337e-11  5.820766091346741e-11
-4.656612873077393e-10     0.9999999994179234   2.91038304567337e-11   2.91038304567337e-11  1.164153218269348e-10  1.164153218269348e-10
 1.164153218269348e-10 -3.492459654808044e-10     0.9999999999417923  8.731149137020111e-11  1.164153218269348e-10  1.746229827404022e-10
-3.492459654808044e-10  8.149072527885437e-10  -2.91038304567337e-11                      1  1.164153218269348e-10  5.820766091346741e-11
-8.149072527885437e-10  4.656612873077393e-10  -2.91038304567337e-11   2.91038304567337e-11     0.9999999999126885  1.164153218269348e-10
-1.164153218269348e-10  2.328306436538696e-10  4.365574568510056e-11   2.91038304567337e-11   2.91038304567337e-11      1.000000000116415
