5
2

0.0001463381699081873
0.0004950821449158563
0.0006582938186623804
  0.01412250484258053
   0.5199874205041801

 -0.5087376829089009   0.8285373305152373 -0.04047777606555453 -0.05580626269298249  -0.2235152626112943
  0.1400632675209076    0.186239539835586    -0.15843885739985  -0.7571730480085993   0.5893074059677125
  0.2119804361913151   0.1510785357338098  -0.8791876923408836   0.3722722647777132   0.1438121456145191
  -0.691525570990979   -0.237815417942207  0.01627245956485681   0.2903707176479882   0.6169734719150217
  0.4454491333671999   0.4466092573760823   0.4472391829956748   0.4479652259087465   0.4487978502380356

0.4005146562786445
0.4005799160234961
0.4005452504808319
0.4005183533832326
0.4004884679232208

0.0004678922419468526
   0.4007252950039272

    5.31612841573656   -3.012140196243081  -0.1151852476916491  -0.6357826862645199   -1.553000810625972
   2.213935902278931  -0.7789393207846417 -0.06409905419622441  -0.1454616866091945  -0.2254201727269855

-1.030680714013567e-07 -5.684820562933618e-08  1.356779181576412e-07 -0.0008186330968633166  -0.002836958070818626
-3.663216989306879e-08  3.737270245219385e-08  1.392857246163972e-07 -0.0003047738460772299     0.1198670745255864

cov:
0.05374691129728632 0.05382404590507862 0.05386477525825579 0.05391451304728381   0.053969778885079
0.05382404590507862 0.05394264121121243 0.05400655904883361 0.05408128757069101 0.05416638543112166
0.05386477525825579 0.05400655904883361 0.05408396575680691 0.05417220043973529 0.05427398259699608
0.05391451304728381 0.05408128757069101 0.05417220043973529 0.05427632850321069 0.05439580724829015
  0.053969778885079 0.05416638543112166 0.05427398259699608 0.05439580724829015 0.05453721572904496

cov.inverse():
 12271850.98836463 -19501823.16146816  440939.4147189791   1074168.72976288  5714856.692947843
-19501823.16165607  32250435.36797329 -1992993.984855054 -2605019.622137845 -8150591.417928406
 440939.4147846705 -1992993.984953769   1962635.82049108 -160319.7455736042 -250167.9370977319
  1074168.73013467 -2605019.622710363 -160319.7455688042   2804684.68816285 -1113552.419352929
  5714856.69269827 -8150591.417445083 -250167.9371355558 -1113552.419548856  3799418.698134922

cov*(cov_.inverse()):
     1.000000000058208  5.820766091346741e-11 -1.091393642127514e-11 -1.455191522836685e-11  8.731149137020111e-11
 5.820766091346741e-11      1.000000000058208 -1.455191522836685e-11 -7.275957614183426e-12                      0
-1.746229827404022e-10                      0     0.9999999999654392  7.275957614183426e-12                      0
 1.164153218269348e-10                      0 -7.275957614183426e-12      1.000000000007276  5.820766091346741e-11
 1.164153218269348e-10  1.164153218269348e-10  5.456968210637569e-12 -2.182787284255028e-11                      1
