6
2

5.507053925445427e-05
9.869931754505008e-05
 0.000337260586966562
0.0003665557716627794
  0.01980186409899327
   0.6255827916557234

  0.2224963753658273  -0.7871750041647104   0.5749763517958241 0.003939682775668175 0.001134568653776124 -0.01537082614954162
  0.6697518645249277  -0.2908368841073739  -0.6524957693167686  0.01481774636915151  0.06857476027338429   0.1901934659177409
 -0.1710372895153398   -0.175573840897551  -0.1939795887325055   0.6292937539998589   0.4569186049468048  -0.5454417941202582
  0.1118267270084967  0.07722186790138594   0.0583977534104253  -0.6611365824637078   0.6840064403545083  -0.2704715835772154
 -0.5425917316883102  -0.3046534207672612  -0.1904021236543331 -0.00846514620665572   0.3889999691361669   0.6520236978346481
  0.4071400795055005   0.4076350357686535   0.4078726746902603   0.4081434124138725    0.409067007990744   0.4096262349896755

0.4244461210073323
0.4242916504109562
0.4242905501622145
0.4241904917008851
0.4238493735329703
0.4236450797248442

0.002279486524784557
  0.4250208662342629

  1.414949845845941  -1.100717893910518   3.340863348052849 -0.5076744603751185 -0.5254085117390139  -2.622582549918055
  6.987282944049444  -1.519501689562726  -7.306323280519181   1.338816591800683  0.5366193066001971  0.9698243642279974

 9.522610926435197e-09 -1.416865339500924e-08  1.980404753287488e-08  1.281719545766032e-07   -0.00116794333628871  -0.002493474202823311
-4.425494225943693e-09  9.868301674291113e-08  1.191696342982735e-07 -7.296538081360604e-08 -0.0004342350855000902     0.1598911755603651

cov:
0.06498745225081923 0.06501568592515063  0.0650292411093277 0.06503364797372077 0.06509626998361823 0.06512942049443929
0.06501568592515063 0.06506622710057516 0.06509048714678103 0.06511191939867755 0.06521179671016128 0.06526959923728747
 0.0650292411093277 0.06509048714678103 0.06511989468353735 0.06514949818852761 0.06526726439640851 0.06533690628300422
0.06503364797372077 0.06511191939867755 0.06514949818852761 0.06519226174841555 0.06533833514356872 0.06542679962942333
0.06509626998361823 0.06521179671016128 0.06526726439640851 0.06533833514356872 0.06554693446108396 0.06567644094765657
0.06512942049443929 0.06526959923728747 0.06533690628300422 0.06542679962942333 0.06567644094765657 0.06583343367528857

cov.inverse():
 62721093.38048193 -77417407.67466573 -2337177.391045074 -188717.0389544185  4679567.703870893  12542691.49070133
-77417407.83749244  213315380.0971011  -129425520.697128  -2816288.88772627 -2654279.753087226 -1002696.124588702
-2337177.204603599 -129425520.9456429  153069618.1027242 -1606121.884932914  -4860209.34735842 -14841087.44051119
-188717.0367003129 -2816288.877353115 -1606121.900236691  6762367.965560007 -731986.9189147123 -1417481.655825616
 4679567.693300802 -2654279.722699588 -4860209.366056569 -731986.9199628842  5801095.142257434 -2234220.929794089
 12542691.47540293 -1002696.079657876 -14841087.46858718 -1417481.657453982 -2234220.929722585  6952334.503901946

cov*(cov_.inverse()):
    0.9999999990686774  1.033185981214046e-09 -2.444721758365631e-09                      0  -2.91038304567337e-11                      0
-1.164153218269348e-10      1.000000000545697  4.656612873077393e-10  4.365574568510056e-11 -1.164153218269348e-10  5.820766091346741e-11
 2.328306436538696e-10 -4.656612873077393e-10     0.9999999990686774  1.164153218269348e-10 -1.164153218269348e-10  5.820766091346741e-11
-1.164153218269348e-10  1.920852810144424e-09 -1.862645149230957e-09      1.000000000043656   2.91038304567337e-11  2.328306436538696e-10
-8.149072527885437e-10  1.527951098978519e-09 -3.026798367500305e-09 -1.455191522836685e-11     0.9999999999417923                      0
-1.164153218269348e-10  7.275957614183426e-11 -1.047737896442413e-09 -1.455191522836685e-11  -2.91038304567337e-11      1.000000000058208
