5
2

4.262258829800298e-05
8.927006314647625e-05
0.0002672003809872607
  0.02268662374910129
   0.5241386578928982

-0.003205050184684251    0.3019150646872356   -0.8021325140654602    0.5150582214910997  -0.01163957566519928
  -0.6171212358004912    0.7340922175614247    0.1124020128180993    -0.258440458168723   0.02905707376536609
   0.2473523665549184   0.03283154234700614   -0.3732021140581334   -0.5836259107699598    0.6766386590546489
  -0.6002497768626484   -0.4128890085647389   0.06639437480695622     0.354846575869123    0.5821499519631693
   0.4445988305353614    0.4454218969294135    0.4475055155525997    0.4487630353848898    0.4497574515719944

 0.397793087132871
0.3979160549878933
0.3981094594760735
0.3982056123426853
0.3983145392803371

-0.0007235636373445761
    0.3978791410516295

  0.2432263575505413   0.7577578309188312    5.986316130347952    -6.92863893827234  -0.0588369489176143
   1.802466111824414   -1.614360076686278    2.729857441960782    -1.86181279292938 -0.05614458439846656

 -1.47910634359674e-08  2.285525805492827e-08  1.324294508665927e-07  -0.001314636231896011  -0.003079578467962589
-6.614863622319032e-09 -1.204178692318804e-08  3.017670511081019e-08 -0.0004773548166094909      0.121746894292092

cov:
0.05448909693476655 0.05453173355726403 0.05463815527030676 0.05470263389664773 0.05475389079676236
0.05453173355726403 0.05459264174912925 0.05474575146925855 0.05483833024272616 0.05491171467477669
0.05463815527030676 0.05474575146925855 0.05501830007461784 0.05518275905510503 0.05531274676385701
0.05470263389664773 0.05483833024272616 0.05518275905510503 0.05539048389881754 0.05555453988333069
0.05475389079676236 0.05491171467477669 0.05531274676385701 0.05555453988333069 0.05574557411944327

cov.inverse():
 48652459.37513054 -57265665.81739178 -8582174.133660179  17082255.30902445  113932.7234903978
-57265665.79448787  117812964.5547458 -123124035.8042361  61522198.77888247  1052949.670620756
-8582174.192502648 -123124035.7230885  357706885.5089916 -228011369.0833188  2012279.419227183
 17082255.34227109  61522198.71390728 -228011369.0341844  159179295.7375496 -9773094.870864265
  113932.726181707  1052949.677352458  2012279.392399175 -9773094.853459353  6593860.784093435

cov*(cov_.inverse()):
    0.9999999999736247  2.037268131971359e-10  6.548361852765083e-10  1.862645149230957e-09 -5.820766091346741e-11
-1.818989403545856e-12      1.000000001455192   4.94765117764473e-10  2.444721758365631e-09 -1.164153218269348e-10
 4.365574568510056e-11  2.328306436538696e-10     0.9999999991996447  2.444721758365631e-09 -5.820766091346741e-11
-4.201865522190928e-10  5.529727786779404e-10  1.731677912175655e-09      1.000000002444722                      0
-9.913492249324918e-11 -4.074536263942719e-10   -7.8580342233181e-10  3.492459654808044e-10                      1
