6
2

0.0001135889444068357
0.0003842935316297125
0.0005526251968869918
0.0007146889141875442
  0.02278425794436304
   0.5726202932112729

   -0.625695902336132     0.775702783758967  -0.01992164744545266  -0.02357723301328538  -0.04420322625334344  -0.06231489311276735
   0.1119193807215059   0.09683413275738184  -0.03935874916359656  -0.07759472864772191   -0.7409911034507849    0.6491989945380326
   0.2056330669287175    0.1812154780015717   -0.3432811791734787   -0.7447601356982527    0.4078861512749928    0.2932494709564063
   0.1270523017514087    0.1034754434537041   -0.8447048509804391    0.5032809381418372   0.06504409363912964   0.04584564469586699
  -0.6104786181158958   -0.4241949439187231 -0.006716311501204199    0.1356681870883136    0.3327323186913477     0.564103487533419
   0.4060385465040892    0.4067195282872803    0.4082164312500612    0.4087272351574912    0.4094699219412843    0.4103019614698355

0.3941062173270847
0.3942075709157338
0.3944190177185156
0.3944289669067932
0.3944659218699341
0.3945112556363257

-0.0004571990039019845
    0.3942293985474698

   1.207943529717533    1.366711347127787 -0.04669593669711415  -0.1365054671416166  -0.6386020590751895   -1.752916358887691
   1.482744206345638  -0.2715908649867829  0.03167677883615377 -0.04827426435085788   0.1589047131043556  -0.3533880915828224

 5.754056193946588e-09 -5.683176113954228e-08 -4.909605621197039e-08  7.341744814196829e-08   -0.00131685332207425  -0.003026158959946517
-1.448837083836597e-08  -3.02774515025107e-08  7.388950376239046e-08  5.279656572853278e-08 -0.0004896429625217239     0.1327514410835167

cov:
 0.0542524956581351   0.054284109571776 0.05435100888490529  0.0543739542391255 0.05441041471360694 0.05444788057945373
  0.054284109571776 0.05433391576270137 0.05444152243228092 0.05447833777830223 0.05453401877007263 0.05459404260780128
0.05435100888490529 0.05444152243228092  0.0546408949733753 0.05470823123092046 0.05480702615518983  0.0549176016056262
 0.0543739542391255 0.05447833777830223 0.05470823123092046 0.05478715495319407 0.05490020094667689 0.05502801053903254
0.05441041471360694 0.05453401877007263 0.05480702615518983 0.05490020094667689 0.05503415638274625 0.05518566571013021
0.05444788057945373 0.05459404260780128  0.0549176016056262 0.05502801053903254 0.05518566571013021  0.0553654816361065

cov.inverse():
 30598317.82006149 -37395563.82771698  495011.3988082025  708112.4356987419  1872484.786291027  3722107.483516558
-37395563.82773952  46828040.79037491 -1598322.120245695 -1808436.596291585 -2888451.119134494 -3137895.167240082
 495011.3989973136  -1598322.12048081  1824051.436055275  61932.90408022242 -300325.3390647861 -482256.7348555913
 708112.4353587118 -1808436.595873029  61932.90405757195  2396013.883468615 -460422.1268560321  -897052.413981293
 1872484.786551412 -2888451.119445147 -300325.3390670989 -460422.1268502073  4422627.488540794 -2645998.578928358
 3722107.483429612 -3137895.167135385 -482256.7348766362  -897052.413931238 -2645998.578975118  3441117.082990353

cov*(cov_.inverse()):
     1.000000000029104  2.619344741106033e-10  3.637978807091713e-12 -7.275957614183426e-12   2.91038304567337e-11   2.91038304567337e-11
 1.455191522836685e-10      1.000000000029104  7.275957614183426e-12 -2.182787284255028e-11  -2.91038304567337e-11   2.91038304567337e-11
 1.455191522836685e-10  1.455191522836685e-10      1.000000000007276 -7.275957614183426e-12   2.91038304567337e-11                      0
-5.820766091346741e-11  6.111804395914078e-10 -7.275957614183426e-12     0.9999999999854481   2.91038304567337e-11                      0
-5.820766091346741e-11  8.731149137020111e-11  7.275957614183426e-12  7.275957614183426e-12      1.000000000058208   2.91038304567337e-11
  2.91038304567337e-11  2.619344741106033e-10  7.275957614183426e-12                      0                      0                      1
