5
2

5.797386914174104e-05
0.0001372160150319323
0.0005487471064998674
  0.01546589245820913
   0.5576149569284722

 -0.2406107073168287   0.7865001767140752  -0.5684617898313656 0.003516446796333181  0.01904698550617359
 -0.6247801982121326   0.2958823479818531   0.6641201258434186 -0.05612004040962223  -0.2791027402031344
  0.1714356611990493   0.1688450073537499   0.1680680767921585  -0.8805247796812914   0.3721967376154112
 -0.5693824598966809  -0.2572675414979469 -0.08851315986806539   0.1450404593391186   0.7620667373258558
  0.4451624645876531   0.4462912544121699   0.4468939404881178   0.4477471978564038   0.4499586082343568

0.4167338822861865
0.4167368811723278
0.4168062780998679
0.4168162794916153
0.4167225628062058

0.0003717289423103781
     0.41692962816217

   4.984093305640216   0.3783297578559729   -3.746631868479396 -0.08899207713459326   -1.526599602746411
   3.722335932187825   -3.028416559053563   0.3613005626102314  -0.1436394548816977  0.08782988265228087

 4.028986415183185e-09  -9.52551080646669e-08 -6.058435516571257e-08 -0.0009041142319254372  -0.004204810937444581
-1.170189360576378e-08 -5.645085715525576e-08  1.043992648622407e-07 -0.0003172190149988785     0.1374818681985525

cov:
0.06169532198860942 0.06180904535651791 0.06186948055536783 0.06195573088244885 0.06217785897853801
0.06180904535651791 0.06194648565321201 0.06201973260975745 0.06212370889061879 0.06239267304850656
0.06186948055536783 0.06201973260975745 0.06209991300268799 0.06221346922079313 0.06250775214792591
0.06195573088244885 0.06212370889061879 0.06221346922079313 0.06234064115600341 0.06266958820227465
0.06217785897853801 0.06239267304850656 0.06250775214792591 0.06266958820227465 0.06309159553194922

cov.inverse():
 38056376.66613983 -66026859.84656038  18754289.77929799   1108853.36040897  8108027.261369778
-66026859.83427743  188793527.2729404 -122494829.9276548 -552913.6045634538  279011.7294977061
 18754289.76423141 -122494829.9073307  119666555.9652368 -3065762.782891221 -12858749.79644409
 1108853.360883809 -552913.6060702205 -3065762.781828753  2745812.312320181 -236059.2835017654
 8108027.263678447  279011.7229633561 -12858749.79224886 -236059.2834712416  4707730.364489683

cov*(cov_.inverse()):
                     1 -2.488377504050732e-09  4.656612873077393e-10 -1.455191522836685e-11 -5.820766091346741e-11
-1.746229827404022e-10      1.000000000123691 -1.629814505577087e-09 -3.637978807091713e-12  1.164153218269348e-10
 3.492459654808044e-10  -1.29512045532465e-09                      1 -1.091393642127514e-11                      0
 2.328306436538696e-10 -1.415173755958676e-09  5.820766091346741e-10      1.000000000032742                      0
  2.91038304567337e-10  6.330083124339581e-10 -5.820766091346741e-10 -7.275957614183426e-12     0.9999999999417923
