5
2

5.501080864153465e-05
0.0001030553858466321
0.0003466311730142315
  0.01789609521965545
   0.5708232387030272

  -0.2200328420583044    0.7859642471751375   -0.5775765787759269 -0.003750357210134107   0.01539418878852527
  -0.6698049479630362    0.2886476746343575    0.6418471054638634  -0.02523950847310447   -0.2354551168102087
   0.1995972682066151    0.1911964085771141    0.1979666609804137   -0.8907165550249206    0.3017251789567337
  -0.5137393135917211   -0.2505518904683264   -0.1242162730630908   0.07699930225196605    0.8074262150884632
   0.4462955615897872    0.4467778034107773    0.4470090687041339    0.4472628176923273    0.4487189883333219

 0.425043789698685
0.4248993035247984
 0.424902970146432
0.4248115658993712
 0.424292313702593

0.002154977686910088
   0.425593033504951

  1.819343781127144  -1.775001185635152    3.43900186926066 -0.5991127766741658  -2.884834141787919
  6.996377829194506  -2.185083815047518  -6.314728106683847   1.234957305669026   1.275068748956949

-1.157170087891219e-08  1.243361685210652e-08  4.419023144710813e-08  -0.001054502682532917  -0.002033816289678531
 1.226833753040012e-09  -1.03032965741296e-07 -1.185556717763323e-07  -0.000364413289219492     0.1459638068275652

cov:
0.06498509532130231 0.06501191186568173 0.06502475447347215 0.06502852596535369 0.06512013212976611
0.06501191186568173  0.0650610013696986 0.06508452872185097 0.06510529682275727  0.0652586969991468
0.06502475447347215 0.06508452872185097 0.06511319219108642 0.06514211514893625 0.06532517935315334
0.06502852596535369 0.06510529682275727 0.06514211514893625 0.06518417422619638 0.06541427553194723
0.06512013212976611  0.0652586969991468 0.06532517935315334 0.06541427553194723 0.06581611075901239

cov.inverse():
 58573936.89422783 -75033433.24317375  1844574.670956112  384711.9161677127  14230235.44863483
-75033433.18212412  212280737.7672449 -132249045.5224956  -3077451.84149448 -1921647.443814801
 1844574.604022528  -132249045.436999  149352311.4637218 -2277155.573992614 -16671094.59543353
 384711.9131139658 -3077451.840121822 -2277155.571221042    6667687.1482209 -1696063.780312522
 14230235.45757169 -1921647.469633938 -16671094.57964144 -1696063.779222047  6058082.419780719

cov*(cov_.inverse()):
                     1 -2.881279215216637e-09  9.313225746154785e-10  5.820766091346741e-11                      0
 1.164153218269348e-10     0.9999999991559889 -1.164153218269348e-09  -2.91038304567337e-11                      0
-5.820766091346741e-10 -1.222360879182816e-09      0.999999996740371 -1.455191522836685e-11  1.164153218269348e-10
-2.328306436538696e-10 -1.033185981214046e-09  4.656612873077393e-10      1.000000000029104                      0
-1.164153218269348e-10 -2.182787284255028e-10 -2.328306436538696e-10  7.275957614183426e-11      1.000000000058208
