5
2

8.691196686528508e-05
0.0003046833890786573
0.0006731276217244987
  0.01348725360257839
   0.5171571666498859

 -0.1829724599321826   0.7656476163089104  -0.6160610200323601 0.006297196757897141  0.02709190758380052
 -0.4562308190664748   0.4213553465785775   0.6391561439900161  -0.1944588382368596  -0.4098515529737128
 0.08295813239508917  0.08907805070259804   0.1017564336040306  -0.8215009119397132   0.5476905413232476
  -0.743488017746466  -0.1690981033363633  0.03894792782261159   0.2945882253993186   0.5747453656097457
  0.4457780101993017   0.4468940947038796   0.4472995979598176   0.4477724139368824   0.4483197170810964

0.3976036677872871
0.3977838851141515
0.3977837686014991
0.3977802815650368
0.3977763522251314

-4.059492607694879e-06
    0.3977869410229599

   3.496463577495392    5.125791873323413   -7.609820964066948   -0.243357813629639   -0.769224709761141
   1.413452309822337   0.6471243451384212  -0.8488736595270361 -0.06646933787104423  -0.1452647801634098

 6.005588125518707e-08 -3.654504403194009e-07  -1.12854284805409e-07 -0.0007779257619078558  -0.002237147175891744
 5.706437125018295e-09 -7.819157455620627e-08  2.880273785104667e-08 -0.0002358312402819676     0.1189338144757729

cov:
0.05324801901487572 0.05330336151049255 0.05332356322506048 0.05334535992896608 0.05337278233044552
0.05330336151049255 0.05341913058250072 0.05346119890226086 0.05350978129817332 0.05356662567934886
0.05332356322506048 0.05346119890226086 0.05351120356256287 0.05356948324440227 0.05363699277284607
0.05334535992896608 0.05350978129817332 0.05356948324440227 0.05364016429192987 0.05372021503318126
0.05337278233044552 0.05356662567934886 0.05363699277284607 0.05372021503318126 0.05381547706166144

cov.inverse():
 6692542.590663671  -20600010.6947748  11800082.77879348  651536.7066071937  1455934.250160065
-20600010.69478619  79536771.62745173 -59523364.09153426 -406118.7198242563  992919.7096209697
  11800082.7788042 -59523364.09161201  54667980.84985519 -2036877.514088887 -4908292.117477476
 651536.7066167402 -406118.7197281181 -2036877.514245846  1902502.285238839 -110948.8396438251
 1455934.250151191  992919.7095911968 -4908292.117387555 -110948.8396951019  2570498.519614653

cov*(cov_.inverse()):
     1.000000000145519 -5.820766091346741e-10  6.111804395914078e-10 -4.547473508864641e-12                      0
 1.746229827404022e-10     0.9999999998472049  5.820766091346741e-11 -4.547473508864641e-12   2.91038304567337e-11
 1.746229827404022e-10 -6.548361852765083e-11      1.000000000291038  2.728484105318785e-12  -2.91038304567337e-11
 2.328306436538696e-10 -4.074536263942719e-10   2.91038304567337e-10     0.9999999999890861  -2.91038304567337e-11
  2.91038304567337e-11  8.003553375601768e-11                      0  1.818989403545856e-12                      1
