6
2

5.621141311571094e-05
9.175459971730498e-05
0.0002556585095813961
0.0005616303614199761
  0.01643075632661045
   0.6106678314587565

-0.009534538396035245    0.2835912970404357   -0.7964263344448473    0.5339578411917661 -0.003338808590287325  -0.00824856413374828
   0.4691168526506349   -0.7882220756802869  -0.02070317458537512    0.3954132078532399  -0.01535257073478683  -0.04024189556363401
  -0.4765164649293804   0.03588496524981822    0.4320219881791047    0.6091067442885835   -0.1704428656970348   -0.4300459664328264
  0.04980008373322837   0.06910471870691615   0.09192246793366267    0.1041264955549234   -0.8371184731300326    0.5221925739317628
  -0.6206890142068074   -0.3556466936141524  -0.06063726491472823   0.09878949108686051    0.3200214227720607     0.610254557119985
   0.4062457742439776    0.4071046205780064    0.4080525163349089    0.4085641960836157     0.409293698184326    0.4102161735363988

0.4159280817991416
0.4159591530733651
0.4159409122106658
0.4160012865419815
0.4159964793884401
0.4159165081689066

0.0005847160496600809
    0.416194630347736

  1.640952170336187   3.770506987799691   1.750745960145754  -6.275810715625111  -0.196177161178512 -0.6900080138524305
  0.672002374144962    1.73584523190838  0.2472936218575512  -1.812712810100439 -0.1822689546604521  0.3392760124569144

 -1.16447631037964e-08 -3.947796967694224e-08 -2.211003209745006e-07 -1.092516956940904e-07 -0.0009636557798757301  -0.004251638516809139
 -2.15237162937075e-09 -1.503388608092947e-08 -8.954929801660274e-08   1.00038011763298e-07 -0.0002915159128288481     0.1508602134208251

cov:
0.06164831932630408 0.06173399739835651 0.06182815624127249 0.06187895485451263 0.06195240759835201 0.06204355397756409
0.06173399739835651 0.06183894608027463 0.06195452172408397 0.06201689457705935 0.06210638287360111 0.06221859171241747
0.06182815624127249 0.06195452172408397 0.06209394712030838 0.06216920099038827 0.06227653908800952 0.06241219214378672
0.06187895485451263 0.06201689457705935 0.06216920099038827 0.06225142343423117 0.06236840629790277 0.06251672924495676
0.06195240759835201 0.06210638287360111 0.06227653908800952 0.06236840629790277 0.06249912240407132 0.06266464049570743
0.06204355397756409 0.06221859171241747 0.06241219214378672 0.06251672924495676 0.06266464049570743 0.06285380413538082

cov.inverse():
 29652152.60002689 -45026808.23131464 -1885387.910675299  15997435.13680232  264315.4979776295  998830.5999542027
-45026808.22842113  99285656.28946084 -69285067.18309672  11260201.62776463    860327.35740048  2904825.610089371
-1885387.920594187 -69285067.17420648  203677108.8672577 -131503146.0471864  -491290.840256819 -512399.2204194776
  15997435.1439626  11260201.62386834 -131503146.0546425  114515111.8441323 -3149884.646326364 -7118993.957851597
 264315.4986593843  860327.3559853086 -491290.8395966613 -3149884.646160373  2698004.036080714 -181593.7585160566
  998830.599137553  2904825.609404098 -512399.2146521433 -7118993.962209752 -181593.7584233392  3909254.633982813

cov*(cov_.inverse()):
    0.9999999998399289  8.731149137020111e-10   1.54977897182107e-09 -4.074536263942719e-10 -1.455191522836685e-11  1.164153218269348e-10
 2.837623469531536e-10        1.0000000007567  4.292814992368221e-10 -4.074536263942719e-10 -5.638867150992155e-11   2.91038304567337e-11
 1.673470251262188e-10   2.91038304567337e-10      1.000000002361048 -9.895302355289459e-10 -1.091393642127514e-11   2.91038304567337e-11
-1.236912794411182e-10  5.238689482212067e-10 -5.347828846424818e-10     0.9999999999417923 -5.456968210637569e-12  8.731149137020111e-11
 2.837623469531536e-10  9.313225746154785e-10  1.127773430198431e-09  5.238689482212067e-10     0.9999999999799911                      0
-9.458744898438454e-11  6.111804395914078e-10  9.094947017729282e-11 -5.820766091346741e-11   -1.2732925824821e-11      1.000000000058208
