5
2

5.418485066167777e-05
0.0001705851780926466
0.0004343051011397512
  0.01665264014812914
   0.5207579336654351

 -0.4172937359245553    0.808689741751931  -0.4142017438873817 0.005764091524423485  0.01704494508272367
 -0.4774864887260654   0.1619811181179869   0.7813249001280121  -0.1171438417129025  -0.3486796398500993
  0.0603263909435735  0.09403770593042926   0.1334521647168317  -0.8252026613129773   0.5373534441254076
 -0.6292774882929522  -0.3344752038938086  0.01106063381680178   0.3230904683995892   0.6225964923743255
  0.4452450564864449   0.4461684287373768   0.4472543995452323   0.4482155871775936   0.4491735325805398

0.4033785888686396
0.4033658231047248
 0.403332970840717
0.4033501444085753
0.4032974892729739

0.0005427327074778447
   0.4036083618100986

    3.08475263538706    3.389844837297441   -5.954477271771556 -0.05574884788679259  -0.4644282311180138
   1.921740894922636   0.2416013918418725   -1.066214241571309  -0.1115063239765685  0.01446883236828805

 1.148621790559898e-08 -1.573617820390647e-07 -9.305248492622014e-08 -0.0009561685698704701   -0.00294237773202202
-4.853738653816399e-10  -4.95710377967429e-08  1.813645359273769e-08 -0.0003685259613198151     0.1201615123754552

cov:
0.05387114983777667  0.0539311883298333 0.05400200993890884  0.0540636192347342 0.05412704016279708
 0.0539311883298333 0.05401557517003571 0.05411492424697192 0.05420226191315957 0.05429041225537761
0.05400200993890884 0.05411492424697192 0.05424771847379747 0.05436521329921154 0.05448235054955677
 0.0540636192347342 0.05420226191315957 0.05436521329921154  0.0545101556941358 0.05465321832689479
0.05412704016279708 0.05429041225537761 0.05448235054955677 0.05465321832689479 0.05482175737987299

cov.inverse():
 67165739.27935655 -117566254.8453903  46092544.64831389  838290.3583744216  3469285.612158302
 -117566254.848416  223694026.1273489 -109671746.4769281  523780.7331993303  3021076.713655892
 46092544.65367579 -109671746.4842817  79507557.40076356 -4542357.258430231 -11386589.68252921
  838290.357098429  523780.7355606342 -4542357.259513685  4093475.525582958 -913027.2608057177
 3469285.611098175   3021076.71562233 -11386589.68343736 -913027.2608038697  5809215.212839202

cov*(cov_.inverse()):
    0.9999999990104698 -1.542503014206886e-09  6.984919309616089e-10   2.91038304567337e-11 -5.820766091346741e-11
  -7.8580342233181e-10     0.9999999994470272  2.328306436538696e-10  7.275957614183426e-12                      0
 5.820766091346741e-11 -2.764863893389702e-09      1.000000000349246  1.455191522836685e-11  5.820766091346741e-11
-7.275957614183426e-10 -1.367880031466484e-09 -6.984919309616089e-10      1.000000000007276  1.164153218269348e-10
-3.492459654808044e-10 -5.238689482212067e-10 -1.164153218269348e-10  2.182787284255028e-11      1.000000000058208
