6
2

7.920664829385936e-05
0.0001073110897069743
0.0001353656899229528
0.0004830860771481034
  0.01119799817389787
   0.5663238847141966

  0.04477314910307183    0.0871007278669971    0.2376708290605814   -0.8408802675418111     0.476253694343973 -0.004919310990286311
   0.1389144502476645    0.4026170918878608   -0.8458879544094432 -0.008219876368011402    0.3208424508540719  -0.00826902531175271
  -0.5675460438801119    0.7526482593163618    0.1571923170068492  -0.06975595101476245    -0.285765217563903    0.0132290977313238
   0.3466632172101296   0.03567730143685435    -0.141350624195355   -0.3383990451160671   -0.5592740085329634    0.6567118201154099
  -0.6086149821177346   -0.3102127463535609   -0.1295000750212704   0.08193796614764043      0.32978922537226    0.6333331055953491
   0.4074334866983444    0.4078341825237522    0.4080765279720844    0.4083615708627039    0.4086960129389091    0.4090857822641183

 0.401416768869084
0.4015835767979268
0.4015714572088984
0.4015604466470195
0.4015453732021452
0.4015237837475922

0.0002832876361287738
   0.4016371291311548

  0.6244638564296128     2.96995991942098    4.240267418465272    2.569517373609581   -10.16279242517622   -0.241440092126618
  0.9968648823595536   0.5659744396734356   0.5054880893498515   0.2705694756167272   -1.303490925799605 -0.03533824543470396

-3.579206814297244e-08 -6.430427641375705e-08  9.655213691763011e-08  1.021885624295016e-06 -0.0006450882500076354  -0.002225185419153769
-3.977933774379598e-09 -5.543452640429636e-09  5.365647735698459e-09  2.120323442125216e-07 -0.0001602334961503067     0.1303930189668374

cov:
0.05328711354388185 0.05331666201331942 0.05333452846404039 0.05335562698592362 0.05338039951347061 0.05340826084463045
0.05331666201331942 0.05335748296961936 0.05338213719884259 0.05341119505062102  0.0534452968589654  0.0534844842000548
0.05333452846404039 0.05338213719884259 0.05341093720623327  0.0534448060585074 0.05348455828892624 0.05353060515804441
0.05335562698592362 0.05341119505062102  0.0534448060585074   0.053484332274757  0.0535306917536847 0.05358476512759656
0.05338039951347061  0.0534452968589654 0.05348455828892624  0.0535306917536847 0.05358481453277023 0.05364829457484832
0.05340826084463045  0.0534844842000548 0.05353060515804441 0.05358476512759656 0.05364829457484832  0.0537237265190105

cov.inverse():
 20091801.56279844 -17778895.45898429 -13585906.01645884 -4442743.406826564   15287847.7288834  427837.9468262845
-17778895.45565078  46206834.97310784 -19839347.70925589  -14878880.3058585  6005480.209279422  284808.5194389944
-13585906.01649096 -19839347.69871036  72573110.48991175 -31645403.00943817  -7638391.24829147  136113.4085967393
-4442743.415449257 -14878880.31267384 -31645402.98320335  113467647.5572831 -62163556.71674856 -336954.1205272147
 15287847.73426677  6005480.208792571 -7638391.263297568 -62163556.70727925  50890611.49062598 -2382273.217211943
 427837.9467642625  284808.5195291237  136113.4078814308 -336954.1191997508 -2382273.217852205  1870539.493063867

cov*(cov_.inverse()):
    0.9999999998763087 -2.000888343900442e-11  4.010871634818614e-10 -4.038156475871801e-10   1.01863406598568e-10                      0
-1.091393642127514e-11      1.000000000200089  3.865352482534945e-10  3.892637323588133e-10 -2.328306436538696e-10                      0
-2.037268131971359e-10 -1.909938873723149e-10      1.000000000980435 -4.874891601502895e-10 -4.365574568510056e-10                      0
-1.527951098978519e-10  2.601154847070575e-10  7.485141395591199e-10     0.9999999988503987  8.731149137020111e-11 -1.455191522836685e-11
-8.731149137020111e-11  1.964508555829525e-10  3.992681740783155e-10 -5.093170329928398e-11      1.000000000334694                      0
 5.820766091346741e-11                      0   3.16504156216979e-10 -4.401954356580973e-10 -2.619344741106033e-10                      1
