5
2

5.766721575179513e-05
0.0001748515310088814
0.0003258860875396011
  0.02123394927803449
   0.5714158783385186

 -0.08046560735617446    0.7236527541903708   -0.6839755425029335 -0.004075919115765853    0.0448644795653774
  -0.6036861558149451    0.4750723965662521    0.5560053101541836   -0.1452050732585125   -0.2822106041213044
   0.1451337940499352   0.08819088916526852     0.113817979959898   -0.8437058331048787    0.4963511695519215
  -0.6396756270174964   -0.2078998031532008   -0.1012431341492887    0.2581845260434126    0.6860636576499304
   0.4459143251058663     0.446803030753584    0.4470244373226648    0.4476606876640971    0.4486608156851398

0.4227089732121744
0.4224963764894584
0.4225028473198909
0.4222175491857923
0.4219094353723329

0.002093068586095062
  0.4231714455014531

 0.4462648375718459 -0.5148554080170223   3.737860339089397 -0.6888318375749399  -2.980960121783341
  6.521015019705553  -4.526863055388867  -4.063114619974117  0.5813366603897852   2.494090815212109

-1.029584575731601e-08  7.660242104525369e-08 -4.817665069251918e-08  -0.001253372877119201  -0.001936597006580297
-3.032852182107594e-09 -2.792732472384241e-07  8.838149714902545e-08 -0.0004317816502215424     0.1463212513399016

cov:
0.06510883406360403 0.06511367538024687 0.06511514942621606 0.06510411917094547  0.0651263514326467
0.06511367538024687 0.06520287048557287 0.06522517137898337  0.0652842833717182 0.06539009258404845
0.06511514942621606 0.06522517137898337 0.06525262419540603 0.06532905932954695 0.06545552038360697
0.06510411917094547  0.0652842833717182 0.06532905932954695 0.06546398905604406 0.06565986630613328
 0.0651263514326467 0.06539009258404845 0.06545552038360697 0.06565986630613328 0.06593880891900342

cov.inverse():
 14066431.32808661 -26769671.72805766  5726782.961406263  1812435.343517186  5164214.322975234
-26769671.73464362  164927128.7193065 -140103370.7135339 -3844017.193977464  5789421.001006971
  5726782.96778394 -140103370.7183226  150910609.2382894 -2706669.524966057 -13828047.73749075
 1812435.345543947 -3844017.205578268 -2706669.515206569  7397498.218546419 -2657447.800065321
 5164214.321157274  5789421.010807451 -13828047.74565867 -2657447.799879843  5531090.440641102

cov*(cov_.inverse()):
     1.000000000291038 -2.619344741106033e-09  2.095475792884827e-09   2.91038304567337e-11 -1.164153218269348e-10
 4.074536263942719e-10     0.9999999987776391 -8.149072527885437e-10  5.820766091346741e-11 -1.746229827404022e-10
  2.91038304567337e-10  5.820766091346741e-10     0.9999999981373549  5.820766091346741e-11  5.820766091346741e-11
 1.164153218269348e-10 -1.979060471057892e-09  2.095475792884827e-09                      1 -1.164153218269348e-10
 5.820766091346741e-11  1.164153218269348e-10  6.984919309616089e-10   2.91038304567337e-11      1.000000000058208
