5
2

8.640600642841191e-05
0.0001983612701302053
0.0005779798782444721
  0.01241533223550093
   0.5086715107702751

  -0.5589320380007692    0.7926417156517027    -0.243365060810587 0.0003057625037198005  0.009350999464326867
   0.3890975746058593  0.008362301758006962   -0.8541526931261991    0.1426830029508675    0.3140030045068508
   0.1002997211615553   0.09639985585446638    0.1029528221298207   -0.8299418861327068    0.5303246324508624
  -0.5718680325815971   -0.4037200449149483   0.02373093831207268    0.3005889079006736    0.6473486152445488
   0.4462118034950577    0.4465046199572223    0.4472518116053351    0.4477546663830305    0.4483416404110952

0.3778862587578289
0.3779948360669689
0.3779596275784113
 0.377949962090069
0.3778960344156065

0.0003613566132520252
   0.3780829530302889

  4.884192158254735   2.968320357788977   -6.94966007132384 -0.2106511836477005 -0.6923869837954914
  2.119304445705305   0.109089252710541 -0.8027207809342505 -0.1294298950539836 -0.2961969948329836

 9.762901690632798e-09  2.995837173845111e-07 -4.403588102737484e-08 -0.0007195186264751491  -0.002132351965208711
-6.760711861359299e-09  5.507428173119938e-08   3.03254300386137e-08 -0.0002320894981273922      0.115038502019562

cov:
0.05156817671468505 0.05158715057334922 0.05163573059273999 0.05166936661843939   0.051706618178943
0.05158715057334922 0.05161052409327415 0.05167024203245617 0.05171108061638426 0.05175735986223377
0.05163573059273999 0.05167024203245617 0.05175830540358046 0.05181744492777318 0.05188668187820659
0.05166936661843939 0.05171108061638426 0.05181744492777318 0.05188879507091451 0.05197248918862762
  0.051706618178943 0.05175735986223377 0.05188668187820659 0.05197248918862762 0.05207542593530863

cov.inverse():
 45723661.78099427 -59226936.47641746  9803458.642517442  1137777.505073587  2561896.939419632
-59226936.47099654  84182953.19938843 -25989191.71657979 -177497.0224869052  1210841.214019879
  9803458.63264682 -25989191.70491287  26506600.72480674  -3363072.60879709 -6957678.077968822
 1137777.506398359 -177497.0244143078 -3363072.608138687  2579915.655261709 -177239.2546374266
 2561896.942544508  1210841.209701386 -6957678.076830992 -177239.2545816507  3362169.772649831

cov*(cov_.inverse()):
     1.000000000552973 -3.856257535517216e-10  5.820766091346741e-11 -7.275957614183426e-12   2.91038304567337e-11
 3.783497959375381e-10      1.000000000247383 -1.164153218269348e-10 -1.091393642127514e-11                      0
 1.164153218269348e-10 -3.856257535517216e-10     0.9999999998835847 -1.637090463191271e-11  -2.91038304567337e-11
 1.746229827404022e-10  6.984919309616089e-10                      0     0.9999999999836291  -2.91038304567337e-11
 5.820766091346741e-11  3.856257535517216e-10 -1.164153218269348e-10 -9.094947017729282e-12      1.000000000029104
