5
2

0.04151464323876037
 0.3071548640778372
  1.383096208173012
  8.581145454823771
  51.41862675864405

    -0.435252970404324     0.8162404826611335    -0.3798758536365179 -0.0004336595807110979 -0.0006884639621189847
   -0.5633222129084237    0.06909566177212412     0.7943703070737242    -0.1274162249206634    -0.1750279830049849
   0.08489923882758839    0.07129331842978417    0.05575626661449128    -0.7984165390651761     0.5891787936392199
   -0.6731326480787253    -0.5068805296953652    -0.3187893177937238     0.1589066732474788     0.4038398281055257
    0.1814042268944928     0.2587791632887149     0.3463159838317461     0.5666079922759129     0.6776034781080399

9.164512971497151
14.74970205357406
21.06834026718003
36.88667082717702
44.89275984917702

  0.4172919878776387
-0.06117217732869186

0
0
0
0
0

0
0

0
0
0
0
0

0
0

0
0
0
0
0

0
0

0
0
0
0
0

0
0

0
0
0
0
0

0
0

0
0
0
0
0

0
0

0
0
0
0
0

0
0

0
0
0
0
0

0
0

0
0
0
0
0

0
0

0
0
0
0
0

0
0

0
0
0
0
0

0
0

0
0
0
0
0

0
0

0
0
0
0
0

0
0

0
0
0
0
0

0
0

0
0
0
0
0

0
0

0
0
0
0
0

0
0

0
0
0
0
0

0
0

0
0
0
0
0

0
0

0
0
0
0
0

0
0

0
0
0
0
0

0
0

0
0
0
0
0

0
0

0
0
0
0
0

0
0

0
0
0
0
0

0
0

0
0
0
0
0

0
0

0
0
0
0
0

0
0

0
0
0
0
0

0
0

0
0
0
0
0

0
0

0
0
0
0
0

0
0

0
0
0
0
0

0
0

0
0
0
0
0

0
0

0
0
0
0
0

0
0

0
0
0
0
0

0
0

0
0
0
0
0

0
0

0
0
0
0
0

0
0

0
0
0
0
0

0
0

0
0
0
0
0

0
0

0
0
0
0
0

0
0

0
0
0
0
0

0
0

0
0
0
0
0

0
0

0
0
0
0
0

0
0

0
0
0
0
0

0
0

0
0
0
0
0

0
0

0
0
0
0
0

0
0

0
0
0
0
0

0
0

0
0
0
0
0

0
0

0
0
0
0
0

0
0

0
0
0
0
0

0
0

0
0
0
0
0

0
0

0
0
0
0
0

0
0

0
0
0
0
0

0
0

0
0
0
0
0

0
0

0
0
0
0
0

0
0

0
0
0
0
0

0
0

0
0
0
0
0

0
0

0
0
0
0
0

0
0

0
0
0
0
0

0
0

0
0
0
0
0

0
0

0
0
0
0
0

0
0

0
0
0
0
0

0
0

0
0
0
0
0

0
0

0
0
0
0
0

0
0

0
0
0
0
0

0
0

0
0
0
0
0

0
0

0
0
0
0
0

0
0

0
0
0
0
0

0
0

0
0
0
0
0

0
0

0
0
0
0
0

0
0

0
0
0
0
0

0
0

0
0
0
0
0

0
0

0
0
0
0
0

0
0

0
0
0
0
0

0
0

0
0
0
0
0

0
0

0
0
0
0
0

0
0

0
0
0
0
0

0
0

0
0
0
0
0

0
0

0
0
0
0
0

0
0

0
0
0
0
0

0
0

  -0.03496323512464988  8.032882361958763e-05    0.03478309648120177   4.25831122994407e-05  5.890723876317717e-05
     1.592920214556893     0.3394119490677425    -0.9303087881375742 -0.0007772196830636638  -0.001266432329419566

 3.567749748533677e-06   0.004463989725580346  -0.001956076390738424     0.9157567241385689      15.30352880699031
-0.0001083688076609962    -0.1521359571199031     0.2055266797404185     -69.83278058411439      140.9605294634786

cov:
 120.412412970853  149.244866199625 181.8651547523135 263.7515360118772 305.0734223584876
 149.244866199625 195.9819550096765   248.85336122692 381.6208851133908 448.6086333699738
181.8651547523135   248.85336122692 324.6416499810169 514.9705313551375 610.9945757803257
263.7515360118772 381.6208851133908 514.9705313551375 851.8822832391045 1018.905326489834
305.0734223584876 448.6086333699738 610.9945757803257 1018.905326489834  1226.60195655813

cov.inverse():
    113.2945417280487    -206.5423683472701     91.19810636575636    0.8334637601730702     1.241451665735343
   -206.5423683472018     386.6316654856132     -179.324698773832   -0.3294942947085344   -0.4350018751544106
    91.19810636566842    -179.3246987737265     90.42152449437727    -1.001135310964528    -1.306462349607203
    0.833463760178952   -0.3294942947198618    -1.001135310959018    0.5058929693927738 -0.008333961108880735
    1.241451665749316   -0.4350018751805722    -1.306462349595079 -0.008333961108816127    0.5088403874350983

cov*(cov_.inverse()):
     1.000000000003467 -2.216893335571513e-12  3.865352482534945e-12   4.04121180963557e-14  2.842170943040401e-14
 4.774847184307873e-12      1.000000000017991 -9.094947017729282e-13 -2.042810365310288e-14  2.842170943040401e-14
  1.13686837721616e-13   1.63140612130519e-11     0.9999999999970441 -7.460698725481052e-14                      0
 4.774847184307873e-12  1.574562702444382e-11  5.229594535194337e-12     0.9999999999999538                      0
 2.501110429875553e-12 -2.955857780762017e-12  6.139089236967266e-12  5.329070518200751e-15                      1
