10
1

0.1230849910713175
 0.324661776333961
  0.77599781487577
0.9913826774096023
 1.544696494879143
 1.823077626925057
 2.046369411268378
 2.580418394493721
 7.120887895090396
 18.78940512122306

   0.3692867393882809   -0.2502856192520388   -0.6756565491699184    0.4590832066657718    0.3025020463093021   -0.2053889283295973  0.003860357807370152 -0.002500463278483641  0.001319318750836095 -0.000504624805246548
  -0.4018287205688909     0.242626250032179   0.08811428052301483  -0.05260612711036161    0.6853958318978957    -0.424201068885055   -0.2793943244098304    0.1677030504537262  -0.09966586618898089   0.05746191196182026
   -0.359177413117228   0.08053863331713482   -0.1380201337167029   0.03951771706994331    0.1114704343689317  -0.02101264564791416    0.8114223520543152   -0.2662742587366463   -0.2548596259057834    0.1917422096585951
    0.660917924840967  0.007195288109574539     0.551250028824848 -0.003170180515698127    0.4060991758095588  -0.03743032719179631    0.2974275887918369   -0.0199979237583762  -0.05342236815060152   0.03484929259186282
  -0.2669152974251749    -0.331095270899426   0.08319824039052286   0.09733123851311658    0.2970364769828575    0.3105731787680281    0.2418041335143512    0.2506166372353037    0.4391263501047417   -0.5513080546893488
   0.2137335470588534    0.3964980924430057   -0.2780398340731971   -0.4067639086997991   -0.1689626763131903   -0.3407294105454707      0.30166772051791    0.4611175354147217    0.1153006291081025    -0.304585389437489
  -0.1344336869291864   -0.1611417727348366    0.3579488606973771    0.5408490921499121   -0.3799549861209122   -0.5737943190699735    0.1141252682354951    0.2092277914695677  0.001729947693035101  -0.07004452282207099
  0.03009176434690415    0.1496462775400105   0.01604165712416665   0.06266698025562911  -0.01454189920310956  -0.06035131746148455   -0.1118691618607855   -0.4316629847255979   -0.4618787302398147    -0.745977640819013
 -0.02080422468979298   -0.6851601328197783  -0.01351092550091154    -0.416041430637066 -0.004401130192583393   -0.1010901195358571  0.001916105406462991    0.2748099360545092   -0.5206555126382918  -0.00220046481761882
 0.001874727316040239    0.2954851355536262  0.001608185273803423    0.3747504428676276  0.002680365874770069    0.4694386388451217 -0.006236574781503205    0.5652430931428574   -0.4813671080812824   0.02473413470809433

22.68163855347757
 32.1262791104417
  35.561494790597
50.82326514515828
50.55746387622015
72.62510618006465
68.26441288865774
 98.4190475411914
91.51521001435606
131.2571399307882

1.450019314979861

0
0
0
0
0
0
0
0
0
0

0

0
0
0
0
0
0
0
0
0
0

0

0
0
0
0
0
0
0
0
0
0

0

0
0
0
0
0
0
0
0
0
0

0

0
0
0
0
0
0
0
0
0
0

0

0
0
0
0
0
0
0
0
0
0

0

0
0
0
0
0
0
0
0
0
0

0

0
0
0
0
0
0
0
0
0
0

0

0
0
0
0
0
0
0
0
0
0

0

0
0
0
0
0
0
0
0
0
0

0

0
0
0
0
0
0
0
0
0
0

0

0
0
0
0
0
0
0
0
0
0

0

0
0
0
0
0
0
0
0
0
0

0

0
0
0
0
0
0
0
0
0
0

0

0
0
0
0
0
0
0
0
0
0

0

0
0
0
0
0
0
0
0
0
0

0

0
0
0
0
0
0
0
0
0
0

0

0
0
0
0
0
0
0
0
0
0

0

0
0
0
0
0
0
0
0
0
0

0

0
0
0
0
0
0
0
0
0
0

0

0
0
0
0
0
0
0
0
0
0

0

0
0
0
0
0
0
0
0
0
0

0

0
0
0
0
0
0
0
0
0
0

0

0
0
0
0
0
0
0
0
0
0

0

0
0
0
0
0
0
0
0
0
0

0

0
0
0
0
0
0
0
0
0
0

0

0
0
0
0
0
0
0
0
0
0

0

0
0
0
0
0
0
0
0
0
0

0

0
0
0
0
0
0
0
0
0
0

0

0
0
0
0
0
0
0
0
0
0

0

0
0
0
0
0
0
0
0
0
0

0

0
0
0
0
0
0
0
0
0
0

0

0
0
0
0
0
0
0
0
0
0

0

0
0
0
0
0
0
0
0
0
0

0

0
0
0
0
0
0
0
0
0
0

0

0
0
0
0
0
0
0
0
0
0

0

0
0
0
0
0
0
0
0
0
0

0

0
0
0
0
0
0
0
0
0
0

0

0
0
0
0
0
0
0
0
0
0

0

0
0
0
0
0
0
0
0
0
0

0

0
0
0
0
0
0
0
0
0
0

0

0
0
0
0
0
0
0
0
0
0

0

0
0
0
0
0
0
0
0
0
0

0

0
0
0
0
0
0
0
0
0
0

0

0
0
0
0
0
0
0
0
0
0

0

0
0
0
0
0
0
0
0
0
0

0

0
0
0
0
0
0
0
0
0
0

0

0
0
0
0
0
0
0
0
0
0

0

0
0
0
0
0
0
0
0
0
0

0

0
0
0
0
0
0
0
0
0
0

0

0
0
0
0
0
0
0
0
0
0

0

0
0
0
0
0
0
0
0
0
0

0

0
0
0
0
0
0
0
0
0
0

0

0
0
0
0
0
0
0
0
0
0

0

0
0
0
0
0
0
0
0
0
0

0

0
0
0
0
0
0
0
0
0
0

0

0
0
0
0
0
0
0
0
0
0

0

0
0
0
0
0
0
0
0
0
0

0

0
0
0
0
0
0
0
0
0
0

0

0
0
0
0
0
0
0
0
0
0

0

0
0
0
0
0
0
0
0
0
0

0

0
0
0
0
0
0
0
0
0
0

0

0
0
0
0
0
0
0
0
0
0

0

0
0
0
0
0
0
0
0
0
0

0

0
0
0
0
0
0
0
0
0
0

0

0
0
0
0
0
0
0
0
0
0

0

0
0
0
0
0
0
0
0
0
0

0

0
0
0
0
0
0
0
0
0
0

0

0
0
0
0
0
0
0
0
0
0

0

0
0
0
0
0
0
0
0
0
0

0

0
0
0
0
0
0
0
0
0
0

0

0
0
0
0
0
0
0
0
0
0

0

0
0
0
0
0
0
0
0
0
0

0

0
0
0
0
0
0
0
0
0
0

0

0
0
0
0
0
0
0
0
0
0

0

0
0
0
0
0
0
0
0
0
0

0

0
0
0
0
0
0
0
0
0
0

0

   0.05094423191800376   -0.03516399804455114  -0.002812673825859279   0.001916419401369741   -0.04581262277979434    0.03151330222950684  -0.001823928868004923   0.001194119140375979 -0.0008304303704996592  0.0004759263326775594

0.0001522871220510671 -0.007726101639999269   -0.0168187483772134   0.01137237823180329   -0.0157297799424021  -0.02090102523716971 -0.007625825433219717  -0.03444298164738775     1.016459821018782     2.184391711330277

cov:
   0.9528081907064063     1.507165034336685   -0.0530579189559184    0.0382525930148727    0.1205441831331221    0.2854799965407693 -0.002960594102920995   0.08536326526806219  -0.03598220026295452   0.02213468230958376
    1.507165034336685     55.68177202333676  -0.01850490587683116     52.63108919451576    0.2417562354228486     52.10462701286901   -0.6648376270703269     49.24739723536656    -32.79835542678217     2.005810502601571
  -0.0530579189559184  -0.01850490587683116     1.139752250966876     1.700221014011042   -0.1374219174652179   -0.1746046941612876   0.01456852020086312   0.03667792983100012  0.008583824265538942  0.006381093832453557
   0.0382525930148727     52.63108919451576     1.700221014011042     60.18540378639872   -0.1220521960016554     63.44910331558996   -0.9854548718298123     68.70698819665117    -52.95026899379249     3.136765688070215
   0.1205441831331221    0.2417562354228486   -0.1374219174652179   -0.1220521960016554      1.13535786179502     1.749119631660731  -0.02209783581560014   0.08736914237900492  -0.09648449000107509    0.0188082402987559
   0.2854799965407693     52.10462701286901   -0.1746046941612876     63.44910331558996     1.749119631660731     80.35917324200511    -1.443850467458978     91.60074491279259    -76.72285475043036     4.508685090253977
-0.002960594102920995   -0.6648376270703269   0.01456852020086312   -0.9854548718298123  -0.02209783581560014    -1.443850467458978     1.085410032160528    -0.330267080851695     1.585902109836916   -0.0537664717103556
  0.08536326526806219     49.24739723536656   0.03667792983100012     68.70698819665117   0.08736914237900492     91.60074491279259    -0.330267080851695     118.9528171334799    -101.5056315139153     6.161008260747829
 -0.03598220026295452    -32.79835542678217  0.008583824265538942    -52.95026899379249  -0.09648449000107509    -76.72285475043036     1.585902109836916    -101.5056315139153     97.51835342145118    -2.577822581546724
  0.02213468230958376     2.005810502601571  0.006381093832453557     3.136765688070215    0.0188082402987559     4.508685090253977   -0.0537664717103556     6.161008260747829    -2.577822581546724     4.999394840489187

cov.inverse():
    11.2401509238483   -7.000316042944133   -16.39096006360204    11.31127325001593    4.935390833806857   -3.440405828673781   0.8634119319536094  -0.5620540576522007   0.4845603273756094   -0.281329647340389
  -7.000316042944112    4.816492669359653     11.2927059786408   -7.775656886309346   -3.448977468177336    2.352358162080426  -0.6006960285945123   0.3908169835918805  -0.3366818617123027   0.1926491256665655
   -16.3909600636019    11.29270597864071    30.60423556599272   -20.44510830486834   -12.72383584692361    8.779322812272445  -0.4322072701067813   0.2884600219307125  -0.1088663726424355  0.04461264434359093
   11.31127325001588   -7.775656886309288   -20.44510830486833    14.06832190456022    8.814185813521833   -6.032362437621704   0.2953190806415369  -0.2017847268253466  0.07660632949462928 -0.03273357391670485
   4.935390833806673   -3.448977468177191   -12.72383584692333    8.814185813521641    10.76540986309542   -6.770575999032891   -1.461921590418805   0.9727006570248832  -0.6412867072284069   0.3683010606893621
    -3.4404058286736    2.352358162080324    8.779322812272255   -6.032362437621569   -6.770575999032886    4.649174423805584    1.018350353830441  -0.6701698017750306   0.4438281645249973  -0.2565675166036703
  0.8634119319536944  -0.6006960285945605  -0.4322072701069028   0.2953190806416225    -1.46192159041875    1.018350353830405    1.981832460943992  -0.7298108164474513  -0.0323087100655557   0.0435848454049909
 -0.5620540576522559   0.3908169835919132   0.2884600219307957  -0.2017847268254047   0.9727006570248469  -0.6701698017750062  -0.7298108164474513   0.5165142688289238  0.04355008141367342 -0.04926337166456407
  0.4845603273756333  -0.3366818617123152  -0.1088663726424704  0.07660632949465285  -0.6412867072283892   0.4438281645249852 -0.03230871006555707  0.04355008141367437   0.3279797035836843  -0.1977445329970344
 -0.2813296473404013   0.1926491256665723  0.04461264434361054 -0.03273357391671834   0.3683010606893509  -0.2565675166036628  0.04358484540499203 -0.04926337166456481  -0.1977445329970343   0.3336728929309307

cov*(cov_.inverse()):
     1.000000000000073 -2.263120246759343e-14 -1.088040248176103e-14 -2.314272905257209e-14 -2.559237544108584e-14 -3.085118965850953e-14 -1.410156713621546e-14  7.104993676732008e-15 -5.434888650235337e-15  2.207435623180487e-15
 6.061817714453355e-14     0.9999999999999627  4.897471317377722e-14 -2.714495295208508e-14 -8.326672684688674e-15 -4.407585407761871e-14 -9.950373858202965e-15  2.539635168830046e-15 -3.386180225106727e-15  4.440892098500626e-16
-1.181108162662259e-14   5.80785419757035e-15       1.00000000000001 -2.003250538541723e-14 -1.271985988759994e-15 -1.205199134934887e-15 -2.529281038082809e-15  8.837874009015589e-16  1.034979393854663e-15 -1.513546232789764e-16
-3.863576125695545e-14   8.43769498715119e-15  9.192646643896296e-14     0.9999999999999983  5.329070518200751e-15  7.815970093361102e-14  6.189493362285248e-15 -2.831068712794149e-15 -5.440092820663267e-15  -5.10702591327572e-15
 1.685804273954261e-14 -7.822735514917412e-15 -1.146728111772743e-14  4.354372765136283e-15      0.999999999999999 -7.272828173032764e-15 -9.616873269946424e-16  5.346200912526022e-16 -5.104423828061755e-16  3.677613769070831e-16
-5.151434834260726e-14  3.674838211509268e-14  1.225963774942329e-13 -7.588374373312945e-14  7.260858581048524e-14      1.000000000000034   1.19071419391048e-14  6.911138328291599e-15 -4.996003610813204e-15 -3.774758283725532e-15
 1.660130366509804e-15 -1.826663820203578e-15 -2.936019483090746e-16   4.52957983620994e-15 -6.938893903907228e-17 -6.800116025829084e-16     0.9999999999999994  -1.86916454536501e-16  1.509209424099822e-16  -1.07552855510562e-16
 -1.84297022087776e-13  2.065014825802791e-14  6.777911565336581e-14 -9.658940314238862e-14 -5.417888360170764e-14  1.150191053511662e-13 -3.941291737419306e-15      1.000000000000011  2.664535259100376e-15 -4.440892098500626e-16
 7.327471962526033e-14  -6.70019595361282e-14  7.424616477180734e-15  5.397071678459042e-14  3.463895836830488e-14 -1.654232306691483e-14 -2.976785484776201e-14 -2.997602166487923e-15     0.9999999999999972   3.33066907387547e-16
-1.110223024625157e-15  2.331468351712829e-15 -9.631184738623233e-15  -4.08006961549745e-15  3.774758283725532e-15                      0  -3.33066907387547e-16  1.110223024625157e-15  1.110223024625157e-16     0.9999999999999997
