5
2

0.0001692436601134054
0.0002997034915743903
0.0006578989171164032
  0.08441105186799412
   0.5529990129763558

 0.03482584765550788   0.0962120124823595  -0.7206033502603394   0.6797908867814375 -0.09025281619789498
 -0.2756066989933595   0.8255461276665778    -0.28204742308598  -0.3860199713665974   0.1181201566261733
  0.6661779071587504  -0.1822828624327034  -0.4415824729422155  -0.4255369905505372   0.3832794585421423
 -0.5543520644306806  -0.3022133087730831  -0.1055641884970362  0.06094690347467591   0.7658345655072503
   0.414401849030732   0.4297172486793827   0.4416346730288875   0.4517484660572507   0.4944657042717128

0.3953026698865454
0.3948078673733602
0.3945160436254926
0.3941679861797612
0.3926818941950327

0.007313506570005787
  0.3964275570858026

  1.450681411021006  -4.022451864156512   4.571129924700823   2.676931712867249   -4.67666136269919
  1.581403788175634 -0.7420282846404653  0.4309695928132769  0.1453929852259311 -0.4157548975262838

-3.977490338372444e-08 -5.924284557088172e-07 -1.406915649922362e-06   -0.02486344359930549   -0.06474909943564421
-5.457045259360585e-09 -1.145422848096247e-07  3.364076172141791e-07  -0.007178214598313913     0.1183201182537454

cov:
0.05470587846586563 0.05565056809908622 0.05638404256594977  0.0570080460550785 0.05963748477159171
0.05565056809908622 0.05712038784921074 0.05826295174959699 0.05923345494476063 0.06332907711316768
0.05638404256594977 0.05826295174959699  0.0597246451444153  0.0609652934971222 0.06620414026925105
 0.0570080460550785 0.05923345494476063  0.0609652934971222 0.06243483343818117 0.06864206867312483
0.05963748477159171 0.06332907711316768 0.06620414026925105 0.06864206867312483 0.07894794042919639

cov.inverse():
 1913373.002190746 -2696624.034491502 -690355.2169587497  1356009.924259202  117685.2159943001
 -2696624.03442229  7987458.884163352 -4826770.169203555  -1085270.82406692  621027.9669300682
-690355.2172798852  -4826770.16838445  19464904.96652213 -15455727.62501759  1508611.454706491
 1356009.924551329 -1085270.824949861 -15455727.62437799  18210725.61411608 -3026406.246301596
 117685.2159540929  621027.9670631414  1508611.454564857 -3026406.246252833  779195.5358676006

cov*(cov_.inverse()):
    0.9999999999799911 -3.637978807091713e-11 -2.473825588822365e-10  -2.91038304567337e-11  1.455191522836685e-11
-6.366462912410498e-12     0.9999999999345164 -5.093170329928398e-10  2.037268131971359e-10  -2.91038304567337e-11
-2.091837814077735e-11 -6.548361852765083e-11     0.9999999998981366                      0  1.455191522836685e-11
-4.547473508864641e-11 -6.548361852765083e-11 -1.309672370553017e-10      0.999999999825377 -1.455191522836685e-11
-1.455191522836685e-11 -7.275957614183426e-12 -1.309672370553017e-10   2.91038304567337e-11      1.000000000014552
