6
2

0.0001502759546859748
0.0002468995452649437
0.0003215783304247103
0.0005968988726451353
   0.1195408806822356
    0.624035457428503

 -0.1384630658586269   0.5281255162165175  -0.7306904486954839    0.406510335424593 -0.05017920958510517 -0.01530623460089949
  0.3496230510837506  -0.5937061228055914  -0.1206041080059741   0.6357690979991563  -0.3223389456714739  0.05125104056373835
 -0.2169139106988194    0.247044756083012   0.2453966250372049 -0.02794871391169972  -0.7563442453379643   0.5087828536737515
  0.5863732755091551 -0.06073509505833419  -0.4454884745382376  -0.5073780012043559 -0.01572801910935621    0.443100262197262
 -0.5857744247515493  -0.4083443474841378  -0.2007222460485583  0.03506434225213315   0.3516549347136934   0.5700378021849958
  0.3529515008679226   0.3703127184719456   0.3906113320584044   0.4136471037119735   0.4445384908861834   0.4658305695764153

 0.396426616263309
0.3963308777789573
0.3961837518957517
0.3959942700008241
0.3957814236938244
0.3956037688455282

0.002097363876320176
  0.3968975316014116

  0.2908172718135667    1.152417330587002    2.091928455034047   -1.668001889296156    1.079887117515989   -2.947969306973758
   1.480883368308211  -0.1261065162001442 -0.08071902118836199  -0.1657758438188866    0.151004759912409  -0.2590782334030732

-3.720129542123885e-08 -1.459645781210099e-07 -1.587441261120614e-07  -4.66138245744715e-07   -0.03458223517169413   -0.09215117588863563
-6.406046378246138e-09  2.651783955043137e-08 -6.345183983672273e-08   3.13144353988403e-07   -0.01286333857484994     0.1255177665137285

cov:
0.05341542972896875 0.05431628070012798 0.05536823855396121 0.05656072389192361 0.05815664162705566 0.05925521394057739
0.05431628070012798 0.05578461366179203 0.05750027068410019  0.0594463033857142 0.06205368086329326 0.06384984416007085
0.05536823855396121 0.05750027068410019 0.05999248323675567 0.06282016560567678 0.06661094840109695 0.06922329113954032
0.05656072389192361  0.0594463033857142 0.06282016560567678 0.06664902403304933 0.07178359376659069 0.07532272964929414
0.05815664162705566 0.06205368086329326 0.06661094840109695 0.07178359376659069 0.07872226351040844 0.08350548328593314
0.05925521394057739 0.06384984416007085 0.06922329113954032 0.07532272964929414 0.08350548328593314 0.08914700335444602

cov.inverse():
 4274228.812308199 -7261352.952043715  2540498.484925188  377492.7553104167  19517.24827419689  49812.81752571049
-7261352.951922016  18733667.09422802 -15251225.31013604  3334430.367348268  161705.4499329143  282787.0622675937
 2540498.484667313 -15251225.30967494  25020152.87994654   -13842780.707451  486190.7878518046  1047143.251980749
 377492.7553132068  3334430.367249303 -13842780.70745076  14678301.19104929  -4038253.84742918 -509515.8070403241
 19517.24863227592  161705.4491920695  486190.7885521548 -4038253.847856919  7348441.828575387 -3977699.340333619
 49812.81730102222  282787.0627680018  1047143.251483376 -509515.8067085007 -3977699.340443803  3107726.962537458

cov*(cov_.inverse()):
    0.9999999999317879   8.36735125631094e-11 -6.548361852765083e-11 -3.274180926382542e-11   2.91038304567337e-11                      0
 -7.73070496506989e-12     0.9999999999126885  5.820766091346741e-11 -1.855369191616774e-10   2.91038304567337e-11   2.91038304567337e-11
-6.775735528208315e-11   1.01863406598568e-10     0.9999999998399289  4.365574568510056e-11                      0  -2.91038304567337e-11
 -4.82032191939652e-11 -1.491571310907602e-10  2.328306436538696e-10     0.9999999999199645  1.164153218269348e-10  -2.91038304567337e-11
 2.273736754432321e-11 -8.003553375601768e-11                      0  5.093170329928398e-11      1.000000000058208  -2.91038304567337e-11
-3.910827217623591e-11  4.729372449219227e-11   1.01863406598568e-10   2.91038304567337e-11                      0                      1
