5
2

0.0001277763801965377
0.0002403399054076392
0.0004198533269779107
  0.05731223430641927
   0.5851375501807615

  -0.425371667790842   0.8085068061671423  -0.4063020332311024 0.007959511430731947  0.01519844045618523
  -0.474258950019165   0.1538951151121349    0.790898156819115  -0.3223589621091673  -0.1481875398249402
  0.2317152094850858  0.07441556145339372 -0.08869252559192693  -0.7829693048600042   0.5655643990369502
 -0.6061055115782461  -0.3651424360279217  -0.0624704789348926   0.2642280018116323   0.6523711463318599
    0.41603072373962   0.4286797913958633   0.4445557765884596   0.4616968447275319   0.4820355364741897

0.3998592125429353
0.3998319124331147
0.3997984585029482
0.3997648917273097
0.3997289276143061

0.0005057078019144724
   0.4000031004694111

  1.895223681836971   3.060637616474608 -0.3410824408742915 -0.9138763355636328  -3.701471169911605
  3.472799097563435  -1.169895890403613 -0.7601023122118019 -0.2098452028916492 -0.3330658995344107

 2.846453713310156e-08  8.406695616967596e-09 -1.199952453302943e-07   -0.01609883920874042   -0.08809585635808417
-3.462915586050913e-08  -1.33502997654191e-07  1.341447959727947e-07  -0.006250603855456341     0.1191291022114496

cov:
 0.0604673985826939 0.06178941231206261 0.06344824026271915 0.06523945177095769 0.06736386527869866
0.06178941231206261 0.06335697918473884 0.06532412870329866 0.06744814146214538  0.0699678193690238
0.06344824026271915 0.06532412870329866 0.06767853944741828 0.07022049541178763 0.07323658191658731
0.06523945177095769 0.06744814146214538 0.07022049541178763 0.07321379071154063 0.07676558392089101
0.06736386527869866  0.0699678193690238 0.07323658191658731 0.07676558392089101 0.08095418727323506

cov.inverse():
 15281006.41742709  -22230148.3261732  3975466.422614607  1410060.502067244  1564016.132445729
-22230148.32653305  40478899.72114442 -18050456.98901608 -795245.0049078278   596505.180825874
 3975466.423527839 -18050456.99006314  20984715.11107257  -4217893.86681253 -2691786.544111222
 1410060.501328657 -795245.0041460866  -4217893.86659658  5280605.289544034  -1677617.80147139
 1564016.132630933  596505.1807513561 -2691786.544461036 -1677617.801232259  2208992.803271934

cov*(cov_.inverse()):
                     1 -1.600710675120354e-10 -1.455191522836685e-10   2.91038304567337e-11   2.91038304567337e-11
-8.731149137020111e-11      1.000000000371074  1.455191522836685e-10  -2.91038304567337e-11   2.91038304567337e-11
-5.820766091346741e-11  2.328306436538696e-10      0.999999999825377   2.91038304567337e-11   2.91038304567337e-11
  1.01863406598568e-10 -2.255546860396862e-10  4.365574568510056e-10     0.9999999999854481  5.820766091346741e-11
 1.164153218269348e-10  2.182787284255028e-11   2.91038304567337e-11   2.91038304567337e-11      1.000000000029104
