5
2

0.0001675193254429074
0.0002578783035278324
0.0006481001948090684
   0.1051693931727908
   0.5685322988210617

 -0.1293770125495937   0.4752677336248359  -0.7434457920906165   0.4494255172070803 -0.05183848671362461
 -0.3342605033354823   0.6772254826747282   0.1023301798864431  -0.6226541588977877   0.1773862853142503
  0.6317804911254993  -0.1227213810498591  -0.4801205664665456  -0.4356502785085206   0.4067996437531996
 -0.5590507474660894  -0.3548311629711603  -0.1180520485282449   0.1035324106997539   0.7327358741832717
  0.3998089260190201   0.4177565504080614   0.4385941677693543   0.4580484446656086   0.5132826371550079

0.4005241175286207
0.4005324871027658
0.4005037572413727
0.4005263068451349
0.4003754325214085

0.0007533960147167118
   0.4008065118757178

0.08391830511015809   1.800616298971216  -1.594628868211202   3.282383689869116  -3.572485199061158
  1.474583807830471 -0.1878666132902267 -0.2513676241257144  0.2623220959389425 -0.2976150334877169

 1.035743820651478e-07 -1.096808419962172e-07 -9.600290308862258e-07   -0.03069798130989406   -0.07881235866254832
 1.126330324542183e-09 -5.732235185167426e-08  3.528305089284347e-07   -0.01016409706532269     0.1190182369914257

cov:
0.05512427010820829 0.05618063462601627 0.05740928988903943 0.05855323272370139 0.06180070535592275
0.05618063462601627 0.05780272361409879 0.05968715044315151 0.06144442172842796 0.06643333622038039
0.05740928988903943 0.05968715044315151 0.06233214805029964 0.06480074222605756 0.07180937000083645
0.05855323272370139 0.06144442172842796 0.06480074222605756 0.06793481612878934 0.07683281509511283
0.06180070535592275 0.06643333622038039 0.07180937000083645 0.07683281509511283  0.0910961327595043

cov.inverse():
 3226886.218949483 -5779679.911900407  2190991.138580243  402445.8944247157 -40782.95992781795
-5779679.911645899   14981589.0470344 -11408553.38321511  1397815.550216519  809631.2996229059
 2190991.138128626 -11408553.38218488  20401847.84316412 -12366462.48139447  1181276.815439638
 402445.8945954866   1397815.54934597 -12366462.48054099  13479355.60064522 -2912988.060831866
-40782.95990145871   809631.299717707  1181276.815164717 -2912988.060678091  962952.3650371262

cov*(cov_.inverse()):
     0.999999999994543 -7.275957614183426e-12   1.01863406598568e-10  5.820766091346741e-11 -7.275957614183426e-12
 5.911715561524034e-12      1.000000000174623 -1.164153218269348e-10  1.455191522836685e-10  7.275957614183426e-12
 2.592059900052845e-11 -7.275957614183426e-12      1.000000000043656 -8.731149137020111e-11  1.455191522836685e-11
-4.774847184307873e-11  8.731149137020111e-11  4.365574568510056e-11      1.000000000087311                      0
-1.546140993013978e-11  7.275957614183426e-11  5.820766091346741e-11  5.820766091346741e-11     0.9999999999854481
