6
2

0.0001383486127242622
0.0002677227698761753
0.0003776756134820838
0.0006892521269888291
   0.1130604588547341
   0.6313885072367073

 -0.02936450861821764    0.2027481637757476   -0.7230352587262083    0.6553319726759054  -0.06299580550433753  -0.04269023817530822
   0.3321530026637606   -0.7629705719741007     0.209619887306547    0.4595926882961184   -0.2286687385432647 -0.009744785597015807
  -0.1804463766416926    0.2375101920524284    0.1708152069830902    0.0633827509604918    -0.791938018152648    0.5006665369051175
   0.6127415302071214   -0.1201014193138384    -0.473845345896784   -0.4322180085768929  -0.03125863184797086    0.4447522292322006
  -0.5951413992679238   -0.4086110335513919   -0.1500443584271125  0.005336515847067169    0.3473804094739479    0.5793347921142006
   0.3558170114662818    0.3727877001688228    0.3963066504915016     0.410434291933036    0.4415043158962926    0.4625821600328145

0.4001689038710238
0.4000773406463189
 0.399992728338377
0.3998624720842939
 0.399602982160811
0.3994242728486267

0.002031761372819842
  0.4006221489993914

 0.01869823944925403   0.1632906062143942    1.621479348587467      2.3826462093344  -0.8387723966666313   -3.347914299663445
   1.451957960009942  -0.3424229747269379  0.01660702556967619   0.2497883241127203 -0.08093883314647757  -0.2950479497057948

 1.181643559081901e-08    1.1045131328471e-07 -7.824194890108679e-08 -1.553037274652022e-06   -0.03245986540958027   -0.09207190872915068
 1.097116995264928e-09  6.330351714192667e-08 -5.823696714120574e-08  3.260276584289808e-07   -0.01181641767139103     0.1299064244151582

cov:
0.05499928958805031  0.0559872512757088  0.0573562208849806 0.05817814487436979 0.05998335922081447 0.06120870626811838
 0.0559872512757088 0.05753514805784776  0.0596797861583895 0.06096773801179455 0.06379856770143587 0.06571947055519067
 0.0573562208849806  0.0596797861583895 0.06289968629803289 0.06483364450170866 0.06908620183216761 0.07197129937070866
0.05817814487436979 0.06096773801179455 0.06483364450170866 0.06715582766155569 0.07226272270146085 0.07572722844751421
0.05998335922081447 0.06379856770143587 0.06908620183216761 0.07226272270146085 0.07925017473881101 0.08398983355289645
0.06120870626811838 0.06571947055519067 0.07197129937070866 0.07572722844751421 0.08398983355289645 0.08959469660592653

cov.inverse():
 2602902.765713104 -4302100.475741326  1253414.785076655  486763.4255995217 -1518.765437014404 -39423.31890493249
-4302100.475735147  10695174.45618515 -9486042.500904908  2264285.037486087  456057.9287670443  372737.9823660417
  1253414.78525959 -9486042.501266839  28603228.32394279   -22904353.095544  793738.6551837599  1740097.265066204
  486763.425472606  2264285.037639929 -22904353.09555473  25805796.14584462 -3946585.703321449 -1706284.739302312
-1518.765724500411   456057.929555752  793738.6545949214 -3946585.703342455  5335810.710677021 -2637379.126064488
 -39423.3186796388  372737.9817916016  1740097.265486761 -1706284.739265094 -2637379.126173127  2270291.680881335

cov*(cov_.inverse()):
     0.999999999992724  1.491571310907602e-10  1.455191522836685e-11  2.619344741106033e-10 -5.820766091346741e-11  -2.91038304567337e-11
                     0      1.000000000167347 -3.346940502524376e-10  1.164153218269348e-10 -8.731149137020111e-11   2.91038304567337e-11
 1.045918907038867e-11  1.855369191616774e-10      1.000000000145519  1.600710675120354e-10  -2.91038304567337e-11 -5.820766091346741e-11
 1.455191522836685e-11  7.275957614183426e-11  5.820766091346741e-11      1.000000000189175   2.91038304567337e-11  -2.91038304567337e-11
-6.139089236967266e-11  1.491571310907602e-10  2.328306436538696e-10 -2.328306436538696e-10     0.9999999999417923   2.91038304567337e-11
 4.456524038687348e-11  4.365574568510056e-11  5.820766091346741e-11  5.820766091346741e-11                      0     0.9999999999708962
