7
2

0.0001232549034774517
0.0001869792727194038
0.0002703558166478639
0.0004011074287170339
0.0006808531951078885
  0.09667351307696888
   0.6690860413965417

0.006246988418498418  0.04542879596957324  -0.4617245251088793   0.7767572548833912   -0.423932475541535  0.02913889808688066  0.02807152170725502
-0.05380153884664271   0.3879079201031551   -0.657284443938152  -0.0666187999535599   0.6190747848031615  -0.1324080858213402 -0.09688366641848364
   0.253724332740143  -0.6827279413863818  0.05224955927629962   0.3324862835535161   0.4547236443463229  -0.3858093810798299 -0.02463543328792614
 -0.2371328360340307   0.3105778170912433   0.1980544631905286    0.067660136861843 -0.08093052127644297  -0.7470140771340215   0.4888007696239586
  0.6357653821089686  -0.1249753249614714  -0.3758096779448185   -0.365675015868542  -0.2340367254294614 -0.03448923079516478   0.4992691858152055
 -0.5974610240027486  -0.3795246055922299  -0.1939203734438033 -0.04713476339813998    0.136369442842744   0.3359838622039046   0.5724446006276712
  0.3395600893993334   0.3538783540992413   0.3660519233142573   0.3756929284087162   0.3877299462376899   0.4008309503512945   0.4163290852195426

0.3988813536191043
0.3988319597606028
 0.398865578224148
 0.398797304486975
0.3987068652558506
0.3986158870756539
0.3985132404235814

0.001357981465683626
   0.399243631279096

  0.760459705715458  -2.020752850182569   2.314999971460893   3.638501366278174  0.8128148836122322  -1.561889174502223  -3.944602941444466
  1.516212291759553 -0.5385734185375773  0.1492276897329376  0.2880488552229002 0.07199586128450393 -0.1222235151444445 -0.3647349027655535

 1.776630433122428e-08 -5.232364945187563e-08   2.90370416008186e-07 -1.496904978087145e-07 -1.655037783125097e-06   -0.02784887749951874   -0.08759378320197954
 1.451201034833213e-09 -1.089654355786237e-08  6.906101335936296e-08 -9.179815159851008e-08  3.129570417641094e-07  -0.009196505999373843     0.1406477272911484

cov:
0.05495379345189501 0.05591319317581698 0.05672731489684057 0.05737327312148482 0.05817846265803798 0.05905546153208204 0.06009116203773507
0.05591319317581698 0.05740864891821687 0.05867884993201378 0.05968555255473924 0.06094159899969357 0.06230906302822992 0.06392562149499117
0.05672731489684057 0.05867884993201378 0.06033745917113171 0.06165130500386735 0.06329123811730804 0.06507632187304271 0.06718744414028237
0.05737327312148482 0.05968555255473924 0.06165130500386735 0.06320816996171628 0.06515178875380603  0.0672672436770097 0.06976962391065264
0.05817846265803798 0.06094159899969357 0.06329123811730804 0.06515178875380603 0.06747502973474437 0.07000341244744369 0.07299484165494337
0.05905546153208204 0.06230906302822992 0.06507632187304271  0.0672672436770097 0.07000341244744369 0.07298118767494927 0.07650453670734801
0.06009116203773507 0.06392562149499117 0.06718744414028237 0.06976962391065264 0.07299484165494337 0.07650453670734801 0.08065835770321392

cov.inverse():
 2187604.556490426 -3577352.505749077  195679.7400311194  974846.1601852486  249762.4130833187 -69804.57210233729  39374.83397050256
-3577352.505484558  11450190.18810035 -8677925.476632956 -1292812.449422427  1260609.613007155  788965.7424743784  48054.02781892422
 195679.7395172449 -8677925.476501128  26976248.02783928 -21738156.34142856  1660933.731401536  436275.7420072315  1147609.817496804
 974846.1602087199 -1292812.447475953 -21738156.34453426   41671988.5858053 -20636317.59583661 -299759.1521569355  1319566.475395749
  249762.413387628   1260609.61055678  1660933.734965675 -20636317.59670599  25780055.07043229 -5164765.440050087 -3150108.670085358
-69804.57212458392  788965.7427746184  436275.7415602655 -299759.1526664409 -5164765.439136451  6064843.171563622 -1755868.107441076
  39374.8339142955  48054.02815527472  1147609.817103333  1319566.475638933 -3150108.670450397 -1755868.107205906  2351473.234828947

cov*(cov_.inverse()):
    0.9999999999799911  1.487023837398738e-10  7.275957614183426e-11  1.600710675120354e-10  2.037268131971359e-10  4.365574568510056e-11                      0
-5.366018740460277e-11      1.000000000112777   2.91038304567337e-11 -2.619344741106033e-10  1.455191522836685e-10  5.820766091346741e-11   2.91038304567337e-11
-2.955857780762017e-11  1.723492459859699e-10      1.000000000029104                      0  -2.91038304567337e-11  4.365574568510056e-11   2.91038304567337e-11
-2.364686224609613e-11  1.482476363889873e-10  1.164153218269348e-10      1.000000000101863  5.820766091346741e-11   2.91038304567337e-11   2.91038304567337e-11
-2.637534635141492e-11  5.138645065017045e-11  3.055902197957039e-10 -3.201421350240707e-10      1.000000000232831 -1.455191522836685e-11   2.91038304567337e-11
-1.955413608811796e-11  4.956746124662459e-11  2.473825588822365e-10 -4.074536263942719e-10  2.328306436538696e-10     0.9999999999417923  -2.91038304567337e-11
-9.549694368615746e-12 -6.775735528208315e-11  2.328306436538696e-10  1.455191522836685e-11 -5.820766091346741e-11                      0                      1
