6
2

0.0001712933319467643
0.0003043729240239834
0.0004487418690244027
0.0007188933763963705
   0.1019700387759009
   0.7039036461461606

 -0.0382229756843502   0.3850923030765183  -0.8051844048183935   0.4459721349411631  0.04462186546263841  -0.0322294966910874
   0.124472179490985  -0.5825657612885777   0.1252652570686413   0.7365980395995332  -0.1503785901208463  -0.2534601218534031
-0.06150763719921139   0.1872342270338161   0.1012442774838852   0.1343622093467326   -0.839310621301503   0.4779270119379477
  0.5716145080814488  -0.4747397436525729  -0.3976832643643981  -0.2284069631341856   0.0440696876399037   0.4854020735587242
 -0.7376760863549647  -0.3349551312015399 -0.07408754706945841   0.1012801246619634   0.2731808939215766   0.5032540338791917
  0.3291706806500155   0.3737534374303218   0.4026106587004984   0.4219615801869715   0.4408887745836982   0.4662887536734878

 0.397715579513681
0.3954216751076201
0.3939503889754706
0.3929268034507118
0.3919396324232872
0.3905945848386218

0.01534671095955272
 0.3998768426927063

   0.7821017692520513    -1.168143198591486     4.555149474705043    0.2292414461614326   -0.5903945093042267    -3.810085671130539
    1.382999702256673   -0.5317818852601784    0.4953027455665702   0.04162167792866131 -0.001137985456949403   -0.3870044863234248

 -1.15862890275878e-07  2.382606540666461e-07 -2.215577206565023e-07 -1.414856300843002e-06   -0.02681251541354493    -0.1413943145647693
-1.835226377207546e-08  6.234003210938816e-08  -6.30081690465025e-08  3.352104920089929e-07   -0.01112195097476147     0.1449314661211889

cov:
0.05934529733962905 0.06352733719339761  0.0662329882745919   0.068044014324752 0.06981255112676882 0.07219061575442388
0.06352733719339761 0.07038120758023463 0.07481657344905383 0.07778928759825531  0.0806956063270215 0.08459800579874796
 0.0662329882745919 0.07481657344905383 0.08037223382815679 0.08409731353294279 0.08774051641576175 0.09263014718179101
  0.068044014324752 0.07778928759825531 0.08409731353294279 0.08832780028401055 0.09246588257335954 0.09801861478831607
0.06981255112676882  0.0806956063270215 0.08774051641576175 0.09246588257335954 0.09708902828622519  0.1032910100008747
0.07219061575442388 0.08459800579874796 0.09263014718179101 0.09801861478831607  0.1032910100008747  0.1103635047087952

cov.inverse():
 868103.4490241345 -1866628.027955135  746438.0173509521  115027.4778976881  44916.10693936748  92305.50198491974
-1866628.027979325  9327701.485164069 -10895923.63439322  1555973.424077052  710379.7689691588  1169307.636367856
 746438.0174797062 -10895923.63436752  22622099.73335909 -10999040.29375949 -1883742.097005919  408499.8961513696
 115027.4777779674  1555973.423823325 -10999040.29286108  12825761.76981155 -1096923.058584134 -2400744.198557084
 44916.10691355776  710379.7692176092 -1883742.097787888 -1096923.057899394  3813982.604133227  -1588198.58598052
 92305.50202587798  1169307.636323283  408499.8961892303 -2400744.198716695 -1588198.585855129  2319074.287961745

cov*(cov_.inverse()):
     1.000000000001819 -7.275957614183426e-11 -2.546585164964199e-11  8.731149137020111e-11 -1.455191522836685e-11                      0
 3.365130396559834e-11     0.9999999998835847  1.673470251262188e-10                      0   2.91038304567337e-11                      0
   1.2732925824821e-11  -1.01863406598568e-10      1.000000000181899 -5.820766091346741e-11   2.91038304567337e-11                      0
-1.091393642127514e-11 -7.275957614183426e-11  2.546585164964199e-10     0.9999999999708962  -2.91038304567337e-11                      0
-3.637978807091713e-12 -7.275957614183426e-11  2.983142621815205e-10                      0      1.000000000029104   2.91038304567337e-11
   1.2732925824821e-11 -5.820766091346741e-11 -7.275957614183426e-11  5.820766091346741e-11                      0      1.000000000058208
