6
2

9.125143375936242e-05
0.0002183921102694707
0.0004545149534546412
0.0007788701024276888
    0.103294085917676
   0.6935245056656628

-0.01324318080739325   0.4641706359665325  -0.7991095502954692   0.3810482076706471 -0.01113988024382434 -0.02173320027611485
 0.08789476171338664  -0.6199163050525469 0.005766600223036443   0.7609077243154292  -0.1439575168904195 -0.09077830315153701
-0.06169202590380728   0.1703322637355043   0.1225834307306859  0.05387967767816964  -0.8165866859735096   0.5314484744592035
  0.6399718678336099  -0.3858734325119811  -0.4016789856650688  -0.3247627913133017  0.05877094090217622   0.4138439329287416
 -0.6823873532641047  -0.2787237733896495  -0.1787471770262682 -0.01736690327006266   0.3307232574833126   0.5612757990402045
  0.3362688380627977   0.3803302086293152   0.3912383092680952   0.4088351732551888   0.4466614200429647    0.471754346315455

0.3978228144567282
 0.395549753310969
 0.395044480485993
0.3940928207824622
0.3921031169932168
0.3907704695650309

0.01520561522824872
 0.3999651480418389

 0.7695405300148945  -2.320087641580319   2.439411213625017   3.274387375683451 -0.5402184757707696   -3.62514653998555
  1.388723414144323 -0.8569966541045373  0.5689873921822921  0.2516120670934838 0.01082114053613431 -0.3631434214361822

-1.418858423354614e-08  2.107325451593183e-07 -3.000938842983722e-07 -1.327027466796283e-06   -0.02757826282631886    -0.1356470623317312
-6.388497762749976e-09  4.194642939469025e-08 -7.233957870321803e-08   4.60755941815629e-07   -0.01083079487276012     0.1443116875714254

cov:
0.05935582839782892 0.06354277958901564 0.06457910953685218 0.06625022793178725 0.06983390893239706 0.07221387481099976
0.06354277958901564 0.07040273693447986 0.07210081275342668 0.07483983805282188 0.08072410849244643 0.08462867708350354
0.06457910953685218 0.07210081275342668 0.07396279765715408 0.07696630271868321 0.08342032573193989 0.08770246463229706
0.06625022793178725 0.07483983805282188 0.07696630271868321 0.08039666174327313 0.08777019495237383 0.09266169385416709
0.06983390893239706 0.08072410849244643 0.08342032573193989 0.08777019495237383 0.09712501618754493  0.1033291554794119
0.07221387481099976 0.08462867708350354 0.08770246463229706 0.09266169385416709  0.1033291554794119  0.1104037364685064

cov.inverse():
 876642.4145899274 -2338562.879962147  821204.4201802072  437511.4046750725  58261.83446354898  145116.3894701686
-2338562.879055894   34317984.1912762 -44263949.42927108  11602277.15307722  539420.6606160311  143328.5651270327
   821204.41842121 -44263949.42378642   77028437.5568908 -36229467.26767023  528199.2558849641  2116040.068384336
 437511.4056256689  11602277.14777607 -36229467.26316942  29764463.56128291 -3050854.644999428 -2525725.794815199
  58261.8344218413  539420.6612052829  528199.2550827981 -3050854.644739295  3682924.714759053 -1757533.701728262
 145116.3894140106  143328.5652606446  2116040.068411251  -2525725.79492508 -1757533.701722753  1879034.688729952

cov*(cov_.inverse()):
      1.00000000003638 -2.055458026006818e-10  6.402842700481415e-10  -4.94765117764473e-10 -1.455191522836685e-11                      0
 2.182787284255028e-11     0.9999999998472049  1.164153218269348e-10  1.455191522836685e-10  -2.91038304567337e-11                      0
-1.818989403545856e-12   -1.2732925824821e-11      1.000000000087311 -1.164153218269348e-10   2.91038304567337e-11   2.91038304567337e-11
 2.000888343900442e-11 -2.164597390219569e-10  -2.91038304567337e-10      1.000000000465661  -2.91038304567337e-11   2.91038304567337e-11
-3.637978807091713e-12  3.983586793765426e-10  2.619344741106033e-10 -3.783497959375381e-10      1.000000000058208                      0
 1.818989403545856e-12 -3.365130396559834e-10 -1.746229827404022e-10  2.328306436538696e-10                      0                      1
