6
2

0.0001110280144975373
0.0001279158040011394
0.0002181973885131058
0.0005226168921934461
  0.06141331672436388
    0.593300952367648

-0.001983916172097234   0.05154533633085177   -0.3261832489258746    0.7028606709894574   -0.6043276549183095    0.1780971453350916
  0.04440612771514235   -0.4825093102511823    0.7307596490537366  -0.05026211060645538   -0.4368675509711539    0.1944830578816175
  -0.1704612962036465    0.6235472184187989   0.03225035766240496   -0.4897308629148925   -0.4108610087462077    0.4152693592478028
   0.6344918115338383   -0.3519926225706341    -0.422270710202776   -0.2977502780641863  -0.01663675752902433    0.4541770274560554
   -0.646936381444857   -0.3067389479697048   -0.1315638063152103    0.0759081918741953    0.3135463135716577    0.6049811209296877
   0.3845264176283391    0.3971512579357289    0.4036497863722515    0.4113477818602631     0.420166618671683    0.4309642413707498

0.3823464871015018
0.3803888885906283
0.3794782602335631
0.3782541439486958
0.3768531722560506
 0.375135724309403

0.02859368742797665
  0.386253864209591

  1.077023990815824  -3.850448746320169   3.600098046846039   6.786729058095265    2.62140738110936  -10.23538720862989
  1.571192895268634 -0.7290168184288868  0.2280814046672215  0.6430641949829815  0.2433739813702606 -0.9568015624565589

-1.461805782050283e-10  1.733728967950593e-08 -5.294038677798822e-07 -1.691911295902197e-06   -0.01827127204561511   -0.06330463687549506
 2.393010677814322e-10  4.311097760172523e-09 -7.271490219154415e-08  1.439732765587757e-07  -0.004814725540068059     0.1271212127686028

cov:
0.05362643402183793 0.05450502352309474 0.05495720508985193 0.05549296920871485 0.05610686328939124 0.05685736168504675
0.05450502352309474 0.05587652139195766 0.05658233338529952 0.05741846632276156 0.05837639160676527  0.0595487105414829
0.05495720508985193 0.05658233338529952 0.05741879116368641 0.05840960006347824 0.05954469449475196 0.06093423781181965
0.05549296920871485 0.05741846632276156 0.05840960006347824 0.05958365570875671 0.06092859479764806 0.06257544207925037
0.05610686328939124 0.05837639160676527 0.05954469449475196 0.06092859479764806 0.06251394452224633 0.06445553902907512
0.05685736168504675  0.0595487105414829 0.06093423781181965 0.06257544207925037 0.06445553902907512 0.06675861817114929

cov.inverse():
 2205215.608326247 -4367947.565710032   939304.657867703  812187.0655224071  343971.4635370764  67306.06127780375
 -4367947.56596649  23064381.65393047  -21946553.5581909 -1609135.028570935  4996143.537196817 -136978.3844124567
 939304.6583602993 -21946553.56120783  41941928.89916313 -20714124.13156753 -3772683.547372533  3552334.422500809
 812187.0660158674 -1609135.025690149 -20714124.14250313  45591480.11381118 -28870585.86649569  4790461.941297997
 343971.4621986814  4996143.538489767 -3772683.534842256 -28870585.88300062  44837208.41370744  -17534850.3871016
 67306.06188663493  -136978.385825814  3552334.418381643  4790461.950241935 -17534850.39112182  9262103.190564005

cov*(cov_.inverse()):
    0.9999999999499778 -3.601599019020796e-10  -2.91038304567337e-10 -1.164153218269348e-10  3.492459654808044e-10 -1.164153218269348e-10
-2.637534635141492e-11      0.999999999740794  3.492459654808044e-10 -1.164153218269348e-10 -2.328306436538696e-10  1.164153218269348e-10
-4.001776687800884e-11 -1.928128767758608e-10      0.999999999825377 -1.746229827404022e-10 -2.328306436538696e-10 -1.164153218269348e-10
-5.366018740460277e-11   4.18367562815547e-11 -8.731149137020111e-11      1.000000000058208  6.984919309616089e-10 -1.164153218269348e-10
-6.548361852765083e-11 -7.275957614183426e-11  8.731149137020111e-11  1.746229827404022e-10                      1                      0
-1.182343112304807e-11 -4.911271389573812e-11  -2.91038304567337e-11  5.820766091346741e-11                      0                      1
