5
2

0.0001274020147511621
0.0002387139388692589
 0.000689497076205956
  0.08360893903971582
   0.5659278434443954

-0.01949327090807028   0.4476981015688007  -0.7985605771253719   0.4007074326012647 -0.03034765823409026
 -0.1222976684753618    0.620950974299826 -0.02499686764318439  -0.7301107925149278   0.2564694037557714
  0.5866368347904812  -0.4188136121215744  -0.4012816958673797  -0.2654503616865859   0.4989604076587097
 -0.6921961600731642  -0.2259325915802043 -0.05519380027515305   0.1590804005732092   0.6644290862134747
  0.4017275105363921   0.4330541764390701    0.444525371876802    0.458913189770413   0.4928234628743315

0.3996781976707113
0.3997984206996352
0.3997772973846786
0.3997500250891879
0.3997003986324923

0.0003835562729835808
   0.3999167334409542

  0.0823552073115328   0.6943758121311084    4.436398877633231  -0.8936316749180122   -4.320064015116023
   1.335165064226171  -0.2305087180891059   0.2897120502453869 -0.01531169857723733  -0.3791156658660383

-5.616749230415675e-08 -8.280321040103323e-09 -1.873610686159484e-06   -0.02426586238245279   -0.07470389365013839
-5.765476697500097e-09 -2.277757786117895e-08  2.749948484694223e-07  -0.007986162988073272      0.118972397768245

cov:
0.05503700908122983 0.05681116612105248  0.0574609293640763 0.05827532899856212 0.06019326916414525
0.05681116612105248 0.06041988003481338 0.06174119509802199 0.06339826795525197 0.06730323796860001
 0.0574609293640763 0.06174119509802199 0.06330848753710087 0.06527416826029092 0.06990685576932844
0.05827532899856212 0.06339826795525197 0.06527416826029092 0.06762716496990762 0.07317306270048525
0.06019326916414525 0.06730323796860001 0.06990685576932844 0.07317306270048525 0.08087278567175553

cov.inverse():
 1009842.595097768 -2387114.059967732  517531.1635785853  758126.0364877534  101658.4011118319
-2387114.059757571    19483992.933277 -21945120.43027341  3330412.544837227  1518066.528012842
 517531.1629870806 -21945120.42801985  39637972.03102012 -19170026.47947099  959399.6913634691
 758126.0369597917  3330412.542192378 -19170026.47708857  19395164.90027901 -4313799.393360343
 101658.4010211377  1518066.528614325  959399.6906430466 -4313799.393150704  1734778.296371326

cov*(cov_.inverse()):
     1.000000000011823  1.600710675120354e-10 -4.656612873077393e-10  1.746229827404022e-10 -4.365574568510056e-11
 5.456968210637569e-12     0.9999999999854481 -6.184563972055912e-10  1.164153218269348e-10 -4.365574568510056e-11
-9.094947017729282e-13 -1.455191522836685e-11     0.9999999997671694  5.820766091346741e-11 -1.455191522836685e-11
 2.000888343900442e-11 -1.746229827404022e-10   1.01863406598568e-10     0.9999999998835847  4.365574568510056e-11
-5.456968210637569e-12 -1.164153218269348e-10  4.365574568510056e-11  5.820766091346741e-11      1.000000000029104
