5
2

 0.000238539642881399
0.0003285322539704092
0.0006509855733000779
   0.1062210148730721
   0.5743923077855918

-0.1700745594355955  0.4313547824671112 -0.7485744811336216  0.4737736704340306 0.01350745255533679
 -0.379835577242617  0.6584242359725281 0.08994432448676813 -0.6003198422013193  0.2317942305079269
 0.5363574805816292 -0.1849604548701706 -0.4768856273060161 -0.4077554817858173  0.5333158995388286
-0.6210941512500138 -0.4219483566607539 0.02266714157723772  0.1789105609040353  0.6353572628718708
 0.3916149726462311  0.4100729100687491  0.4512344887636727  0.4657049221701107  0.5079215325655705

0.4001960206536647
0.4000064626802556
0.3995669439697603
0.3993715218207409
0.3988140976517005

0.003379862232109392
  0.4008203028777207

 0.1200326455572975  0.3080624857690603   3.826877293392176 -0.2429377050740261  -4.012526670593794
  1.490302967370751 -0.4057534903592331  0.2506091772384816 0.02388366570199907  -0.359052341239626

-1.662384187666949e-07 -3.052262502573026e-08  -1.63514962971035e-06   -0.03058395575488102   -0.08282221420750326
-3.468810835352778e-08 -9.803068310902702e-08  2.346247198717291e-07   -0.01097357548338048      0.118467465783694

cov:
0.05495089506991056 0.05593996206461951 0.05814242555821146 0.05891718387887711 0.06117326767095961
0.05593996206461951 0.05748926017794304 0.06094139871571941 0.06215529193343532 0.06569386438038517
0.05814242555821146 0.06094139871571941 0.06718311156291211 0.06937727283845839  0.0757788123177212
0.05891718387887711 0.06215529193343532 0.06937727283845839 0.07191609535545966 0.07932377861898815
0.06117326767095961 0.06569386438038517  0.0757788123177212 0.07932377861898815 0.08967065369451764

cov.inverse():
  2523920.23615926 -3840470.460495905  1317352.386611761   180457.439781692 -181141.4012672543
-3840470.460425118  7367317.559631621 -4917950.342027076  107410.8305531057  1283616.937294978
 1317352.386516069 -4917950.342120262  10459617.07716319 -6274236.990129563 -584681.3711060246
 180457.4397461756  107410.8308730255 -6274236.990608796  7676045.310880176 -1689896.182743719
-181141.4012068287  1283616.937139016 -584681.3708156418  -1689896.18293856  1172196.930389573

cov*(cov_.inverse()):
     1.000000000040018  -2.91038304567337e-11 -5.093170329928398e-11 -7.275957614183426e-11   2.91038304567337e-11
 1.637090463191271e-11      1.000000000043656 -1.164153218269348e-10   2.91038304567337e-11   2.91038304567337e-11
 5.456968210637569e-12 -4.365574568510056e-11     0.9999999999054126  1.600710675120354e-10  1.455191522836685e-11
 3.637978807091713e-12   2.91038304567337e-11 -1.600710675120354e-10      1.000000000058208  4.365574568510056e-11
 1.455191522836685e-11                      0  7.275957614183426e-12                      0                      1
