5
2

0.0002549119535852501
0.0003840776182740433
0.0005649897467463512
   0.1125912855119992
   0.5815512904549229

 -0.3135752552761316   0.6881436152896192  -0.6232781642414396    0.190400859907424  0.05831609161265609
  0.2487341034407394  -0.3141781904852785  -0.2778512554289447   0.7646472687896022  -0.4213509755513669
  0.5425782385940177  -0.2602081175198594   -0.577780920653743  -0.2131130513622179   0.5085790259621238
 -0.6304528534591706  -0.4437640560419584 -0.02408427394999496   0.3178239514543926   0.5513715133742376
  0.3846296395670038   0.4038757575065494    0.447115382550405   0.4823202567797833   0.5063589808147543

0.3993835855040354
0.3993206362830528
0.3991650173747968
0.3989520101514865
0.3988089671756087

0.001625080062628017
   0.399777208709952

 0.6562751719042417 -0.1957031602091642   3.728515191682312 -0.8052198479496258  -3.384357673794335
  1.550634086821407 -0.4723518779569539  0.2866900795603628 -0.0708528174138161 -0.2941536609422384

-1.959177886087978e-07 -1.409800401103672e-10 -1.052405521516889e-06     -0.032182074797123   -0.08847839646561936
-6.631989013789719e-08  7.732850621872925e-08  2.119913277275741e-07   -0.01216465867169361     0.1186110617856954

cov:
0.05507234230939618 0.05608370501216081 0.05835426303596006 0.06020131242087071 0.06146187245020981
0.05608370501216081 0.05766248049714164 0.06120770235659016 0.06409294131873736  0.0660625935385102
0.05835426303596006 0.06120770235659016 0.06761817122752604  0.0728371544673205 0.07640079280172452
0.06020131242087071 0.06409294131873736  0.0728371544673205 0.07995747853309318 0.08481949061443815
0.06146187245020981  0.0660625935385102 0.07640079280172452 0.08481949061443815 0.09056876014500853

cov.inverse():
 2854898.967414347 -4292798.036168196  1557187.888923212  8242.675748194059 -127456.6769150743
-4292798.036253204  8168747.784117062 -5537808.748716759  561524.3724830111  1100373.993892554
 1557187.889107164 -5537808.748989623  7547514.575044654 -2880797.191180957 -686263.3621107793
 8242.675657142732  561524.3727252029 -2880797.191412775  4663737.871866199 -2352721.265722007
-127456.6769229694  1100373.993838225 -686263.3619678771  -2352721.26580269  2066152.281132464

cov*(cov_.inverse()):
     1.000000000056389 -7.275957614183426e-11  -2.91038304567337e-11 -5.820766091346741e-11   2.91038304567337e-11
 5.456968210637569e-12     0.9999999999417923 -7.275957614183426e-11 -5.820766091346741e-11   2.91038304567337e-11
 4.911271389573812e-11 -1.164153218269348e-10     0.9999999999490683   2.91038304567337e-11  -2.91038304567337e-11
 7.639755494892597e-11  -2.91038304567337e-11 -2.182787284255028e-11                      1  -2.91038304567337e-11
 1.818989403545856e-12  -2.91038304567337e-11  2.182787284255028e-11                      0                      1
