5
2

9.146503852023601e-05
0.0002288083490030505
0.0007786726556234415
  0.09599549193884352
   0.6208884047418558

-0.01323606056089783    0.468046394693191  -0.8006003185431804   0.3729085624625679 -0.02712403189411457
 -0.0992172871445335   0.6378026207233202  0.02287316131862344   -0.741812485668812   0.1804294918445814
  0.6348266361765268  -0.3782478179506129  -0.3926171688520032  -0.3129548704001502   0.4492602119394264
  -0.666060613454811  -0.2226636712263367   -0.112877146379788  0.06440244405515359   0.6999251558167411
  0.3786015555138458   0.4260162756806128   0.4377515927871009   0.4566891880048258   0.5243849002303228

0.3977612563991052
0.3954876364679849
0.3949819479116823
0.3940294747081822
0.3907042815612156

0.01521386944309278
 0.3999044623417105

0.7873908975316883 -2.227380712745312  2.474428835761443  2.841343126315815 -3.877868777354825
 1.388719607539112 -0.835105187935669 0.5458215278635257 0.2536932052922122 -0.353117696523358

-1.563764838521119e-08 -2.224793551885443e-07 -1.370629017386128e-06   -0.02616202691010621    -0.1169972831840224
-6.207895593138978e-09 -4.763299842765186e-08    4.5180019735895e-07  -0.009504969983275626     0.1309268734531009

cov:
 0.0593460003421245 0.06354437220669649 0.06458330889520773 0.06625920631914989 0.07223907133349629
0.06354437220669649 0.07042176943068619 0.07212377359217823 0.07487010567620742 0.08468363373026834
0.06458330889520773 0.07212377359217823 0.07398997239566374 0.07700134283208086  0.0877640505273594
0.06625920631914989 0.07487010567620742 0.07700134283208086 0.08044062668503926 0.09273576714923408
0.07223907133349629 0.08468363373026834  0.0877640505273594 0.09273576714923408  0.1105198438121717

cov.inverse():
 873683.0025114481 -2345260.441643687    812263.92712623  488180.6633043441  171297.2637956319
-2345260.441589471  34192012.45796265 -44267791.73420576  12021175.89203073  400320.1364637222
 812263.9272131684 -44267791.73943673  76880543.97205335 -35808272.75153461  2383644.049902984
   488180.66311447  12021175.89883666 -35808272.75894036   27294971.6939774 -3997505.235041149
 171297.2638443722  400320.1349423067  2383644.052165761  -3997505.23583127  1042704.502422518

cov*(cov_.inverse()):
     1.000000000021828  -8.36735125631094e-11 -2.037268131971359e-10  2.328306436538696e-10   2.91038304567337e-11
 1.637090463191271e-11     0.9999999999272404  1.455191522836685e-10                      0                      0
-3.637978807091713e-12  4.656612873077393e-10     0.9999999989231583   2.91038304567337e-10                      0
-2.546585164964199e-11 -1.455191522836685e-11 -3.201421350240707e-10      1.000000000523869  1.455191522836685e-11
 1.091393642127514e-11 -1.891748979687691e-10  1.746229827404022e-10                      0      1.000000000014552
