5
2

0.0001281340434106035
0.0001895153054885095
0.0004966569271126238
  0.06121238408385521
    0.540789926169898

-0.04296973667666686   0.4717182552070817  -0.7032235007644412   0.4861212759495408  -0.2116560948239363
 -0.1265864955526448   0.5546774936953041  -0.2100254785012987  -0.6605784949033535    0.442531453778278
  0.6335051698437588  -0.4406992271803751   -0.501601635789535 -0.07490772958224412    0.383718675550131
 -0.6345090763213899  -0.2926426138565105  -0.1166246303140027   0.3306690409670943   0.6235504899934174
  0.4221361068667843   0.4358431568926281   0.4429001026532843   0.4608350838804981    0.472559387171377

0.3823021652626567
0.3803417330522328
0.3794300127188912
0.3768020156616299
0.3750828008006451

0.02862766898032232
 0.3862134760899527

 0.9574038466082775  -3.639914103863579   6.710435183953641   6.935979039515706  -10.96455234107115
  1.558798702495721 -0.7051957526234113  0.5204281955224174  0.6506499986746274  -1.024795663890595

-1.288260782193528e-08  -4.66314362904233e-07 -1.450951015968901e-06   -0.01824141035197886   -0.05711157850665204
-3.815836699056807e-09 -5.678657986165213e-08    1.4683330208684e-07   -0.00474836130808248     0.1160262588538789

cov:
0.05362356409361918 0.05450282069403838 0.05495555392554625 0.05610635936194497 0.05685753463575666
0.05450282069403838 0.05587524687704798 0.05658172837670677 0.05837728001015658 0.05955052281879875
0.05495555392554625 0.05658172837670677 0.05741890822530218 0.05954646196172093 0.06093704259586728
0.05610635936194497 0.05837728001015658 0.05954646196172093 0.06251782241517045 0.06446078189100439
0.05685753463575666 0.05955052281879875 0.06093704259586728 0.06446078189100439  0.0667654576034204

cov.inverse():
 2185722.197450261 -4321313.563383568  1292481.994325737   863511.737913489 -20384.27911150218
-4321313.563027079  22906692.16993626 -22551848.08557878  3898858.210968432   67598.1206457472
 1292481.993608722 -22551848.08303458  32368365.42790596 -16806186.99466928  5697474.551294826
 863511.7386103228   3898858.20607013 -16806186.98979049   26565624.2628149 -14522446.29021008
-20384.27944782286  67598.12335643166  5697474.548243113 -14522446.28953273    8778124.3607547

cov*(cov_.inverse()):
      1.00000000000864 -1.305124897044152e-10 -1.164153218269348e-10  1.164153218269348e-10  5.820766091346741e-11
-5.684341886080801e-12      0.999999999825377 -1.164153218269348e-10  1.164153218269348e-10 -5.820766091346741e-11
-1.750777300912887e-11 -1.364242052659392e-10      1.000000000058208  1.164153218269348e-10                      0
 3.342393029015511e-11 -1.236912794411182e-10 -2.328306436538696e-10      1.000000000465661 -1.164153218269348e-10
-4.092726157978177e-12  9.822542779147625e-11                      0                      0                      1
