5
2

0.0001517218576434298
0.0002597619403486629
0.0005982780616561827
   0.1098955865873904
   0.5591575233119483

 -0.1430981493573219   0.5403565763420622  -0.7354848098278343   0.3805377474239829 -0.04231793180662588
 -0.4031483298998567   0.6322067176810733   0.2214357484106951  -0.6042432609343847   0.1537607920084194
  0.5879769384413652 -0.06156356583039945   -0.448910647351979  -0.5108975516686685    0.433538890546572
 -0.5592081981130776  -0.3624706756921975  -0.1322113672134207   0.1292087673286577   0.7223063403095216
  0.3982005208104458   0.4161182201590035   0.4370671446264237   0.4608360777383117   0.5146692069872331

0.3962940292548691
0.3961898926360536
0.3960327004733177
0.3958307743009299
0.3954109251681933

0.002216772233904242
  0.3967803251165773

   0.291807172807226    1.193271313858886    1.879920984762499  -0.9984658945126137   -2.367407143116311
   1.535105105409363  -0.1876952280611275  -0.1194575356989491 -0.05273213913016195  -0.1750235593708869

-2.438661883650085e-08  8.720201853063621e-08 -4.517346442572805e-07   -0.03240580782670791   -0.07634126248082641
-5.660357344582016e-09 -5.121705875415101e-08  3.288895611833428e-07   -0.01096413807480954       0.11461547103738

cov:
0.05335285050123997 0.05425475860419665 0.05530776386303371 0.05650148561767368 0.05919837060359835
0.05425475860419665 0.05572472720239201 0.05744222935505845 0.05939021730261498 0.06379771134004839
0.05530776386303371 0.05744222935505845    0.05993736277459 0.06276800232152967 0.06917727061038556
0.05650148561767368 0.05939021730261498 0.06276800232152967 0.06660070816260109 0.07528248136273007
0.05919837060359835 0.06379771134004839 0.06917727061038556 0.07528248136273007 0.08911897561934214

cov.inverse():
 4264117.448271926 -7237400.914221402  2511637.676248401  405336.3196249499  56529.44515730668
-7237400.913912334  18618190.85480714 -15112735.08397936  3359202.692120544  372681.8666078949
 2511637.675574315 -15112735.08266785  24788784.60152881 -13500551.64643518  1312937.214950171
 405336.3200308635  3359202.690898815 -13500551.64549302  12430868.40911182 -2695273.328619634
   56529.445116414  372681.8668272016  1312937.214645385  -2695273.32849326  953329.5163439777

cov*(cov_.inverse()):
    0.9999999999022293  6.184563972055912e-11   1.01863406598568e-10  8.731149137020111e-11                      0
-9.458744898438454e-11      1.000000000076398 -8.731149137020111e-11  1.455191522836685e-10 -7.275957614183426e-12
-2.955857780762017e-11 -9.822542779147625e-11      1.000000000174623 -1.164153218269348e-10  1.455191522836685e-11
-9.731593308970332e-11 -7.275957614183426e-11  8.731149137020111e-11      1.000000000058208 -1.455191522836685e-11
-1.728039933368564e-11 -8.003553375601768e-11 -5.820766091346741e-11                      0                      1
