5
2

0.0001445180747871486
0.0002888823975856447
0.0008453830008774216
  0.09058057016994488
    0.561751785286973

 -0.1626346493275642   0.6082176423853314  -0.7214698044925502   0.2880197123978256 -0.01213411740032571
 -0.5242911941515499    0.563870933744206   0.3936407956971866  -0.4980152334436815  0.06477704095201935
  0.4139580951094671 0.007322360239879185  -0.3480921661331492  -0.6301954316930224   0.5570194254097751
 -0.6023574009977758  -0.3655997616723452 -0.08946773006953714   0.2357474590276699   0.6632654344729044
    0.40555267417413   0.4223790559145986    0.441990513836331   0.4650831387650505   0.4954442666032665

0.3993793897221949
0.3994484890951403
0.3994857760073733
0.3995192293833271
0.3995768761349947

-7.286189725577061e-05
    0.3995596388793448

   0.172465558582314     2.01877744611595    5.145079025837497   -6.894179266329424  -0.4423633859672977
   1.466338414333211  -0.1747519215615538   0.3556150268544768   -0.608623608335999 -0.03858316701142203

-9.382807137486471e-08  5.406064588357217e-07  1.710560790630063e-06   -0.02642744886827665   -0.07220874539840312
-1.621041856381872e-08  -3.56124781050199e-08   6.03181019104117e-07  -0.008371061168765228     0.1186108095042793

cov:
0.05487906885221591 0.05586219485862959 0.05700722947963805  0.0583552420614021 0.06012823495168905
0.05586219485862959 0.05739481085380864 0.05918044779304506 0.06128284480273948 0.06404722968935755
0.05700722947963805 0.05918044779304506 0.06171319360088975 0.06469537374880384 0.06861594592855029
 0.0583552420614021 0.06128284480273948 0.06469537374880384  0.0687137637836425 0.07399605946368136
0.06012823495168905 0.06404722968935755 0.06861594592855029 0.07399605946368136 0.08106988988578896

cov.inverse():
 4800096.138623038 -8274408.515095492   2943412.94914674  520920.1281298775  10121.31330457937
-8274408.514778863  21522272.43710348 -18354159.53827139  5016155.357824363  89995.69830971406
 2943412.948501144 -18354159.53724025  26948836.68462517 -11991530.92763872  453398.4337928338
 520920.1285045695  5016155.356946154 -11991530.92706833  7499588.646155386 -1045056.703824071
 10121.31325884861  89995.69847340333  453398.4336080104 -1045056.703757206  491528.5289385551

cov*(cov_.inverse()):
     1.000000000067075  2.846718416549265e-10  3.274180926382542e-11 -1.455191522836685e-10 -7.275957614183426e-12
-3.535660653142259e-11      1.000000000310138 -2.437445800751448e-10  -1.01863406598568e-10 -1.091393642127514e-11
 2.273736754432321e-12  9.367795428261161e-11      0.999999999836291 -1.455191522836685e-10                      0
 5.729816621169448e-11  1.546140993013978e-10 -5.820766091346741e-11     0.9999999999563443 -1.455191522836685e-11
 7.275957614183426e-12  2.455635694786906e-11  5.820766091346741e-11  1.455191522836685e-11                      1
