5
2

0.0001113171403016576
0.0002803264582076325
0.0004596321835427673
  0.08568272222265443
   0.6321062961452012

-0.09918154490324627   0.6795141585838755  -0.7114468509504703    0.148237206653561 -0.01710667328447868
 -0.3811327926694103   0.4768728287414379   0.3636975146389038  -0.6710343266903097   0.2115824893721666
  0.5971736191095636   -0.173285465269329  -0.3674167659738055  -0.5163883936593546   0.4601127721996421
 -0.5782793784682165  -0.3268173123843615  -0.2060316106729857   0.2019636791130136   0.6895977468690769
  0.3922721562647816   0.4171515376268463   0.4290960167643008   0.4693531316395785   0.5173890183334667

0.3972157262291697
0.3960263445340433
0.3955218525737565
0.3935650350603805
0.3912625092365905

0.01520379600720334
 0.4004357430602429

  1.928595841138695   -3.64542677643315     4.4373427691681  0.8421435046495354  -3.564558208737735
  2.524730720177083  -1.665139617863876   0.419407825132004 0.04664549240186164 -0.3256318487383215

-6.988213234598133e-08 -1.712251847004727e-07 -4.060281685964483e-07   -0.02295065012187755    -0.1235096491959025
 -2.06664781674172e-08 -1.339036233447286e-07  3.101818963415749e-07  -0.008937201533231066     0.1315134803131245

cov:
0.06393816669644184 0.06676995735747798 0.06812927311402078 0.07270688269654763 0.07816568592241373
0.06676995735747798 0.07031348702348972 0.07201453500601308 0.07774550052755845 0.08458194525368952
0.06812927311402078 0.07201453500601308 0.07387972808525936 0.08016461237514505  0.0876626744673277
0.07270688269654763 0.07774550052755845 0.08016461237514505 0.08831920509279781 0.09805043820064997
0.07816568592241373 0.08458194525368952  0.0876626744673277 0.09805043820064997  0.1104496138520736

cov.inverse():
 4330446.565565921 -8241494.853333113  2891897.402807827  608384.0024326864  411278.5922290342
-8241494.855392439   40298588.5705868 -36505234.65518603  4480345.216694267 -31545.82089605009
 2891897.405705147 -36505234.66003767  43169329.11661622 -10718509.62538867  1161184.100021929
 608384.0014035121   4480345.22025128 -10718509.62796845  8765638.769884044 -3136023.359746406
  411278.592420124 -31545.82166043031  1161184.100647159  -3136023.35979835  1595454.147435819

cov*(cov_.inverse()):
    0.9999999999745341  8.276401786133647e-10 -8.003553375601768e-10  1.455191522836685e-10 -1.455191522836685e-11
  2.91038304567337e-11     0.9999999997180566  4.365574568510056e-11 -1.746229827404022e-10                      0
-2.182787284255028e-11  2.846718416549265e-10      0.999999999490683  1.164153218269348e-10  -2.91038304567337e-11
 7.275957614183426e-12  1.682565198279917e-10 -5.675246939063072e-10      1.000000000174623  -2.91038304567337e-11
 2.182787284255028e-11  3.319655661471188e-11 -2.473825588822365e-10  5.820766091346741e-11                      1
