5
2

0.0001811843329747786
0.0003374697452689603
0.0006666668349460361
  0.07915486178616193
   0.5615789697922544

 -0.0443291127260542   0.6307394075668667  -0.7585769373432487   0.1565914584367366  0.01558444040417849
-0.09565121474140553   0.3042377816469043   0.1028060480285407  -0.8034759020879561   0.4920849607433279
  0.6020579573419631   -0.500682605585525  -0.4560045022171961  -0.0634938845910791   0.4181764759554205
  -0.679004502599155  -0.2694797108266124  -0.1047727727699184    0.326925988674956   0.5903182488436947
  0.4066508039272904    0.431630381087411   0.4416723974434452   0.4679674288420492   0.4840065254385999

0.4000296050121455
0.4001900562820213
 0.400182201958954
0.4001648181669821
 0.400161056488658

0.0001569588650987434
   0.4002377048017519

  -0.963918606385163    3.371591119268807    3.517371095992178   -1.628386118443303   -4.297306199717658
   1.156480231183222   0.3957194352444838 -0.03134212256083338  -0.1473590573122059  -0.3735627309545897

-2.694614431799577e-08  7.667951804594051e-08 -2.473782916386041e-06   -0.02313053702283945   -0.07099860785847804
 6.342605220692997e-09 -6.704828408264681e-09  1.624763884108339e-07  -0.007251093184852655     0.1190459564254282

cov:
0.05504012565945651 0.05650111200636947 0.05708826276607009 0.05862402997427768 0.05956054346321452
0.05650111200636947  0.0592102460815991 0.06029906161725148 0.06314944810488103 0.06488796616926092
0.05708826276607009 0.06029906161725148 0.06158972131377377 0.06496887014501211 0.06702998258167842
0.05862402997427768 0.06314944810488103 0.06496887014501211 0.06973392604882819 0.07264041654846555
0.05956054346321452 0.06488796616926092 0.06702998258167842 0.07264041654846555 0.07606300351191858

cov.inverse():
 955835.9242952034  -1785456.81921053  320296.9057698711  377329.3868975934  132070.7078364386
-1785456.819241542  13495571.04853021 -13786642.52874915  933771.9479210579  1142887.371549111
 320296.9058204032 -13786642.52877256  18089705.70941035 -4278648.451496729  -344973.448356457
 377329.3868654586  933771.9478334637 -4278648.451329703  6424647.047242846 -3457079.004102195
  132070.707849051  1142887.371629116 -344973.4484963734 -3457079.004054892  2527146.891703123

cov*(cov_.inverse()):
     1.000000000009095 -1.164153218269348e-10 -3.274180926382542e-11                      0 -5.820766091346741e-11
 1.091393642127514e-11     0.9999999999126885  4.365574568510056e-11  -2.91038304567337e-11                      0
 5.456968210637569e-12 -1.891748979687691e-10      1.000000000349246 -8.731149137020111e-11  -2.91038304567337e-11
 2.546585164964199e-11 -1.746229827404022e-10  1.709850039333105e-10      1.000000000029104 -8.731149137020111e-11
 1.818989403545856e-12 -5.820766091346741e-11  5.456968210637569e-11                      0     0.9999999999708962
