5
2

0.0002388821067684154
 0.000349306653236945
0.0006462423529246843
  0.09537112954279602
   0.5626964056583375

-0.03776885368728568   0.3384681143125421  -0.7126519284292463   0.5876044948683432   -0.175673093561467
 -0.3657155345596859   0.7449605579562879 -0.09623309958067197   -0.503428999648268   0.2204185739211203
   0.602072466312118  -0.1559743802816242  -0.5230931572104631  -0.3717050202920563    0.448764598396396
 -0.5817705557560178  -0.3583256072160154  -0.1292655870632588   0.2170453573171028   0.6850748138246587
  0.4048177704066977   0.4216015353295167   0.4387828350470808    0.464765414677595   0.4998374247276355

0.3992246400057337
0.3991487539319541
0.3991482950409794
0.3989626398440407
0.3987318758585395

0.001582607500648336
  0.3996068953359837

 0.7383988481451188  -1.740119454192037   4.241028780575191   1.034847489960165  -4.274823538941182
  1.526740049945483 -0.5288988164631593  0.2812275647780579  0.1118584128972227 -0.3909789562328207

-1.301181696534656e-07 -4.194531943206457e-07  -1.58929491484542e-06   -0.02781662890497517   -0.07269283195435315
-1.727250185452812e-08 -1.368907970591863e-07  2.662631370407268e-07  -0.008901177757137651     0.1187436977675941

cov:
 0.0549667131031049 0.05593537617705154 0.05692546965865639 0.05842334192188994 0.06044230270385362
0.05593537617705154 0.05744775457033267 0.05899466897307733  0.0613343771920858 0.06449075208500871
0.05692546965865639 0.05899466897307733 0.06111249165107672 0.06431500909562783 0.06863713990467921
0.05842334192188994  0.0613343771920858 0.06431500909562783 0.06882225925363442 0.07490713668795324
0.06044230270385362 0.06449075208500871 0.06863713990467921 0.07490713668795324 0.08337427542190971

cov.inverse():
 1989167.269931577 -2681722.350762225  6010.277703091821  584134.1553055152  102526.7769420295
-2681722.350704674  6614165.348966249  -4619139.14419075  550404.5560827658  136160.0640597329
 6010.277573202042 -4619139.143853834   9631043.76613793 -6475675.028018672  1457949.203240001
 584134.1554032085  550404.5556523527 -6475675.027619178  8458625.425546594  -3117772.40600698
 102526.7769166728  136160.0642107934  1457949.203047524 -3117772.405940209  1421264.776455483

cov*(cov_.inverse()):
     1.000000000027285 -9.094947017729282e-12   2.91038304567337e-11  -2.91038304567337e-11 -1.455191522836685e-11
 3.637978807091713e-12     0.9999999999690772  7.275957614183426e-11 -1.164153218269348e-10                      0
-1.728039933368564e-11  3.456079866737127e-11      1.000000000087311 -1.455191522836685e-10                      0
 1.455191522836685e-11  2.364686224609613e-11  1.455191522836685e-10     0.9999999997962732   2.91038304567337e-11
 1.091393642127514e-11 -3.456079866737127e-11   2.91038304567337e-11                      0                      1
