5
2

0.0003324007676249646
0.0004099113666487628
0.0006597501666531574
   0.0981493611730801
   0.5956812173054775

 0.07165876927666451  -0.7068249825876824   0.6350698049917114   0.2144537988271344  -0.2143813791635767
-0.01479833094336427  0.03454431371679915   0.4395890526378278  -0.8212145737357041   0.3618781403679823
  0.4274525178798257  -0.5371673044602134  -0.4468517316803243  -0.0168232117133305   0.5733900430065819
 -0.8216919199621114  -0.1458501095974085  0.01800480798721927   0.2372808515764339   0.4969142366283228
  0.3698009786550336    0.435182912037146   0.4510511771100991   0.4722615473183348   0.4973780612459052

0.4001893940050715
0.3998453131907585
0.3997158673294336
0.3995482308257017
0.3993492366670571

0.002172579999087301
  0.4006628583011289

  0.2813215762049772    3.816180230066036   0.5250597384213638  -0.9153080624595408   -3.707191453130487
   1.250669318829277  0.09773793305089409 -0.00616065863273868 -0.08660691699921003  -0.2556551795245713

-1.928388075174279e-07 -3.888362053320249e-08 -1.860592303062401e-06   -0.02733580662358843   -0.09741751072070014
 5.840503609932996e-09 -6.592190179996515e-09  1.478699769943128e-07   -0.01145996043747797     0.1185846143081823

cov:
0.05502908576524251 0.05825853998541071 0.05904376980586121 0.06009134573634366 0.06133205192384587
0.05825853998541071 0.06740544453625641 0.06962545743565217 0.07259257169979867 0.07610614186393953
0.05904376980586121 0.06962545743565217 0.07219368773638879 0.07562621769887258 0.07969107160603922
0.06009134573634366 0.07259257169979867 0.07562621769887258 0.07968193643286996 0.08448413905984228
0.06133205192384587 0.07610614186393953 0.07969107160603922 0.08448413905984228  0.0901599690663428

cov.inverse():
 467623.4349573429 -988962.1439081911 -65665.78728677036  194868.9697188217  392141.0867308504
-988962.1439592674  5191702.285982361 -3420814.897820175 -1519970.197869962  738203.7294133917
-65665.78723006764 -3420814.897945926  5259002.996665009 -898544.3556290327 -874117.3884814668
 194868.9697406753 -1519970.197897413 -898544.3556523668  4430489.740732177 -2206886.238898955
 392141.0867033683  738203.7295155181 -874117.3885271775 -2206886.238927886  1950694.769165937

cov*(cov_.inverse()):
                     1  2.182787284255028e-11 -1.455191522836685e-11                      0 -1.455191522836685e-11
-7.275957614183426e-12      1.000000000087311   2.91038304567337e-11  -2.91038304567337e-11  -2.91038304567337e-11
 1.091393642127514e-11 -7.275957614183426e-12      1.000000000058208                      0                      0
 1.455191522836685e-11  8.731149137020111e-11  -2.91038304567337e-11      1.000000000029104   2.91038304567337e-11
 7.275957614183426e-12 -1.455191522836685e-11 -1.455191522836685e-11                      0                      1
