5
2

0.0001358097599786667
0.0002708938154723632
0.0006063020031219233
  0.07597655428378836
   0.5442257928959542

-0.05966114493602859   0.5683309546458679  -0.7565836228747893   0.3114273126140267  -0.0635194799404282
  -0.241943695927031   0.5703598420403594   0.1260203818437699  -0.7257280526261574   0.2712757924700631
  0.6599675239074417  -0.2735522922828066  -0.4392800390271538  -0.3577889678517926   0.4106484050500551
 -0.5725734028236008  -0.3003147663398437  -0.1601578188834377   0.1960529545710131    0.719641196397013
  0.4177395858098371   0.4320529609713141   0.4394116581525932   0.4581289295350994    0.485653328997093

0.3822594829053242
  0.38029871985337
0.3793882551567251
0.3767614410269885
0.3728883052094208

0.02865217788151683
  0.386175910676119

 0.7352423172815961  -2.802754024976859   5.242893014699971   2.248908768735441  -5.424169095957035
  1.533434485976516 -0.6117989811712511  0.3581045886807994  0.2371804021107254 -0.5169480776744571

-8.407889485210431e-08 -3.096265477358039e-07 -1.501001626863125e-06   -0.02240578510300137   -0.06041682021298906
 -1.11297664347671e-08 -7.244311415043425e-08  2.664833566065454e-07   -0.00621773410848134     0.1158673839395884

cov:
0.05357819510291092 0.05444904805691164 0.05489624658273577 0.05603478106410202 0.05770992237432975
0.05444904805691164 0.05580883712828785 0.05650751692513837 0.05828515363693277 0.06089964124038485
0.05489624658273577 0.05650751692513837 0.05733568562448599 0.05944230485556774 0.06254031960366373
0.05603478106410202 0.05828515363693277 0.05944230485556774 0.06238520607489793  0.0667123658549767
0.05770992237432975 0.06089964124038485 0.06254031960366373  0.0667123658549767 0.07284668595335389

cov.inverse():
 2175584.763631178 -4209912.307106433  1243173.188990582  742977.6538811881  48253.06261169566
-4209912.307265199  22148799.12142804 -22006527.51463142  4221776.777671111 -154429.2731543535
 1243173.189274912 -22006527.51502799  31776363.76633195 -13593462.14923446   2580683.99745961
 742977.6537127006  4221776.777945654 -13593462.14930526  12783729.31362984 -4154962.295928186
 48253.06265462255   -154429.27319109  2580683.997418171 -4154962.295892937  1680399.980244312

cov*(cov_.inverse()):
     1.000000000004547 -2.401066012680531e-10  -2.91038304567337e-11 -1.164153218269348e-10  -2.91038304567337e-11
 8.640199666842818e-12     0.9999999999236024 -8.731149137020111e-11 -2.037268131971359e-10 -5.820766091346741e-11
 2.955857780762017e-11 -8.185452315956354e-11     0.9999999999417923 -1.164153218269348e-10 -4.365574568510056e-11
   1.2732925824821e-11  1.473381416872144e-10 -2.328306436538696e-10     0.9999999999417923  -2.91038304567337e-11
 2.592059900052845e-11   7.09405867382884e-11  8.731149137020111e-11 -5.820766091346741e-11     0.9999999999854481
