6
2

0.0001448192390595676
0.0002303850635886493
0.0003307195860743941
0.0006333629534964306
   0.1126725303463778
   0.6252625275430088

 -0.1324537541431415    0.513746622936311  -0.7226549022617413   0.4371715260421396  -0.0649531400899971 -0.03086177380568756
  0.2897750102007144  -0.5446666516038985 0.004366100474043381    0.673498664675302  -0.4068002494191076 -0.01620879432779876
 -0.3240302882706817   0.3761151909193098   0.3857626148322176 0.009324781534807203  -0.7259243989458716   0.2787037062996553
  0.5685246084191269 -0.03131362792960057  -0.3782130981751853  -0.4190008350752507  -0.2720586030776459   0.5321433034382521
 -0.5861191670865398  -0.3968620460599673  -0.1754442232461486  0.07587168599141959    0.211834786057021   0.6461839316954796
  0.3559984695970509   0.3734434124667992   0.3938428764111613   0.4169837423916696    0.429463099215396   0.4694453120686555

0.3977962857576317
0.3979045118890902
0.3979938700962142
0.3980815588910152
0.3981797395086915
0.3982959766986998

-0.0006468884141363994
    0.3979011600344447

 0.1870399425541754    1.45747267109098   1.830093683466594  -2.290155552771039   1.452125940515212   -2.63709772924636
  1.473131021496514 -0.2116218169164292  0.0434956821340047 -0.2170082765128434  0.1393355141745617 -0.2273472337290002

-3.382156822117831e-08 -1.497864450673992e-07 -6.747426211787507e-08 -5.897957993398888e-07   -0.03274472300209505   -0.09291293992192616
-9.063898899032379e-09  1.821497135064936e-08 -7.729424446069443e-08  3.047627089820961e-07   -0.01169134243020199     0.1271213843797462

cov:
0.05390878779124865 0.05492834477871771 0.05611991431963376 0.05747064055400653 0.05819586640220203 0.06052877167380355
0.05492834477871771 0.05652183901054566 0.05838456608523034 0.06049690485254137 0.06163386134717256 0.06528290188403817
0.05611991431963376 0.05838456608523034 0.06103246810175871 0.06403578466385845 0.06565440885366718 0.07084313785480995
0.05747064055400653 0.06049690485254137 0.06403578466385845 0.06805034317303185 0.07021563294603692 0.07715182348057267
0.05819586640220203 0.06163386134717256 0.06565440885366718 0.07021563294603692 0.07267662373730634 0.08055754001367071
0.06052877167380355 0.06528290188403817 0.07084313785480995 0.07715182348057267 0.08055754001367071 0.09145885020420107

cov.inverse():
 4184264.316781965 -7376820.981532509  2908953.656369044  294525.0298275616 -45702.11054414782  34890.03512109067
-7376820.981757379  19469841.26366455 -16390939.07105386   3862469.86732744  108348.1266531324  327173.1508980519
 2908953.657326009 -16390939.07320098  26618094.93289254 -14580319.21628837 -99171.48574053196  1543322.837394445
 294525.0287628392  3862469.869499075 -14580319.21671826  18097268.65059257  -6293557.82966151 -1381043.550617171
-45702.11041630872   108348.127225195 -99171.48761716158 -6293557.828280395  8321473.832314976 -1990833.761463922
 34890.03532591031  327173.1500765581  1543322.838510768 -1381043.551321196 -1990833.761259535  1466486.864133126

cov*(cov_.inverse()):
    0.9999999999708962 -3.274180926382542e-11  4.220055416226387e-10   1.01863406598568e-10 -1.309672370553017e-10   2.91038304567337e-11
-2.364686224609613e-11       1.00000000003638  3.492459654808044e-10  1.600710675120354e-10 -7.275957614183426e-11  1.455191522836685e-11
 6.912159733474255e-11  -2.91038304567337e-11      1.000000000669388  5.820766091346741e-11 -5.820766091346741e-11  1.455191522836685e-11
-1.864464138634503e-11  3.601599019020796e-10  1.309672370553017e-10      1.000000000349246 -1.164153218269348e-10  1.455191522836685e-11
-3.319655661471188e-11  2.146407496184111e-10 -4.365574568510056e-11  2.764863893389702e-10                      1 -1.455191522836685e-11
 3.637978807091713e-11  1.091393642127514e-11  8.731149137020111e-11  -2.91038304567337e-11  -2.91038304567337e-11                      1
