10
1

0.2663518259232347
0.5631522638310841
0.7918172226357632
 1.250241280916277
 1.737547331221896
  1.98008878526563
 2.317849716289802
 2.857977264538907
 5.736400999494612
 24.79689922012715

    0.2837945427643337   -0.07813840958894423    -0.7908637693929554     0.2621209908431772     0.4370809874128336    -0.1329995802569849    0.09398452606646791   -0.03765912672029401  4.434909068167132e-05    0.01421794734212569
    0.5859008120419599    -0.1175225752693441    -0.1298810292525603     0.0426316749008694    -0.6587704447128214     0.2478765210716071     0.2830427862187596    -0.1493057957054006     0.1552874474533435   -0.04776234879178966
    0.5613771668062508   -0.05429322081756968     0.1911602754670572   -0.05316432413735273     0.1552040698160852   -0.07136309148512175    -0.6933994281234732     0.2413882625263718     0.2506916387412798    -0.1069620232988321
   -0.4996995830748417    -0.0964302450566502     -0.363528014566844     0.1513442597744538    -0.2971212772640858     0.1838724960909659    -0.3406350881290418    0.07003580633546244     0.5157032047279082    -0.2774285694542252
   0.01990050653937271    0.01009844816398925    -0.1136825157478753    -0.5091593317581885     0.2899096307346796     0.6788057173996673    -0.1294454370144887    -0.4018954520107939   -0.04213485903794868   -0.04958662981862202
   0.04217824252019209    0.03584167052580711     0.2131598619612662     0.3589313081708632    0.09423982877221178    -0.1249264258577763   -0.03311898039820488    -0.5449575178644666    -0.1304419866385061    -0.6950461333989295
  -0.03536254168223275    -0.0590902942192443     0.1404288096487967     0.5046817194739249 -0.0007895230390132715     0.1288761721229732    -0.2660595687265249    -0.4676514655627177    0.08998221043137909     0.6376847674114553
   0.03243912673261829    0.06321823034103144     0.1427452090376391     0.5099842185608006     0.1551450842022436     0.6235103383216172     0.1071810281622732     0.4837727713031166    -0.2010482522136798    -0.1253461391852604
  -0.08275969943982076    -0.7934619961438086   -0.07366872662085674    -0.0287458530196028     -0.152593519160631  -0.007099176826979317    -0.2282443048196783    0.04337610752155344    -0.5284772282231602   -0.02674279226504058
  0.003144957517035033      0.573915966336758    -0.2916953556498313   0.007404174979987794    -0.3497545039256323   -0.01257515046281921    -0.4024857043734223    -0.0014619384205839    -0.5481732177953302    0.02219159500161103

22.68459536724827
76.18565052571654
40.19031707028786
131.2759120757996
47.82922341864624
156.1565348478004
56.72582976951558
185.4365803231363
 79.8552897506879
261.8168026172271

3.366353550229852

0
0
0
0
0
0
0
0
0
0

0

0
0
0
0
0
0
0
0
0
0

0

0
0
0
0
0
0
0
0
0
0

0

0
0
0
0
0
0
0
0
0
0

0

0
0
0
0
0
0
0
0
0
0

0

0
0
0
0
0
0
0
0
0
0

0

0
0
0
0
0
0
0
0
0
0

0

0
0
0
0
0
0
0
0
0
0

0

0
0
0
0
0
0
0
0
0
0

0

0
0
0
0
0
0
0
0
0
0

0

0
0
0
0
0
0
0
0
0
0

0

0
0
0
0
0
0
0
0
0
0

0

0
0
0
0
0
0
0
0
0
0

0

0
0
0
0
0
0
0
0
0
0

0

0
0
0
0
0
0
0
0
0
0

0

0
0
0
0
0
0
0
0
0
0

0

0
0
0
0
0
0
0
0
0
0

0

0
0
0
0
0
0
0
0
0
0

0

0
0
0
0
0
0
0
0
0
0

0

0
0
0
0
0
0
0
0
0
0

0

0
0
0
0
0
0
0
0
0
0

0

0
0
0
0
0
0
0
0
0
0

0

0
0
0
0
0
0
0
0
0
0

0

0
0
0
0
0
0
0
0
0
0

0

0
0
0
0
0
0
0
0
0
0

0

0
0
0
0
0
0
0
0
0
0

0

0
0
0
0
0
0
0
0
0
0

0

0
0
0
0
0
0
0
0
0
0

0

0
0
0
0
0
0
0
0
0
0

0

0
0
0
0
0
0
0
0
0
0

0

0
0
0
0
0
0
0
0
0
0

0

0
0
0
0
0
0
0
0
0
0

0

0
0
0
0
0
0
0
0
0
0

0

0
0
0
0
0
0
0
0
0
0

0

0
0
0
0
0
0
0
0
0
0

0

0
0
0
0
0
0
0
0
0
0

0

0
0
0
0
0
0
0
0
0
0

0

0
0
0
0
0
0
0
0
0
0

0

0
0
0
0
0
0
0
0
0
0

0

0
0
0
0
0
0
0
0
0
0

0

0
0
0
0
0
0
0
0
0
0

0

0
0
0
0
0
0
0
0
0
0

0

0
0
0
0
0
0
0
0
0
0

0

0
0
0
0
0
0
0
0
0
0

0

0
0
0
0
0
0
0
0
0
0

0

0
0
0
0
0
0
0
0
0
0

0

0
0
0
0
0
0
0
0
0
0

0

0
0
0
0
0
0
0
0
0
0

0

0
0
0
0
0
0
0
0
0
0

0

0
0
0
0
0
0
0
0
0
0

0

0
0
0
0
0
0
0
0
0
0

0

0
0
0
0
0
0
0
0
0
0

0

0
0
0
0
0
0
0
0
0
0

0

0
0
0
0
0
0
0
0
0
0

0

0
0
0
0
0
0
0
0
0
0

0

0
0
0
0
0
0
0
0
0
0

0

0
0
0
0
0
0
0
0
0
0

0

0
0
0
0
0
0
0
0
0
0

0

0
0
0
0
0
0
0
0
0
0

0

0
0
0
0
0
0
0
0
0
0

0

0
0
0
0
0
0
0
0
0
0

0

0
0
0
0
0
0
0
0
0
0

0

0
0
0
0
0
0
0
0
0
0

0

0
0
0
0
0
0
0
0
0
0

0

0
0
0
0
0
0
0
0
0
0

0

0
0
0
0
0
0
0
0
0
0

0

0
0
0
0
0
0
0
0
0
0

0

0
0
0
0
0
0
0
0
0
0

0

0
0
0
0
0
0
0
0
0
0

0

0
0
0
0
0
0
0
0
0
0

0

0
0
0
0
0
0
0
0
0
0

0

0
0
0
0
0
0
0
0
0
0

0

0
0
0
0
0
0
0
0
0
0

0

0
0
0
0
0
0
0
0
0
0

0

0
0
0
0
0
0
0
0
0
0

0

0
0
0
0
0
0
0
0
0
0

0

0
0
0
0
0
0
0
0
0
0

0

 -0.0195197178196242  0.00545710136180938   0.1617543601033353 -0.04351044897604292 -0.05768061739583098  0.02241141873974798 -0.06137249642754865 0.007819911075554763   -0.038759505562795  0.01882841622407082

 -0.01271907205062966 -0.005342199932465521   0.02767532507897338  -0.06042831050024092   0.02241264132988864 -0.001022166687382928    0.1356449920349185   0.06758431246788223    0.9736857340979889     13.41219244047699

cov:
   0.9574220470252364     3.337991212857975  -0.01271978729355918   0.03688895001835127   -0.0134364588485407   0.03050709250089432  -0.01455641748905631  -0.01643566722274742 -0.001026199696678106   0.01392094909288088
    3.337991212857975     223.3260887160098    -100.9006405247713     3.477428958098463     -119.277643320535    -4.001922987802494     -135.879873781601    -1.352022308231818    -179.8920632698887     8.210322474545388
 -0.01271978729355918    -100.9006405247713     53.26565033978081   0.08293864583910546     63.45128997667322     2.643725097420973     72.77742849571763   0.04818633470593618     99.07069173239752    -3.998363277172056
  0.03688895001835127     3.477428958098463   0.08293864583910546     4.884467899278328    -1.193133130097321      1.72366590620387    -1.790942200688877    0.5562121388876353    -2.592347516458536    0.3688402469330909
  -0.0134364588485407     -119.277643320535     63.45128997667322    -1.193133130097321     76.77360192700834     3.929352877661065     87.75026667480731    0.1795036977483252     119.9555537575735      -4.9711278690582
  0.03050709250089432    -4.001922987802494     2.643725097420973      1.72366590620387     3.929352877661065     4.892660615598801     3.232525042540518     1.582404136457734     3.527232172719036   -0.2022180125060659
 -0.01455641748905631     -135.879873781601     72.77742849571763    -1.790942200688877     87.75026667480731     3.232525042540518     102.3604799757862     1.199938413635691      138.991867367679    -6.012760792931334
 -0.01643566722274742    -1.352022308231818   0.04818633470593618    0.5562121388876353    0.1795036977483252     1.582404136457734     1.199938413635691     4.853170272994961   -0.8651877959879215     -0.65465986339434
-0.001026199696678106    -179.8920632698887     99.07069173239752    -2.592347516458536     119.9555537575735     3.527232172719036      138.991867367679   -0.8651877959879215     194.8683651114273    -6.381839842185198
  0.01392094909288088     8.210322474545388    -3.998363277172056    0.3688402469330909      -4.9711278690582   -0.2022180125060659    -6.012760792931334     -0.65465986339434    -6.381839842185198       4.6690456749331

cov.inverse():
   2.881229169481793  -0.5443890071650105   -3.114897371468639     1.03061924297591   0.7692897649453876  -0.1920007824344091   0.3884561903220554  -0.2363602981396623   0.3449183704499947 -0.05087573702576793
 -0.5443890071650062   0.1614329007611285   0.9277092979386362   -0.308561943072944  -0.2260062514068659  0.05416562285496166  -0.1191957987882769  0.07309748276189196  -0.1027646709482574  0.01457875460142652
  -3.114897371468516   0.9277092979385957    9.034772424625414   -2.930095244864772   -4.488886061859031    1.298555699507947   -1.297137934359713   0.5199131784863568  -0.1128159464876194   -0.128423077380919
   1.030619242975841  -0.3085619430729307   -2.930095244864773    1.191379750284868    1.453917352696233  -0.5091042939700637   0.4118091276865727  -0.1687745482940383  0.04123248967379593  0.02515499992726886
  0.7692897649451991  -0.2260062514068133   -4.488886061858709    1.453917352696129    4.190118454247683   -1.312875463532613  -0.1256660161477285  0.08193116855274359   -0.366513505593216   0.1892354494519197
  -0.192000782434353  0.05416562285494487    1.298555699507837  -0.5091042939700282   -1.312875463532605   0.6801224067347471  0.05769155222624945  -0.1126296157516353    0.135038276317669 -0.06771481397652465
  0.3884561903220656  -0.1191957987882798   -1.297137934359816   0.4118091276866062  -0.1256660161476194  0.05769155222621489    1.240473044628928  -0.4143250848820191  -0.2511456303840903    0.129903791111844
 -0.2363602981396696  0.07309748276189396   0.5199131784864053   -0.168774548294054  0.08193116855269775  -0.1126296157516209  -0.4143250848820207   0.3850182965894591  0.04979689083705806 0.001567305328655228
  0.3449183704500269   -0.102764670948266  -0.1128159464877035  0.04123248967382305  -0.3665135055931771   0.1350382763176579  -0.2511456303840742  0.04979689083705194   0.3667755101663702  -0.1196844541486491
-0.05087573702577645  0.01457875460142965  -0.1284230773808949  0.02515499992726102   0.1892354494519144 -0.06771481397652346   0.1299037911118376 0.001567305328657875  -0.1196844541486507   0.2791944387081269

cov*(cov_.inverse()):
      1.00000000000001 -4.584277835811834e-15  9.760638478018002e-15  2.480204626745253e-14  1.271161995108905e-14 -1.650155706522938e-16  3.445594504158933e-16  2.534085408959635e-16 -3.264315900919357e-15 -1.789367265470077e-15
-3.008704396734174e-14     0.9999999999999922  -3.26405569239796e-14  1.204591981718295e-14  1.709743457922741e-14  -1.77635683940025e-14 -8.659739592076221e-15  5.296110772157192e-15  2.886579864025407e-15                      0
 1.978972541394342e-14 -2.123301534595612e-15      1.000000000000048 -1.604272270583351e-14 -9.325873406851315e-15  1.509903313490213e-14  1.942890293094024e-14 -3.916138247017642e-15  1.554312234475219e-15 -4.662936703425657e-15
-6.210310043996969e-16 -2.593411596585327e-16 -1.318389841742373e-15      1.000000000000001 -2.012279232133096e-15  3.573530360512223e-16 -7.494005416219807e-16  5.765787153277913e-16  7.216449660063518e-16  5.551115123125783e-17
-9.103828801926284e-15  6.855627177060342e-15  1.082467449009528e-13 -3.386180225106727e-14     0.9999999999999961  1.221245327087672e-15 -3.075317778211684e-14  3.190156472321348e-15 -7.993605777301127e-15 -2.886579864025407e-15
 1.181346687140206e-15 -1.040834085586084e-16  2.893518757929314e-15  9.593020822151743e-16 -1.790234627208065e-15      1.000000000000001 -7.563394355258879e-16 -1.642566291315539e-17  2.567390744445674e-16  -1.52655665885959e-16
-9.992007221626409e-15 -2.331468351712829e-15   1.27897692436818e-13  1.179611963664229e-14 -5.484501741648273e-14   3.51385587293862e-14     0.9999999999999808 -2.583003255729466e-15 -7.771561172376096e-15 -4.440892098500626e-15
-4.163336342344337e-17 -9.540979117872439e-17  7.355227538141662e-16 -3.087807787238717e-16  5.689893001203927e-16  -3.95516952522712e-16  1.249000902703301e-16                      1                      0 -1.387778780781446e-16
 7.105427357601002e-14  -1.02695629777827e-14  1.236788449432424e-13   5.12645481620666e-14 -1.354472090042691e-14  4.107825191113079e-15 -5.662137425588298e-15  6.061123825062964e-15     0.9999999999999976 -5.329070518200751e-15
-1.110223024625157e-15  1.665334536937735e-16 -9.992007221626409e-16 -4.302114220422482e-16                      0 -1.110223024625157e-16 -2.220446049250313e-16  4.657732532997727e-16  7.771561172376096e-16                      1
