5
1

0.001096614588803781
0.002319501899628056
0.003316763445437957
 0.08572779984824015
  0.5548795250541729

 0.06642196439217206 -0.09586391207378281  -0.6088099327743268   0.7730677107478364  -0.1345920256278759
 -0.7019338568186184   0.6188492129125863   0.1370316242345945   0.2004583074693552  -0.2556429409456912
  0.1647276540774665   0.5746605287365529  -0.6357066650541854  -0.3930665166591201     0.28983758586752
 -0.5525827019433398  -0.3058307014893735  -0.1068560856439663  0.05870630318798006    0.765673093732806
   0.412788251762519   0.4290321908413475   0.4416238361790316   0.4519237380500034   0.4962565472959976

0.3941633374459813
0.3938399821303508
0.3933973389519195
0.3929797708432379
0.3914356192342834

0.008732926647645571

 4.840206464944306 -5.415414020491512  4.559119802392302 -1.629030732732639 -2.351487805387847

-3.460807364997521e-06 -3.147081692643154e-05 -5.780107421948974e-05   -0.02499988589791681   -0.06623649173915508

cov:
0.05470990390076012 0.05576807404707345 0.05655993050841468 0.05719693511602583  0.0599632097736065
0.05576807404707345 0.05736622263343488 0.05857310179452203 0.05956313327782189 0.06383319272113701
0.05655993050841468 0.05857310179452203 0.06013744221725614 0.06140526175647728 0.06687365080530069
0.05719693511602583 0.05956313327782189 0.06140526175647728 0.06291016031883977 0.06937950779870204
 0.0599632097736065 0.06383319272113701 0.06687365080530069 0.06937950779870204  0.0801343974932452

cov.inverse():
 97757.93872597878 -77406.90697444839 -61015.58181860306  10656.20455902419  30202.54453278947
-77406.90697450866  108857.7137864449  31091.58515620648 -59102.83574545692 -3567.144529790663
-61015.58181902464  31091.58515646678  348443.9521009654 -363553.8216668384  44868.13559234631
 10656.20455963613 -59102.83574589068 -363553.8216672299  518480.8673625066 -106396.6767471284
 30202.54453265938 -3567.144529677314  44868.13559257719 -106396.6767473428  34927.74427111387

cov*(cov_.inverse()):
    0.9999999999993179 -2.557953848736361e-13  2.273736754432321e-12 -4.547473508864641e-12  1.364242052659392e-12
-9.094947017729282e-13     0.9999999999997158 -1.818989403545856e-12  9.094947017729282e-13 -4.547473508864641e-13
 -1.13686837721616e-12 -2.273736754432321e-13      1.000000000003638 -3.637978807091713e-12  1.818989403545856e-12
-4.547473508864641e-13  2.842170943040401e-14 -5.456968210637569e-12      1.000000000005457 -9.094947017729282e-13
-9.094947017729282e-13  5.684341886080801e-14  1.818989403545856e-12  1.818989403545856e-12     0.9999999999995453
