6
2

0.0002262589808075943
0.0007814408696920861
 0.002381875584629769
 0.002736689160925838
   0.1025514730848155
   0.6260302033955469

 -0.3752662913622261   0.8003958658067346  -0.4668265092210755  0.01009547302604435   0.0133943378071914  0.01825792962745007
 -0.5605111522626901   0.1936489429476301   0.7702146715377364   -0.113486987166795  -0.1357211853942508  -0.1542632762890026
  0.1669580994862334   0.1149799117172815  0.06389500090793822  -0.5643100298038766  -0.4441652765599964   0.6626412597609174
-0.06068321714305855 -0.04409907561081589 -0.02645863581109244   0.6916821899085015  -0.7034115332728118      0.1430409811929
 -0.6192437093433679  -0.4052403981741542  -0.1635153246668452   0.1206452760716382   0.3169391031830568   0.5572921217463365
   0.360530480498074   0.3774674237787461   0.3966389770125591   0.4190387105696919    0.434602552202101   0.4535866170816828

0.4003395031309436
0.4002341556413254
0.4000740900521305
0.3999131168580899
0.3997786330488661
0.3995842887328525

0.00218594027436767
 0.4008012801731617

  0.7387430634574481    7.293552805939584   -6.834271899707965  -0.1642695879729088  -0.3616551303412943  -0.6713334068735355
   1.513915256923963   0.2335558644928351  -0.6341030404891319 -0.01991654983380831 -0.03739661972522768 -0.05593158953082322

 4.470267635353869e-07 -2.500154669710533e-06  1.893507221246476e-06 -1.055272562844757e-06   -0.02949086461735891   -0.08694217785037997
-4.448235850976012e-09 -7.790487560413119e-07  1.304216275012345e-06 -6.056175443041416e-07   -0.01024198716299933     0.1303090125595523

cov:
0.05497501851796154 0.05597412911092768 0.05710855418258231 0.05842235244694422 0.05934387334953263 0.06046164169749796
0.05597412911092768 0.05756774206647338  0.0593736649556841 0.06147558551027296 0.06294198264954823 0.06472648030295618
0.05710855418258231  0.0593736649556841  0.0619384450323666 0.06493098910295601 0.06701311282349554 0.06955105281728091
0.05842235244694422 0.06147558551027296 0.06493098910295601 0.06897596815827262 0.07177342011713547 0.07519692059149841
0.05934387334953263 0.06294198264954823 0.06701311282349554 0.07177342011713547 0.07508569124834123 0.07911307992343668
0.06046164169749796 0.06472648030295618 0.06955105281728091 0.07519692059149841 0.07911307992343668 0.08390157981374369

cov.inverse():
 3270784.500772741 -6041208.718727789  2717156.970555712  7947.106793206031   19001.5654710943   26068.3802376117
 -6041208.71875736  12578069.63170819 -7053045.974763685  106338.3867917988  161506.5907183284  249106.0456806947
 2717156.970601966 -7053045.974827766   5229248.37257673  -244001.887199737 -295849.4375380202 -354116.2027627917
 7947.106784139163  106338.3868127431 -244001.8872130003  143093.7403550135   7085.77730468613 -20423.96314796168
 19001.56546724429  161506.5907277536 -295849.4375441475  7085.777304398736  134517.7456080644 -26232.17521647291
 26068.38023383732   249106.045684847 -354116.2027612297 -20423.96314906175 -26232.17521731306  125639.9156013401

cov*(cov_.inverse()):
     0.999999999960437  1.491571310907602e-10 -3.637978807091713e-12   1.13686837721616e-12 -1.364242052659392e-12  5.456968210637569e-12
 3.751665644813329e-11      1.000000000034561  6.184563972055912e-11 -1.818989403545856e-12  2.273736754432321e-13 -1.818989403545856e-12
 3.115019353572279e-11  6.184563972055912e-11      1.000000000090949  1.364242052659392e-12 -2.728484105318785e-12                      0
-3.751665644813329e-11  1.600710675120354e-10 -2.182787284255028e-11                      1 -2.728484105318785e-12  5.456968210637569e-12
-9.094947017729282e-13  1.236912794411182e-10  4.729372449219227e-11 -9.094947017729282e-13     0.9999999999968168  5.456968210637569e-12
 2.273736754432321e-11  5.820766091346741e-11  8.003553375601768e-11 -4.547473508864641e-13 -4.547473508864641e-13      1.000000000003638
