6
2

8.205537620112879e-05
9.939459366581511e-05
0.0002601111131936056
0.0007107970164816392
  0.01901490745663919
   0.5673878518726627

 0.05138926815299695    0.227170451674125  -0.8016453991155776   0.5502230895879227 -0.01225245846811538 -0.01489335514606796
  0.4334360207627704  -0.8185512337163874  0.05197052486744327    0.372191974940735 -0.01184691854645552 -0.02718349761135855
 -0.5732402627057324  0.01759671282696951   0.4035535980891009   0.6222842531138404  -0.1627746016607189   -0.307403948837409
 0.04178524425783273  0.05028585149661196  0.06608469428313962  0.06933119265616587  -0.8068303966478028    0.579289251111308
 -0.5602008619444994  -0.3311422890951205  -0.1453542327217013 0.003158320036530164   0.3932320890884426    0.633048556435488
  0.4065918689251555   0.4072762414840123   0.4078151202475923   0.4082562976121814   0.4093985735110996    0.410140886051511

0.3945525971442903
0.3946136465697059
0.3947262849223684
0.3947274828043721
0.3947286846433306
0.3947329375868064

-7.576529000038492e-05
     0.394721529013482

   2.385769109173739    1.860531610738421    2.787245856672844   -5.818723993523028  -0.5206796897955306  -0.6942639481068227
   0.994912640984511   0.8888969577107949  0.02605354085177475  -0.7499408744543477 -0.07428962682276719 -0.08547325463130573

-3.281704739223924e-08 -2.454655570959918e-08 -2.390217142105071e-07 -4.070083771763021e-09   -0.00109206766593359  -0.002889834330219505
-1.200363013997465e-09  -5.64049017608747e-09 -6.579567528900251e-08  2.345513348834642e-08 -0.0003402992159141161     0.1305540466240856

cov:
0.05333380915139031 0.05337696536483812 0.05340985857089778 0.05343751811959831 0.05350803552001886 0.05355665954228293
0.05337696536483812 0.05343928232777915  0.0534876847289255 0.05352774767717158 0.05363079157344913 0.05369944108835748
0.05340985857089778  0.0534876847289255 0.05354868570401766 0.05359880061244209 0.05372821888909356 0.05381311397206273
0.05343751811959831 0.05352774767717158 0.05359880061244209 0.05365696944808999 0.05380747643688297 0.05390535448099027
0.05350803552001886 0.05363079157344913 0.05372821888909356 0.05380747643688297 0.05401385171132688 0.05414522005056519
0.05355665954228293 0.05369944108835748 0.05381311397206273 0.05390535448099027 0.05414522005056519 0.05429853231821494

cov.inverse():
 24269637.31112442 -34323048.96919127 -7251799.188426167  15262092.75071645  698515.8325979025  1345154.706845824
-34323048.97920215   75495802.8025475   -31241425.053085 -12105122.51949287  445190.4698183881  1726930.381777404
-7251799.162372769 -31241425.10644289  98133560.49375132 -59831215.94345358  319882.7068984195 -127820.8508610555
 15262092.73371066 -12105122.47190469 -59831215.97666255  64718797.25091399  -3055421.04864075 -4989041.135328291
 698515.8329479247  445190.4682080008  319882.7092264842 -3055421.049715727  1717009.470092564 -125138.5476435457
 1345154.707459401  1726930.379146422 -127820.8472858039 -4989041.136878747 -125138.5476508663  2169744.358426428

cov*(cov_.inverse()):
    0.9999999998835847  -1.01863406598568e-10  3.346940502524376e-10  5.820766091346741e-11 -1.637090463191271e-11 -5.820766091346741e-11
 -2.91038304567337e-10     0.9999999996070983  1.473381416872144e-10 -4.656612873077393e-10 -6.366462912410498e-12                      0
-1.455191522836685e-10 -1.891748979687691e-10     0.9999999995334292 -5.820766091346741e-11 -2.728484105318785e-11                      0
-1.455191522836685e-10  -1.01863406598568e-10    1.2732925824821e-10     0.9999999994179234 -2.091837814077735e-11  -2.91038304567337e-11
-3.783497959375381e-10 -4.511093720793724e-10  8.258211892098188e-10 -8.731149137020111e-10     0.9999999999827196 -1.455191522836685e-11
 -2.91038304567337e-11 -2.473825588822365e-10  9.458744898438454e-11                      0 -7.275957614183426e-12     0.9999999999708962
