5
2

 0.128797269139979
0.1363380499754988
 2.758112584087149
 6.059325719605085
 18.74053824693745

  -0.4053894829504618    0.7875240607793738   0.07571007051834454   -0.4579645324691357 -0.001301164538373551
  0.04680708040703439    0.3536080727252178   -0.8296486488702393    0.4294805389158408 0.0001193636147687358
   0.4785258611100849  -0.05237258564392971   -0.2865537764477599   -0.5627508462690995    0.6078392310050091
  -0.7305358688863293    -0.302826367582222   -0.1157926819483387    0.1050995809503646    0.5917429072314441
   0.2660804556074619     0.400400409549052     0.458726599033272    0.5273334019388067    0.5294998524227268

74.87164310517558
 132.231448970334
 157.157137288522
186.4797045200688
222.6521210443257

  3.383329800861032
0.07148213195252864

  -0.03884201333133147    0.01005881899809259    0.01336255702629247    0.01541700578053838 -7.032155249554924e-05
      1.85601785390964    -0.2114022317846499    -0.3001020854753182     -0.344584981464098   0.001849735731349299

 0.0002922775375550056 -5.067354299499704e-05    -0.2408547568329455     0.9311337540288854      2.779768029341937
  -0.01300241624389813   0.002102462597645462      8.978451947379567     -47.44518123433123      31.89247244145498

cov:
46.20419266426524 45.34398081844807 44.92921258369601 44.41498952268139 35.82250465525103
45.34398081844807  59.7062243987993  65.9049788878412 73.20809866323783 67.63882931629333
44.92921258369601  65.9049788878412  75.0345016866501 85.73051889801248 81.46611105428325
44.41498952268139 73.20809866323783 85.73051889801248 100.4856109352253 97.74655863956917
35.82250465525103 67.63882931629333 81.46611105428325 97.74655863956917 114.1350341031619

cov.inverse():
    10.06946483664933    -18.35176143306858    -3.954708602630073     12.23596467787655   0.05896085809421834
   -18.35176143306975     44.11660129949946    -12.18506673875498     -13.5673562953156  -0.06796176263755718
   -3.954708602627896    -12.18506673875946      37.3873421381775    -21.23774952380144  -0.03533727225660051
    12.23596467787555     -13.5673562953123    -21.23774952380373     22.60895450433934 -0.003797614769512539
  0.05896085809422349  -0.06796176263756482  -0.03533727225660592 -0.003797614769504655   0.05900661810992686

cov*(cov_.inverse()):
     1.000000000000066 -1.407762795224698e-13  -6.59472476627343e-14  1.182387521225792e-14  8.881784197001252e-16
 1.398881011027697e-13      1.000000000000075  1.310063169057685e-13  -1.36279876272738e-13  8.881784197001252e-16
 2.042810365310288e-13  2.158273559871304e-13      1.000000000000207 -7.260858581048524e-14                      0
 1.429967255717202e-13 -2.220446049250313e-14  2.087219286295294e-14      1.000000000000334   1.77635683940025e-15
-8.348877145181177e-14  2.087219286295294e-13  3.312905505481467e-13  1.164623952831789e-13      1.000000000000001
