5
2

9.626044506210448e-05
0.0001542996888564365
0.0003630533435865622
   0.1096121909769502
    0.569195843040289

-0.08987104261937058   0.3900670161129195  -0.7316060536416594   0.5408723641754745   -0.109455865924954
 -0.3354064028404377   0.7243571950231231 -0.02216108750417638  -0.5674852471580102   0.2006952401291984
   0.637661338442753  -0.1409206814508612  -0.5053944300188183  -0.3944537081570096   0.4031279216600617
 -0.5603146041785274  -0.3602000152477671  -0.1336987675761495   0.1318966375682178   0.7218250549174537
   0.398574086503128   0.4165953522471542   0.4369926522609761   0.4608981764431581   0.5140012673871102

0.3990250258170632
0.3990840342252895
0.3991140159911941
 0.399132616233062
0.3991440972981436

4.769321775168014e-05
   0.3992140418432136

0
0
0
0
0

0
0

0
0
0
0
0

0
0

0
0
0
0
0

0
0

0
0
0
0
0

0
0

0
0
0
0
0

0
0

0
0
0
0
0

0
0

0
0
0
0
0

0
0

0
0
0
0
0

0
0

0
0
0
0
0

0
0

0
0
0
0
0

0
0

0
0
0
0
0

0
0

0
0
0
0
0

0
0

0
0
0
0
0

0
0

0
0
0
0
0

0
0

0
0
0
0
0

0
0

0
0
0
0
0

0
0

0
0
0
0
0

0
0

0
0
0
0
0

0
0

0
0
0
0
0

0
0

0
0
0
0
0

0
0

0
0
0
0
0

0
0

0
0
0
0
0

0
0

0
0
0
0
0

0
0

0
0
0
0
0

0
0

0
0
0
0
0

0
0

0
0
0
0
0

0
0

0
0
0
0
0

0
0

0
0
0
0
0

0
0

0
0
0
0
0

0
0

0
0
0
0
0

0
0

0
0
0
0
0

0
0

0
0
0
0
0

0
0

0
0
0
0
0

0
0

0
0
0
0
0

0
0

0
0
0
0
0

0
0

0
0
0
0
0

0
0

0
0
0
0
0

0
0

0
0
0
0
0

0
0

0
0
0
0
0

0
0

0
0
0
0
0

0
0

0
0
0
0
0

0
0

0
0
0
0
0

0
0

0
0
0
0
0

0
0

0
0
0
0
0

0
0

0
0
0
0
0

0
0

0
0
0
0
0

0
0

0
0
0
0
0

0
0

0
0
0
0
0

0
0

0
0
0
0
0

0
0

0
0
0
0
0

0
0

0
0
0
0
0

0
0

0
0
0
0
0

0
0

0
0
0
0
0

0
0

0
0
0
0
0

0
0

0
0
0
0
0

0
0

0
0
0
0
0

0
0

0
0
0
0
0

0
0

0
0
0
0
0

0
0

0
0
0
0
0

0
0

0
0
0
0
0

0
0

0
0
0
0
0

0
0

0
0
0
0
0

0
0

0
0
0
0
0

0
0

0
0
0
0
0

0
0

0
0
0
0
0

0
0

0
0
0
0
0

0
0

0
0
0
0
0

0
0

0
0
0
0
0

0
0

0
0
0
0
0

0
0

0
0
0
0
0

0
0

0
0
0
0
0

0
0

0
0
0
0
0

0
0

0
0
0
0
0

0
0

0
0
0
0
0

0
0

0
0
0
0
0

0
0

0
0
0
0
0

0
0

0
0
0
0
0

0
0

 0.4654127800418005 0.08718931507815397  -2.025907702786304   6.199005496672502  -4.725746922023084
  1.477909465962658 -0.3226537504366948 -0.2785860716939795  0.5172960238700169 -0.3939649010133115

  4.95223467122903e-08 -1.074789229290631e-07 -4.009498643169395e-07   -0.03141706091240373   -0.07626977138210098
 2.483773714505292e-09 -2.609085317631098e-08  1.009386995082108e-07    -0.0107024749420096     0.1194925975169182

cov:
0.05524064803710234  0.0562204998006007  0.0573295859528057 0.05862854579497635 0.06151444493032249
 0.0562204998006007 0.05778682346300808 0.05955960161838682 0.06163669929029023 0.06625097118499323
 0.0573295859528057 0.05955960161838682  0.0620836103918449 0.06504146096559997 0.07161203012563357
0.05862854579497635 0.06163669929029023 0.06504146096559997 0.06903202097574958 0.07789637916964269
0.06151444493032249 0.06625097118499323 0.07161203012563357 0.07789637916964269 0.09185580215960552

cov.inverse():
   8681684.5670332 -14669519.37212909  4963001.420779251  840397.8494846085  184488.5225081015
-14669519.37197398  38609203.18580705 -30931775.19091539  5925000.758974513  1067338.618005231
 4963001.417313447 -30931775.18475561  59722690.76324381 -40664080.52316815  6909583.924649199
 840397.8542262345  5925000.750378611 -40664080.51940253  46278163.95525687 -12379160.40490194
 184488.5210771417  1067338.620596474  6909583.923577583 -12379160.40499061  4217724.981347706

cov*(cov_.inverse()):
    0.9999999998726707 -1.164153218269348e-10 -2.328306436538696e-10  2.328306436538696e-10 -8.731149137020111e-11
 5.456968210637569e-12     0.9999999996070983   2.91038304567337e-10 -3.492459654808044e-10                      0
-6.912159733474255e-11  1.600710675120354e-10     0.9999999999417923 -2.328306436538696e-10                      0
 6.730260793119669e-11  2.619344741106033e-10 -3.492459654808044e-10      1.000000000116415 -5.820766091346741e-11
 1.455191522836685e-11  4.365574568510056e-11  2.328306436538696e-10 -2.328306436538696e-10                      1
