5
2

3.750902162135968e-05
8.467645855006958e-05
0.0003642285575341897
  0.02094478477932872
   0.5225142967151704

0.004863044040183065   0.4251905514940812  -0.8172042929200629   0.3890538445021843 -0.00189616294473147
   -0.46249101004503   0.7378436625073912   0.1602225759417703  -0.4639119375344501   0.0283414131056231
   0.322319720907404  -0.1087923885135952  -0.3254237454092669  -0.5653803356441035   0.6772877347969958
 -0.6964068579665956  -0.2529434194203329  0.02251661287556405   0.3352725341972839   0.5814829702636071
  0.4440787116283086   0.4460757417651122   0.4473234376377125   0.4487317953644411   0.4498355793578705

0.4027787633132617
0.4028198135101322
0.4028060648415452
0.4027783326564668
0.4027840225076129

0.0003646899894625301
   0.4030107676902497

 0.05093785628055561     1.77179246274304    5.184090020160332    -6.97580286919861 -0.03115887412755627
  0.4550167285752047   0.9587814591855079   0.8275777553812096  -0.9241186075015109  -0.3171406890727382

-8.718397434997084e-09  3.835740284781291e-08  2.732200235077984e-07  -0.001194897168748046  -0.003369598124758488
-8.798259150295171e-10   7.52364429793941e-09  1.070881436765816e-08  -0.000454039476578845     0.1208404762548227

cov:
 0.0540541595146203 0.05416078361235887 0.05422789677713754 0.05430309423509215 0.05436175379007827
0.05416078361235887  0.0543548033084489 0.05447619152264396 0.05461300956385105 0.05472010172777097
0.05422789677713754 0.05447619152264396 0.05463130211677576   0.054806400681727  0.0549435838258926
0.05430309423509215 0.05461300956385105   0.054806400681727 0.05502496368714733 0.05519630914778845
0.05436175379007827 0.05472010172777097  0.0549435838258926 0.05519630914778845 0.05539478689368071

cov.inverse():
 30632951.75415357 -46387162.54494774 -13950148.69477111  29894146.92408999  -190020.388693412
 -46387162.6532971  204515418.8295873 -230214531.8323309  70301182.08220202  1787688.796787497
-13950148.49130715 -230214532.1923027  479046434.4306518 -234959047.8087068  73318.66237124853
 29894146.82936958  70301182.33708808 -234959047.9726525  140009367.6860205 -5244072.764010033
-190020.3890891306  1787688.793525455  73318.66981161396 -5244072.767792696  3573141.287665389

cov*(cov_.inverse()):
    0.9999999996416591 -1.644366420805454e-09 -2.391516318311915e-09 -8.731149137020111e-10                      0
-7.621565600857139e-10     0.9999999988212949 -1.545231498312205e-09  2.328306436538696e-10  -2.91038304567337e-11
-2.110027708113194e-10 -1.979060471057892e-09     0.9999999996152837 -7.566995918750763e-10  -2.91038304567337e-11
-2.291926648467779e-10 -2.459273673593998e-09  2.651177055668086e-10     0.9999999994179234  -2.91038304567337e-11
-2.273736754432321e-10  -2.91038304567337e-11  4.201865522190928e-10 -4.074536263942719e-10                      1
