6
2

                  nan
                  nan
                  nan
2.710475033145036e-08
     2.22971106451441
    2.806067001440408

                  -0   -0.729391971202714   0.6382121860349141 -0.05529880229851013 -0.02570136138548083   0.2386504565862779
                   0  -0.1755820811414725  0.03035548323451523   0.8950897350206262  0.02015512788432154  -0.4082372037189914
 -0.9963493166997597 0.006778534309797345 -0.01485541356812755  0.03151935093145953 -0.04560090462817183  0.06283705344941137
                   0  -0.6460871789679297   -0.749307808171927 -0.09519591043379019   0.1081399143285107  0.01877933309649325
-0.08451389273208078 -0.09468656980225972   0.1709853275828918  -0.3958793876460278   0.4085153952652937   -0.794386905389288
-0.01205989416171853   0.1035284853168628  0.02906704810965412   0.1702356846128436   0.9045853741357169   0.3755484402565621

32.45814069352684
93.53180023966497
128.5015629992177
158.1303826712061
183.2488503100942
215.2247087849117

2.075431582203335
-13.8324712117513

 0.7800318649038582  0.1142248334325169 0.06044100434701052 -0.2644488211679308  0.0227722741593124 0.05697506225466043
 -45.69647412518977  -6.140435116219547  -4.657844366272616   12.86953342073198   -1.23676297949843    -2.2603219435435

 2.156511929547188e-17  6.412454693124188e-17  1.477822449162289e-17 -6.640007440401311e-17    0.01157319790498186   0.009078732906134552
-3.615600722350351e-16 -3.083306160054453e-15  -8.65767816093388e-16  4.449218189732491e-15    -0.7828745188463861    0.02543824059873079

cov:
 0.03665542674049703  0.02995343906060549 -0.07460314497358422   0.1501711971040326  -0.2575452120947401   0.2981157462990427
 0.02995343906060549   0.1289680338862328 -0.05679545127817887   0.3251316739683758   0.5450974983469314   0.6800948125231219
-0.07460314497358422 -0.05679545127817887   0.1520026434353506  -0.2975636531926938   0.5543040796674117  -0.5893331682036802
  0.1501711971040326   0.3251316739683758  -0.2975636531926938    1.007343728457068   0.4085174095206909     2.06687866632049
 -0.2575452120947401   0.5450974983469314   0.5543040796674117   0.4085174095206909    7.272791332993524    1.061541158660188
  0.2981157462990427   0.6800948125231219  -0.5893331682036802     2.06687866632049    1.061541158660188    4.247862282278077

cov.inverse():
-1.635545131774449e+16  2.836814019509688e+16 -1.518105162785743e+16 -3.184074686373489e+16      -1264468044452864  1.030855939081961e+16
      6654834219338131  2.409058624287196e+16 -2.002581363952015e+16      -5651751506176671        943506124383410      -4588132683250489
-6.573893676375974e+16 -9.661631615279843e+16  -8.91459824296439e+16  8.167564870648938e+16  1.224116284866732e+16 -3.508559383572343e+16
-1.990532673315547e+16 -1.669930851030166e+16       1120550058473180  1.708838839171595e+16      101958541438053.1      -4114134520958726
      5143636032297016       9470204313624008       9295118366987574      -9120032420351140      -1334415601981292       4183380294255383
    -638091005519449.6 -1.349329028744785e+16 -1.096427105825491e+16       8435251829061977       1919838287179393      -3900149111374463

cov*(cov_.inverse()):
1.21875       1       0    -1.5   -0.25       0
 0.0625       0       1       0    0.25    -0.5
  -1.25       2       5      -3       0     0.5
  -2.75      -4      -4       0       1       1
  -0.75       4      14      -9       0       7
   -1.5       0       0       4       0       0
