5
2

0.1519179280768309
0.1620504972872703
  3.03499286241273
 6.172638234277813
 20.90117656588323

   -0.4121122121267169     0.7767501203344123     0.1003087892015448    -0.4655749916451615 -0.0009214879422782011
   0.03647709027155951      0.375416322301503    -0.8275823147232897     0.4157396242350729  0.0002898845580494168
     0.527266847129728   -0.03003819540064456    -0.2807655188315641    -0.5784238314764887      0.554692683699948
   -0.6965704778953224    -0.3186597099055345    -0.1491277535878902    0.05157742777753077     0.6231743260607628
    0.2561487609649959     0.3915041910504701     0.4516384568559614     0.5226529748498527     0.5513337036816987

 90.6991617203859
156.3773988773227
185.5824171038599
220.0534426855922
262.8304564604546

 3.992850330688339
0.1230456980812399

  -0.03974214659919476    0.01074655276883362    0.01334416095316783    0.01555601051112735  6.252390441900939e-05
       1.8953658624464    -0.2296939362292243    -0.2995507645327954     -0.364273247540793 -0.0008345684460378533

 0.0004343847688526365 -5.229410228505294e-05    -0.3130640175977913     0.8805259559013511      3.590555141690618
  -0.01892409969570709   0.002084191288212279      11.98013747985055     -46.54850858925571      30.33209902480278

cov:
 49.7152720636254 52.11411160326041 53.13131548382166 54.31204104752487 47.84950450642807
52.11411160326041 70.85473546865732 79.12666268444197 88.92006110262423 86.57611709931527
53.13131548382166 79.12666268444197 90.70102479081824 104.3134241217501  103.804054361987
54.31204104752487 88.92006110262423 104.3134241217501 122.5278562068962 124.1529575699168
47.84950450642807 86.57611709931527  103.804054361987 124.1529575699168 150.4222771749358

cov.inverse():
   7.452635563935245   -13.34426352231362   -2.953806187718135    8.857299249980198  0.03753940263723095
  -13.34426352231203    31.51238796677497   -8.452492705873089   -9.724111914697444 -0.03339616281426603
  -2.953806187721066   -8.452492705867177    26.52642742153592   -15.10739266935779 -0.03191729535676033
   8.857299249981534   -9.724111914701757   -15.10739266935481    16.01084669233904  -0.0101506819747949
 0.03753940263723772 -0.03339616281428053 -0.03191729535675877 -0.01015068197478871  0.04433153295429039

cov*(cov_.inverse()):
    0.9999999999999374  8.215650382226158e-14  1.953992523340276e-14 -7.382983113757291e-15 -4.440892098500626e-16
 5.728750807065808e-14      1.000000000000115 -3.099742684753437e-13   4.54081217071689e-14  8.881784197001252e-16
-1.079136779935652e-13  1.287858708565182e-13      1.000000000000017 -3.042011087472929e-14  8.881784197001252e-16
-6.217248937900877e-15 -6.217248937900877e-14 -1.527666881884215e-13     0.9999999999999527  8.881784197001252e-16
  1.77635683940025e-15  2.495781359357352e-13 -2.842170943040401e-14  8.171241461241152e-14      1.000000000000001
