5
2

0.1356689895338819
0.1618067049308915
 2.883977771204151
  6.71793820423842
  19.9766230434901

   -0.5970311279593514     0.6571831419609533     0.2935027905781364    -0.3542875093646486 -0.0007891773913657603
   0.03863257549498872     0.5291822183498427    -0.8117411879443631     0.2440282380043671  0.0004083431424136186
    0.4192812934833708    0.06540891928707286     -0.151044007041787     -0.711556981798569     0.5392561912515054
    -0.623988544339496    -0.3915308265927718    -0.2493681696952968     0.1172931421572462     0.6175756982802638
    0.2773136307976891     0.3612503049271339      0.412230008123013     0.5430097238735866      0.572540153653425

90.69903429380678
131.5273867542624
156.3773862798847
220.0530963040022
262.8302491869709

3.992856296842011
0.122757581119286

 -0.04376738130924951  0.009178296055720096   0.01342556259579314   0.02107375279354493 6.924044091014686e-05
    1.976870143868292   -0.1911582181254693   -0.2925815165767994   -0.4914444393770286 -0.001012316874720441

 0.0005270860837742766 -6.779201360618508e-05    -0.2889122798018603      1.032744557613103      3.270615360165636
   -0.0224119550890817   0.002429315124564383      10.06146083349732     -51.62986182972774      36.35785326912204

cov:
49.73019504189962 51.22556005778982 52.11165111386951 54.31250477892757 47.84988270355326
51.22556005778982 59.04799272286478 63.74459933961292 75.82106362243148 71.91960051622513
52.11165111386951 63.74459933961292 70.82964348134698 88.89555180111341 86.55896048423372
54.31250477892757 75.82106362243148 88.89555180111341 122.5042055736123 124.1451103797289
47.84988270355326 71.91960051622513 86.55896048423372 124.1451103797289 150.4460403872233

cov.inverse():
    19.4526423174104   -20.52700110211081   -10.72190602069277    11.81486167809508  0.04524411737663257
  -20.52700110211549    34.16465973479591   -5.926249324129467   -7.723514590285395 -0.02052252423484009
  -10.72190602068628   -5.926249324138921    29.85235398124109   -13.20259505226488 -0.03785861792492658
   11.81486167809324   -7.723514590280597   -13.20259505226783    9.155892610924216 -0.02475343931422966
 0.04524411737665072 -0.02052252423485213 -0.03785861792494651 -0.02475343931421579    0.044275456414848

cov*(cov_.inverse()):
     1.000000000000313  1.111333247649782e-13 -6.483702463810914e-14  1.298960938811433e-13 -4.440892098500626e-16
 4.809486142676178e-13     0.9999999999998399  1.545430450278218e-13  1.820765760385257e-14 -4.440892098500626e-16
 5.280220705117245e-13  -4.11670697531008e-13      1.000000000000391  4.352074256530614e-14 -8.881784197001252e-16
 2.859934511434403e-13 -9.103828801926284e-14  8.881784197001252e-14     0.9999999999998699 -8.881784197001252e-16
 6.945555242054979e-13 -1.056932319443149e-13 -3.081979116359435e-13    2.1271873151818e-13     0.9999999999999991
