5
2

1.935138764594871
2.733504322776048
4.162092723521468
4.995236653125064
14.01029651989028

 -0.7953568076158963   0.5003245232586891   0.3068998124923391  0.03118372234453571  -0.1480641771595066
-0.05061258523766581  -0.2577524433521453 -0.05500744719244337   0.7936646564573332  -0.5459602897696798
-0.08070076886386983  -0.5999941863128375   0.7818049525951927  -0.1491697533612975 -0.00487473848881709
 -0.5344793048004816  -0.4633857944290347  -0.3722611365429631   0.1832584480278271   0.5722267607404784
  0.2695647852360999   0.3294231796400087   0.3911385280983037   0.5597219974771085   0.5937483748641433

131.1830301991484
157.9175194164876
183.7171284503159
218.7221462262778
259.7204494237058

 2.497377382802541
-2.440616794815572

-0.02476948954821306 0.002556207787153674 0.008157687948963446 0.006970453557058458 0.008180325659463531
   2.323825802736268  -0.1330306678385274  -0.4391518978192405  -0.3733032471907492   -0.438715278183903

 0.08421692703510207 0.009056980160767241  0.09983721911638076   0.3736838555631786    1.200195518108361
  -7.475622698264997  -0.8662021497200261   -6.811823064599829   -33.34559168212893   -11.50319397525301

cov:
 23.8923005126454 23.05662572073505 23.67454618500718 26.98773569825059  24.4394376851194
23.05662572073505 34.32906855789918 22.15117505656832 34.15407948987746 32.60124931427856
23.67454618500718 22.15117505656832 44.45137165596458 38.96033040014604 40.25851305298769
26.98773569825059 34.15407948987746 38.96033040014604 67.42871079719046 64.60755789981205
 24.4394376851194 32.60124931427856 40.25851305298769 64.60755789981205 79.67917003233752

cov.inverse():
  0.1814647807342747 -0.09134569163989632 -0.05994154152361537 -0.01446092510441266   0.0237267638855162
-0.09134569163989631   0.1056774214836742  0.02339260473500003 -0.02050886526271484 -0.01041053024086995
 -0.0599415415236153  0.02339260473499999  0.06717350673972577 -0.01163797232817409  -0.0156891079138959
-0.01446092510441282 -0.02050886526271479 -0.01163797232817403   0.0887875145901134 -0.05328601589992378
 0.02372676388551628 -0.01041053024086996 -0.01568910791389594 -0.05328601589992377  0.06066613188504564

cov*(cov_.inverse()):
                     1  2.220446049250313e-16 -1.110223024625157e-16  1.110223024625157e-15 -8.881784197001252e-16
 4.440892098500626e-16                      1  4.440892098500626e-16  6.661338147750939e-16 -4.440892098500626e-16
 1.110223024625157e-15 -1.110223024625157e-16                      1                      0                      0
-4.440892098500626e-16  2.220446049250313e-16                      0     0.9999999999999996 -4.440892098500626e-16
 4.440892098500626e-16  1.110223024625157e-16                      0                      0                      1
