6
2

0.05176659120629325
 0.1279879566177744
 0.1316520601181377
  2.136844049511994
  6.200220936504566
   12.5405147500959

   -0.4603008226592269     0.8576602116370962    -0.1327191568149541    -0.1345425737024254    -0.1297151954763918  5.807088430644281e-05
   -0.3189703738399088    -0.1044429308515419     0.8607192970795468   -0.05893541197619938    -0.3782042812615157 -7.275381011414821e-05
  -0.09415639360626037   -0.02811854159693983    -0.2038179409867498     0.8321167444087336    -0.5063435889874905  0.0002483129556715181
    0.5019133496522219    0.09898207162811061    -0.1091321132758391    -0.3581536356043847    -0.6432737428980025     0.4293024409322638
   -0.6522906306080201     -0.471566926898716    -0.3782934502797672    -0.2670940592737849    -0.1390121415433883     0.3440523508943016
   0.01074939424382776     0.1433428273047593     0.2121094323893213     0.2939274971065949     0.3881058821903697     0.8350612694461625

69.29873131282183
109.6512485395243
130.4753859212587
155.2184523236439
183.6780909898127
262.6782460524956

 3.274022944486076
-5.139670309910805

  -0.06694209192743432    0.05549810250919786   0.002866976596263582   0.004141349730550977   0.004405603434258814 -5.153871691990219e-06
     2.448581721526917     -1.129125967419912    -0.0814917392435852    -0.1106899555166259     -0.126661657282118  4.108812421541042e-05

0.0002060827160218567 0.0002639544280782487 9.313484080556191e-05   -0.1494857605872889    0.5647136875119858     1.693200007739164
-0.005502533229851629  -0.01111952666009156 -0.003642607857240457     5.695051971281378    -37.93200430923357    -36.87461954955798

cov:
 17.52757355820645  12.29363666291235  9.590487634622228  6.372795310433513   2.67065391154119 -6.231861734241748
 12.29363666291235  11.82695809277574  11.58835226721428  11.30541294547554  10.97888726623986  12.78150463663097
 9.590487634622228  11.58835226721428  12.64406344963473  13.86362374227909  15.28481310194317  22.63802232534295
 6.372795310433513  11.30541294547554  13.86362374227909  16.92690620861215  20.41239750090585  34.36544274429463
  2.67065391154119  10.97888726623986  15.28481310194317  20.41239750090585  26.32732387073171  47.86860926448438
-6.231861734241748  12.78150463663097  22.63802232534295  34.36544274429463  47.86860926448438  115.0569201327541

cov.inverse():
    85.8537684893961   -145.1133362798568    7.138600826648005    19.70248584901884    32.32771240670777  0.03150186205136468
  -145.1133362798589    275.2126683664702   -47.63132459953667   -44.03859820104969   -38.29422886095598  0.02449351883835493
   7.138600826649376   -47.63132459953913    54.20212714926109   -6.206981677102875   -7.476492733574539 -0.02213871330818873
   19.70248584902161   -44.03859820105333   -6.206981677103745    46.94712860949483   -16.38399055290812 -0.02523545525468577
   32.32771240670567   -38.29422886095191   -7.476492733574755   -16.38399055290988    29.89527624373814 -0.06804893633416585
 0.03150186205137837  0.02449351883832249 -0.02213871330818089 -0.02523545525467103  -0.0680489363341697  0.04788120037255656

cov*(cov_.inverse()):
     1.000000000000028 -1.345867861601846e-13  3.114175584073564e-14 -1.490474410559273e-14  1.754152378907747e-14                      0
 5.234701561107613e-14     0.9999999999992466    1.6858736628933e-13  7.521760991835436e-14  5.284661597215745e-14                      0
-1.794120407794253e-13 -6.428191312579656e-14       1.00000000000004   1.06581410364015e-14  2.109423746787797e-14                      0
 2.866595849582154e-13 -1.254552017826427e-14  1.099120794378905e-13     0.9999999999999861  6.972200594645983e-14 -4.440892098500626e-16
-2.122746423083299e-13  3.663735981263017e-14  1.096900348329655e-13 -5.129230373768223e-14      1.000000000000021                      0
 3.836930773104541e-13 -8.570921750106208e-14  1.185718190299667e-13 -4.756195437494171e-13  1.216804434989172e-13                      1
