6
2

0.06648787469240691
 0.8788347946839351
  1.317151032111797
  2.007056157337186
  2.455067578880192
  3.105834296457941

    0.1549799405019511    -0.7722292886936496     0.6161505824723083 -0.0008564445403038535  0.0007887345320955925  0.0004978406717768281
    0.6554985369295638    -0.3330537631426024    -0.5823198876529905      0.203204945846219    0.06554797917355124     0.2733342638482423
    0.1174238568367352   -0.07289868968943573    -0.1208084086314973    0.08430783303737256     0.5367592006606308    -0.8191974713619283
    0.4297712576246527      0.190395596915728     0.1320228697355635      0.139543361044558    -0.7381748256459213    -0.4441190401599737
   -0.5414829113107124    -0.3238235647621801    -0.2683043359656748     0.6733718118177051    -0.2550623497842324    -0.1070557786254186
    0.2336823631534891      0.382505834153719     0.4210107857710704     0.6918795120630878     0.3124636384212127     0.2133095724662077

44.36344430156906
112.3580552280717
129.2473901312565
186.6491071307692
217.4183542479211
257.7121414742954

  2.48451571835131
-11.53153866150206

   -0.0358737260612112    0.03426526318679577   0.001880725653488687 -6.959135483582688e-05 -6.912838854316499e-06  -3.17496032289841e-05
      1.79928083594741    -0.7200792544678959   -0.08293280349555228  0.0006918559301093558 -0.0002026115618969093 -0.0007497821879801636

-0.0001364275000816698   -0.02784000009399379   -0.01200732525926388   -0.03478717022220377    0.04690973935755282    0.05265218357596538
  0.003464977468610186      1.133398895458737     0.4759733255241778      2.520931758101076     -4.329161932690226      1.064608553699876

cov:
  3.393923756176136   2.064714699305499   1.734248906740324 -0.2764572732518597  0.4013667310595817 0.03285341990530295
  2.064714699305499     2.2869377672716   2.341317737974332   1.282655730741084  0.9998341807908967  0.6886742753544947
  1.734248906740324   2.341317737974332   2.502796247874112   1.686025155511966   1.146885544080113  0.8519799026804312
-0.2764572732518597   1.282655730741084   1.686025155511966   7.473257982509467  0.7240311893881469    0.66255993236779
 0.4013667310595817  0.9998341807908967   1.146885544080113  0.7240311893881469   4.032086253379822   1.379123435652663
0.03285341990530295  0.6886742753544947  0.8519799026804312    0.66255993236779   1.379123435652663   2.524493980638443

cov.inverse():
   6.097761383225999   -27.30195744587783    21.14717193098999   0.1192966789253999   0.0713413840540707   0.1613900408501204
  -27.30195744587778    135.0869076434353   -107.3401561774347  0.05629481595130525  -0.1973978376053737   -0.177192916344612
   21.14717193098994   -107.3401561774347    86.36146774360176  -0.2736545236050724   0.0239352045707257 -0.08012877484299639
  0.1192966789254011  0.05629481595129902  -0.2736545236050675   0.1874139607250185  0.01152210311012209  0.01996308002244329
 0.07134138405407053   -0.197397837605373  0.02393520457072518  0.01152210311012208   0.3279567674861869  -0.1373424770967826
  0.1613900408501225  -0.1771929163446225 -0.08012877484298798  0.01996308002244328  -0.1373424770967825   0.5391890797278226

cov*(cov_.inverse()):
    0.9999999999999943 -6.094083571106523e-15  2.124125528246701e-14  1.450662506785605e-16 -2.688821387764051e-17 -5.551115123125783e-17
 1.096345236817342e-15      1.000000000000023 -1.172673069760322e-14  9.194034422677078e-17 -1.249000902703301e-16  5.551115123125783e-17
 2.442490654175344e-15  2.162159340457492e-14       1.00000000000001  5.551115123125783e-17 -5.551115123125783e-17 -1.110223024625157e-16
 9.506284648352903e-15  2.253752739989068e-14  -2.87062040804642e-14     0.9999999999999999 -5.551115123125783e-17                      0
  3.05311331771918e-15  1.709743457922741e-14 -1.790234627208065e-15  2.081668171172169e-17     0.9999999999999999                      0
 7.216449660063518e-16  3.497202527569243e-15 -7.549516567451064e-15 -2.775557561562891e-17  5.551115123125783e-17     0.9999999999999998
