7
2

0.03451496600511315
0.06930409619737113
  1.018777711651157
  1.059332738675201
  1.349897281961839
  2.144271864439145
  3.178026064734777

   -0.396723162001086    0.7952081540891129   -0.4550995396966486   0.05600816690196012  -0.00122150964173395 0.0005022246339022575  0.000688690669625071
   0.3009727920186832   -0.2725642679032801   -0.6609604633262764    0.6310738386513073 0.0005432810513151552 0.0007106963939490484 0.0006116964769395981
   0.5420614483283714    0.1249393664833581   -0.3190460517196427   -0.5390040266347934   -0.2721304112427881   0.06107636770993426    0.4695301200952546
   0.2073534757858376   0.03066272935407761   -0.1612762657639282   -0.2551992362187419    0.9224371928356998  -0.04496289137605521   -0.1096157503062584
   0.1889876674239578   0.03987143045175066   -0.1193642542471755   -0.1977630029753299   -0.1751592788626515    0.6038089989193272   -0.7169866246380996
  -0.3903915727572891     -0.23934601223387  -0.07672484585471757  0.001025424176563246    0.1739566697627339    0.7307646193917424    0.4691932448064056
   0.4765271398291615    0.4668258976591864    0.4561586683461665    0.4514926883953643    0.1187904936579316    0.3092652942973094    0.1825181751465195

 44.3626231392002
77.28046408223432
112.3548160497953
129.2471286974525
157.7734905136628
217.4218032762287
257.7076705093567

 2.484380644109273
-11.52883315124134

  -0.04297365368150084     0.0138389623527046    0.02758392540488273   0.001768874485659694  -5.79574713880337e-05  1.006848993425594e-05 -1.957113077989739e-05
     1.872090497266516    -0.1432105150907021    -0.6483582501672425   -0.08395733354045917    0.00332851792260009 -0.0006666500641975548  -0.001525808432222012

 1.858306168014432e-05 -0.0001624467962667226   -0.03249908510903745   -0.01508017309418517   -0.02037573036057892    0.05213002782028841  -0.006502169347366198
-0.0006745330012392667   0.004697576198837162      1.294626288698056     0.5757390972949544     0.8057775643970689      -2.97730897398394      4.964055219866773

cov:
  3.413124473185057   2.766773991868999    2.07427162164393    1.74127663142339  0.2606902799840349  0.4085776925778727 0.02798189235532682
  2.766773991868999   2.485685483539869   2.180004261015054   2.033783108014044  0.3523681508783436  0.7041893540818883  0.3492297426265233
   2.07427162164393   2.180004261015054   2.291795473458386   2.345379348824974   0.447182887957676   1.023609039520197  0.6956730758425048
   1.74127663142339   2.033783108014044   2.345379348824974   2.506622097575471  0.4937004629349403    1.17481448085599  0.8615971698824263
 0.2606902799840349  0.3523681508783436   0.447182887957676  0.4937004629349403   1.369284144444374  0.6990204185750565  0.5770184866473186
 0.4085776925778727  0.7041893540818883   1.023609039520197    1.17481448085599  0.6990204185750565   4.091853787647936   1.392996407214019
0.02798189235532682  0.3492297426265233  0.6956730758425048  0.8615971698824263  0.5770184866473186   1.392996407214019   2.527696926370138

cov.inverse():
   151.3738846798816   -281.7838724615234    109.9596982085395    20.56492759404504   0.4418221142534364 -0.08396001780515364 -0.07164106522583279
  -281.7838724615233    546.3376375357875   -266.3013073953928    1.519120794613596  -0.8611659613711735   0.2905051767206792   0.4468529762069816
   109.9596982085392   -266.3013073953923    264.9666161095379   -108.0044207239628   0.3569027429352502  -0.3397541160428754  -0.4284707538183355
   20.56492759404511    1.519120794613481   -108.0044207239627    85.92962241934768 -0.03014045430367875  0.04395517215289719 -0.02008051967394564
   0.441822114253444  -0.8611659613711904   0.3569027429352634  -0.0301404543036826   0.8557235262956148 -0.08016315062473936  -0.1250301255041932
-0.08396001780514319   0.2905051767206573  -0.3397541160428603  0.04395517215289352  -0.0801631506247393   0.3314033177724711  -0.1250171872858499
-0.07164106522581307   0.4468529762069416   -0.428470753818311 -0.02008051967394982  -0.1250301255041932  -0.1250171872858499   0.5568786196987807

cov*(cov_.inverse()):
     1.000000000000032  4.503689088330987e-14   1.06060993321222e-14  1.365693582527916e-14 -8.456776945386935e-17  -4.98732999343332e-17 -1.734723475976807e-18
 9.959394420278045e-14      1.000000000000247  1.121880366383721e-13 -1.712605751658103e-14   9.71445146547012e-17  1.387778780781446e-17                      0
-3.554101457581282e-14  1.405542349175448e-13     0.9999999999999786  2.241436203309632e-14  6.938893903907228e-17  1.387778780781446e-16  1.665334536937735e-16
 6.038919364570461e-14   3.01203506580805e-13  4.840572387365683e-14     0.9999999999999858 -1.249000902703301e-16  5.551115123125783e-17  5.551115123125783e-17
 1.211530875622202e-14  1.004751837285767e-14  1.293409823688307e-14  8.736067425019201e-15                      1 -5.551115123125783e-17  5.551115123125783e-17
 7.563394355258879e-15  3.419486915845482e-14  -5.88418203051333e-15 -7.528699885739343e-16 -1.110223024625157e-16                      1                      0
  9.18709552877317e-15 -2.731148640577885e-14 -9.769962616701378e-15 -6.175615574477433e-15                      0  5.551115123125783e-17                      1
