6
2

0.03652704874542063
 0.3157468501146967
  1.319403997714641
  1.466701792362205
  6.138307359561932
  10.86159864909656

    0.4389354213904189    -0.8156037755941933     0.3769961603624203 -0.0001172347077166059 -0.0001351624725115093 -0.0002003607598204687
    0.5401027083605789   -0.08425532822382553    -0.8109773969538574    0.09450450247496114     0.1466218689369014     0.1143533658394842
   -0.1322445553634514    -0.1073361228018364   -0.07818475057980653     0.8315342501985725    -0.5222285215945144   -0.02656390549733634
     0.164814150579167     0.1057282057179516     0.0368593266716833    -0.3376119374499481    -0.6401648888732319      0.660686254637597
   -0.3751945674597114    -0.2070538449299421   -0.01047491077226763     0.2412488745771745      0.486544960838485     0.7220256225998392
    0.5746315951674552     0.5119772743585903     0.4388716985182967     0.3569829634887641     0.2433974047732732     0.1684942127900396

27.29386153725165
43.47495214543969
62.36725989765424
84.94129123951474
109.7720527199083
130.1230059577608

 1.258450674607428
-1.260724072683095

 -0.03733995040114126  0.002967316029731055   0.03420420329363456 5.984923925304625e-05  4.55092263758625e-05 4.586404354540682e-05
    1.669689072380982    0.2562469029940727   -0.9194709964742096 -0.001177785222835709 -0.002527284397636526 -0.002422792072619695

-7.892142815433369e-06  -0.004799237661877531   0.003429498618405513  -0.009892824617800467     0.4938472986813444     -0.576433203857156
 0.0002364963224351733     0.1620185515945357    -0.3064175975792054     0.5782563387585045     -25.36337879414449      80.89205463453327

cov:
 44.3775981337974 37.69212684052682 29.88759452266546 20.48395700122327 9.523259544642311 1.461846121320729
37.69212684052682 32.58455452773585 26.61904163633682 19.44676252002063 10.85619070725553 4.698437382241784
29.88759452266546 26.61904163633682 22.80629873656895 18.24020000003888 12.41847789891253 8.485674133109104
20.48395700122327 19.44676252002063 18.24020000003888 18.67700342693822 14.38368101401772 13.14208137545759
9.523259544642311 10.85619070725553 12.41847789891253 14.38368101401772 17.26712317891865 17.19071091552281
1.461846121320729 4.698437382241784 8.485674133109104 13.14208137545759 17.19071091552281  23.9336358061007

cov.inverse():
    147.3568386770866    -268.7541865935029     119.6422994041686    0.3837111561285035    0.7368235479350316    0.5998605830123596
   -268.7541865935021     498.6599896656917    -229.7614824663855  -0.07584331056210143  -0.04217003706926818   0.05670969606881801
    119.6422994041673    -229.7614824663839     113.1259897149597   -0.8437421914295922    -1.217630358532857   -0.9738811925937448
   0.3837111561289865   -0.0758433105629972   -0.8437421914291795    0.5423991682902238 -0.006133039171661293 -0.002827946229920125
   0.7368235479350215  -0.04217003706924747    -1.217630358532868 -0.006133039171661051    0.5695986043978398  -0.01077057319177344
    0.599860583012411   0.05670969606872147    -0.973881192593699 -0.002827946229920375  -0.01077057319177383     0.348589182160352

cov*(cov_.inverse()):
      0.99999999999974 -7.401995683053997e-13 -1.039168751049147e-13 -1.682681771697503e-16  1.214306433183765e-16  2.442490654175344e-15
 2.593480985524366e-13      1.000000000000813 -6.785683126508957e-13 -1.273287031366976e-15  -2.10248485288389e-15 -4.218847493575595e-15
-1.067590460479551e-12  1.316724507205436e-13     0.9999999999987015  1.550842787523266e-15 -2.484124017598788e-15 -4.884981308350689e-15
-1.385558334732195e-13 -1.020517004235444e-12  5.471179065352771e-13      1.000000000000002  5.828670879282072e-16                      0
-3.161915174132446e-13  6.240563621418005e-13 -4.973799150320701e-14 -2.983724378680108e-16     0.9999999999999997                      0
 1.687538997430238e-13 -3.459454944731988e-13  1.314504061156185e-13 -5.828670879282072e-16 -8.326672684688674e-16     0.9999999999999982
