6
2

0.04923963899424554
 0.7509426102438361
  2.838153691982017
  4.127745597915889
  8.449424388013815
  12.26573087131227

    0.475391528381422   -0.8130412980717524     0.336104450189834 0.0003498817340798584 0.0004716225800553743 0.0004428210461160533
   0.4822115125075792  -0.06391380810639892   -0.8372022174672569    0.1085804981298299    0.1587690150714403    0.1596314652113492
  -0.2955861585337827   -0.2098954652501779  -0.09023593419766536     0.753383302877886     0.284828964245644   -0.4601263443899819
  0.03688131147325661   0.01374326001356566  -0.01864751134629121    0.4958090614905289   -0.8220372644457495    0.2766428607342528
  -0.6290534621768016   -0.4530821334276489   -0.2071000921072031  -0.08611609287560665    0.1120737365827663    0.5797770002832415
   0.2388206134716227    0.2921480268689132    0.3670770273113666    0.4091224083879768    0.4531653693554542    0.5917167430195339

 54.2484046363051
86.38698769218747
131.1851739935492
157.9188741453891
183.7177111830981
259.7082034640748

 2.495977706744354
-2.365680902022282

  -0.06052367092475143     0.0482398959030111    0.01218443555278365  2.329813221889593e-05  2.946293436550387e-05  3.349356877125221e-05
     2.287111109931912     -0.944972766462939    -0.3393948862595677  -0.000838090137841023 -0.0007706397841638901 -0.0006596582388184863

-0.0001549238438988695   -0.02394195525965474    0.05377340442344786   -0.03066602739264093     0.9790309738362288     0.6249945251607142
  0.004222344948314886     0.8160363819302235     -3.605588111315164      1.324368635572018     -67.15724083362559      21.73537171505647

cov:
 37.69019794086827  31.33485013333209  22.46582236060954  17.11457857332956  10.09750744205624 -3.464454996847411
 31.33485013333209  27.85857454661395  23.01091802634695  19.60620579266939  15.61302902368804  8.090854345428367
 22.46582236060954  23.01091802634695  23.80132606279434  23.11108839314685  23.34866952224306  24.27711037142512
 17.11457857332956  19.60620579266939  23.11108839314685  34.47871843787836  21.99794541875742  32.41113209504217
 10.09750744205624  15.61302902368804  23.34866952224306  21.99794541875742  43.97383690936952  40.06486595130542
-3.464454996847411  8.090854345428367  24.27711037142512  32.41113209504217  40.06486595130542  79.69801184505435

cov.inverse():
    93.64147952642308    -159.4593525367561     65.19137824264216    0.1362874127399892    0.2157394469055246    0.2366433037946175
   -159.4593525367561      272.659882567503    -112.6093726873678   -0.1475254449441166   -0.1840640576498415   -0.1569048967214906
    65.19137824264219    -112.6093726873678     47.83825875642887   -0.1204329207309728   -0.1718438786707225   -0.1709928488501129
   0.1362874127400075   -0.1475254449441478   -0.1204329207309599    0.1070645834978858   0.03445439467953915 -0.003274401109608184
   0.2157394469055161   -0.1840640576498268   -0.1718438786707288   0.03445439467953913   0.09606569616909506   0.01810537909933964
   0.2366433037946062   -0.1569048967214711   -0.1709928488501209 -0.003274401109608219    0.0181053790993396   0.08307966927925749

cov*(cov_.inverse()):
    0.9999999999994436  2.772226892489016e-13  1.829647544582258e-13 -2.463307335887066e-16 -1.137978600240785e-15 -4.996003610813204e-16
-3.279598814742712e-13      1.000000000000019  3.348432642269472e-13  1.252470349655255e-15 -2.498001805406602e-16  4.440892098500626e-16
-1.945110739143274e-13 -1.918465386552271e-13      1.000000000000301  1.110223024625157e-16  7.771561172376096e-16 -4.440892098500626e-16
 -3.04645197957143e-13 -6.572520305780927e-14  4.130029651605582e-13     0.9999999999999999  4.440892098500626e-16                      0
 -1.49213974509621e-13 -6.323830348264892e-13  5.506706202140776e-14  2.775557561562891e-17      1.000000000000001  4.440892098500626e-16
-3.694822225952521e-13  4.192202140984591e-13 -4.440892098500626e-14  6.106226635438361e-16 -4.440892098500626e-16                      1
