5
2

0.05893932723235708
 0.5628208323075943
  1.534167202684921
  2.282098730773927
   3.07902980890034

    0.2668775805698671    -0.8021693056056118     0.5341327530445368 -0.0001183494799572752   0.001717629718222939
   -0.7283354325341082     0.1793810034503869     0.6337591494199484    -0.1168587743858708    -0.1484699319459067
    0.2313167663866374    0.09375911111737925     0.0283519785462427    0.08138903074745263    -0.9645070106833916
   -0.5052769672708793    -0.4155456829172383    -0.3710910363464583     0.6484128319853176    -0.1177676263430699
      0.29915145769075     0.3779918983743801      0.417778829893752     0.7478506788344871     0.1838769740457887

77.30124880508852
112.3687241810538
129.2463455017322
186.6415946937715
257.7078722823945

 2.484554918579652
-11.52836936332799

  -0.06674769769058381    0.05939168908624115   0.007667224933929658 -4.510478567871633e-05 -3.125300642471316e-05
     3.369294953837852     -2.037668244440128    -0.3377336302998935 -9.180117941810784e-05 -0.0003339449817345921

-0.0002131564283565841    0.02031667437872391   -0.02265993872960967    0.03216085713002576    0.05352298973670211
  0.008175168169601975    -0.9609063945994417      1.362924175743635     -3.803764920920755     0.9146655751689822

cov:
 2.472261875831348  2.174429488924136  2.031085009045066 0.4859602059741097  0.340528581329719
 2.174429488924136  2.286965369143684  2.340997222723729  1.287998035615476 0.6925079152287655
 2.031085009045066  2.340997222723729  2.502000754055328  1.690854889250074 0.8617214444151122
0.4859602059741097  1.287998035615476  1.690854889250074  7.511771461733894 0.7267177195652987
 0.340528581329719 0.6925079152287655 0.8617214444151122 0.7267177195652987  2.589309859700669

cov.inverse():
   22.25867049658283   -61.97752802643124     39.6294560004777   0.2282864898646481   0.3957669766139877
  -61.97752802643118    185.3879810569438   -122.9339866282265 -0.05752412791874304  -0.5023996043318006
   39.62945600047758   -122.9339866282264    83.44056087742375   -0.264263552540938 -0.02806897583106285
  0.2282864898646693 -0.05752412791880707  -0.2642635525408953   0.1856519552243424  0.02120365928113828
  0.3957669766139868  -0.5023996043317991 -0.02806897583106343  0.02120365928113815   0.4719111907071964

cov*(cov_.inverse()):
    0.9999999999999972 -6.106226635438361e-16 -1.442422570274715e-14  1.387778780781446e-17  8.326672684688674e-17
-1.293409823688307e-14     0.9999999999999639  8.139322549283179e-15   2.34187669256869e-16 -5.551115123125783e-17
-1.942890293094024e-14  9.159339953157541e-15      1.000000000000008  -1.52655665885959e-16 -5.551115123125783e-17
 -7.16093850883226e-15 -5.551115123125783e-14   6.54684639833647e-15     0.9999999999999999 -1.110223024625157e-16
-2.442490654175344e-15 -2.264854970235319e-14 -1.051936315832336e-14 -2.081668171172169e-17     0.9999999999999999
