5
2

0.03651018676019366
 0.3438630824185974
   1.44554114620701
  5.925522496970789
  10.16501751703206

  -0.4390363739280796    0.8156247044743511    -0.376833289381421 0.0001797383172200695 0.0002086320358679256
  -0.5557066416386629   0.06958455893951104    0.7978863243403053   -0.1761759891758024   -0.1367024208436609
   0.1070800486363714   0.05699219829694917  -0.00144354727237456   -0.7890670439226821    0.6022099873662893
  -0.2988469690263272   -0.1356115026916933   0.05534259918567617    0.5397065258309788    0.7732749007515424
   0.6306041096397738    0.5552258461917124    0.4672356989051047    0.2346317427430497    0.1438800319437779

27.27318844539035
43.45454307668547
62.35321778858476
109.7629997287045
130.1195688435466

1.258625333794589
-1.28495724656344

 -0.03736428447546356  0.002943158501476398   0.03431193055259914 4.478843925291489e-05 4.637916726588261e-05
     1.66920657480116    0.2585958858868689   -0.9225415900729479 -0.002473225332574991 -0.002420842390145089

 7.831248662211236e-06     0.0057147653335293  -0.008128866231315802     0.4468338555680076    -0.6074641922968557
-0.0002323165166646063    -0.1944973356469368     0.4081011322689478     -20.65166620784412      78.96445359942074

cov:
44.28595523891943  37.6085306224669 29.81127318737686 9.460168840686004 1.404758638897088
 37.6085306224669 32.50735622621976 26.54784495729028 10.79558884917721  4.64301125929568
29.81127318737686 26.54784495729028 22.74037104501287 12.36213528173249 8.434186417864211
9.460168840686004 10.79558884917721 12.36213528173249 17.22057993210874 17.15174438771627
1.404758638897088  4.64301125929568 8.434186417864211 17.15174438771627 23.89429955997989

cov.inverse():
   147.2250928512083   -268.9546716616168    120.3666948587366   0.7251867284189337    0.598908009167984
  -268.9546716616231    499.1058647348209   -230.1028233199035 -0.01604618720388278  0.06141951132263574
    120.366694858745   -230.1028233199137    111.9159027790436   -1.237176173937312  -0.9799832204130745
   0.725186728417793  -0.0160461872017673   -1.237176173938286   0.5693148091517296 -0.01148296031861181
  0.5989080091670598  0.06141951132435029  -0.9799832204138648 -0.01148296031861166    0.348862341171473

cov*(cov_.inverse()):
    0.9999999999999692 -2.758918093981322e-12  1.206812427767545e-12 -1.346145417358002e-15  1.443289932012704e-15
 2.944311461305915e-13      0.999999999996535  2.502886786714953e-12 -2.151057110211241e-15 -5.773159728050814e-15
 -3.11750625314744e-13 -1.950772876568863e-12      1.000000000001679  2.137179322403426e-15 -1.332267629550188e-15
 1.509903313490213e-13 -1.476596622751458e-12  3.232969447708456e-13      1.000000000000003                      0
-7.815970093361102e-14 -1.598721155460225e-14 -3.907985046680551e-14  3.996802888650564e-15     0.9999999999999991
