5
2

0.2010190203101173
 1.453953894692942
 1.722267347528761
 5.357804965214384
 6.325644358503484

   0.618699121577063  -0.7786412114778177  0.09295909675512957  0.02883452775083345  0.03816329503572879
   0.255485995992897   0.1121453137638092  -0.9057115160947014   0.0489573235581857   0.3153413460613602
0.004353919496151319 -0.01819061377513746  -0.1713108104899505    0.774019704717545  -0.6092587692218679
-0.06765899954689571  0.03742729376425616   0.2713857052603124   0.6304912424687764   0.7230850915434074
    0.73982538884295   0.6159623297257232   0.2608594662525142   0.0120847159067961 -0.07109923269727969

33.73123256981969
56.39638304809894
112.8866626326316
153.6936328977782
182.6194766578082

1.76498006713747
-6.3399596822844

  -0.07695384858869238    0.07648091053428303  0.0003065842552194839  6.183924339174871e-05  9.807218693402397e-05
      2.75114997178978     -1.740095214983919  -0.008117228014940803 -0.0008610451517842808  -0.002257381570887826

-0.004328915333523359  -0.02394587266711916  -0.00531156312257822    0.2371753288438601   -0.3901063623478656
   0.1234960314759397     1.087294120082847    0.1356478624702804    -7.338569165579593     38.47605239616535

cov:
  22.18612400788572   18.20263594406858   6.706128475394579 -0.8296504739124743  -3.345759407082633
  18.20263594406858   15.27388935374213   6.512570746970717  0.9441810203701716  -0.869073388132887
  6.706128475394579   6.512570746970717   6.658579197042355   4.550989485092277   4.596966536215404
-0.8296504739124743  0.9441810203701716   4.550989485092277   13.19923243765771   11.68656770590761
 -3.345759407082633  -0.869073388132887   4.596966536215404   11.68656770590761   16.52262098999798

cov.inverse():
    9.517659530920088    -11.89699343904616      1.31777403010907    0.4472774090048229    0.6185179503991838
   -11.89699343904616      15.0193639797477    -1.833872299389079   -0.5567590583449313   -0.7150618631966046
     1.31777403010907    -1.833872299389079    0.6160521052269815  0.006694431728854222 -0.005750939695907634
   0.4472774090048229   -0.5567590583449313  0.006694431728854159     0.237538358995172   -0.1085883454765417
   0.6185179503991834   -0.7150618631966041 -0.005750939695907635   -0.1085883454765418    0.2265641114632309

cov*(cov_.inverse()):
     1.000000000000012  6.661338147750939e-15 -4.683753385137379e-16 -7.216449660063518e-16  -2.55351295663786e-15
 5.406786129924512e-14     0.9999999999999909   3.06438902031303e-15  -6.38378239159465e-16  -3.05311331771918e-16
 3.108624468950438e-15  5.329070518200751e-15      1.000000000000001 -9.436895709313831e-16 -1.332267629550188e-15
-8.881784197001252e-16 -7.105427357601002e-15                      0     0.9999999999999993  4.440892098500626e-16
-7.105427357601002e-15 -5.329070518200751e-15   -1.1518563880486e-15 -2.220446049250313e-16      1.000000000000001
