5
2

0.1076266060266623
 1.137204748775775
 3.673247288432197
  5.42219150263549
 18.15091861694758

  -0.3645926638851498    0.8150401729367224    -0.450309945051083 -0.001630616772885314 2.043132803441044e-05
  -0.5686979460113351    0.1621659125292127    0.7546176627591108   -0.1848499869263755   -0.2160266844659515
   0.2958440143468098    0.1751016196561113   0.08052557643690343   -0.8595661016550088    0.3694285998594136
  -0.6213797060271761   -0.3932571057214991   -0.2085155646539068   -0.0368401967189837    0.6437392087949121
   0.2646099313260259    0.3522783060397025    0.4216752628227489    0.4749913054084011    0.6343932627694142

100.1089766976948
131.1202275383456
155.7271458514133
186.7608315610771
220.5187202788943

  2.825899633192858
-0.3118555572612909

  -0.05844182764244711    0.01671247507424004    0.04150306824181591 -5.703669679839882e-05  0.0001601314930077839
     3.068140896159369    -0.5662958164729122     -1.494269818806021   0.002288127618145288  -0.005462449124408521

0.000188111787955938  0.08695818358407682  -0.1472468861653869   0.6230897935852624    2.635141395724185
-0.01050963673883679   -3.832532706466611    9.232007559945901    -40.4488236074079   -6.624796304086306

cov:
36.02048207252219 38.47120219752926 40.33815542235492  38.7862607675838 45.17797474171274
38.47120219752926 45.88764025406325 51.69476891235249 53.48390666923396 67.01248547325365
40.33815542235492 51.69476891235249 60.68510550616914 65.09892847414193 84.37625187930806
 38.7862607675838 53.48390666923396 65.09892847414193 84.38401281001737 94.34515807161003
45.17797474171274 67.01248547325365 84.37625187930806 94.34515807161003 146.6763304564721

cov.inverse():
   11.74554694886518   -25.71243892984006    13.84826942249053   0.1149246512806582  0.08935840955133327
  -25.71243892984002    57.37630543282418   -31.58591067443185  -0.1480675561768156 -0.02878927974842994
    13.8482694224905   -31.58591067443183    17.94870098319932 -0.04873236566169434  -0.1283972555115266
  0.1149246512806565  -0.1480675561768121   -0.048732365661696  0.08214161168826953 0.007448393220367336
 0.08935840955133852 -0.02878927974844136  -0.1283972555115205 0.007448393220367468  0.06151755043962219

cov*(cov_.inverse()):
     1.000000000000068 -5.353495424742505e-13 -6.838973831690964e-14 -2.775557561562891e-16 -8.881784197001252e-16
-1.643130076445232e-13     0.9999999999998794 -3.907985046680551e-14  -3.33066907387547e-16                      0
 -1.06581410364015e-14 -6.648015471455437e-13      1.000000000000151  1.332267629550188e-15  8.881784197001252e-16
 5.861977570020827e-14 -6.492584248007915e-13  1.474376176702208e-13     0.9999999999999996 -8.881784197001252e-16
 7.993605777301127e-14   1.84741111297626e-13   1.77635683940025e-14  1.554312234475219e-15                      1
