5
2

0.2183306151400964
 2.315812839415162
 2.422357664006034
 7.951639243140861
 12.05001978573072

 0.6294211321874801 -0.7723373814729851 0.04398771654817107 0.04562516425552976 0.05751028355709086
  0.139814591152896  0.1072203417132933 -0.2167718569638813   -0.71401978980595  0.6419823831052769
  0.152263486108021  0.1134603703680256 -0.8586468083770976  0.4492489838500706  0.1576184764793978
-0.6662624416922756 -0.4888419448392664 0.03666623601175434  0.2412988725279017  0.5075020719263158
 0.3423318682872781  0.3743782376475041  0.4609298085629339   0.477539829520601  0.5496810438158317

39.80650799017686
62.90159933226867
129.7501263566808
155.6216483444921
184.8826412040726

  1.794628857582211
-0.9166166163044941

 -0.07670541382988856   0.07630709090775097 0.0001359809288855643 0.0001124962725148058 0.0001611628683337674
    2.736935271484808    -1.725727015004156 -0.003956636704325167 -0.003078795414643953 -0.004465146363463623

-0.005109772384914901  -0.01367133930059111  -0.01796972743828723    0.8799994598585658    0.3650393948234568
   0.1456244805450256     1.060906015970164     1.304087616854255    -62.15769491639296     41.39985758848771

cov:
45.34377675742637 39.36139758077701 20.43870297835347 13.43957092459088 6.567805188989363
39.36139758077701 35.62664563084122 23.22529598742463 18.38804860491397 14.66682588716232
20.43870297835347 23.22529598742463 35.51258077946908 31.08707129237906 36.42547619060574
13.43957092459088 18.38804860491397 31.08707129237906  40.7127533208305 43.81524034992029
6.567805188989363 14.66682588716232 36.42547619060574 43.81524034992029 62.51426101806888

cov.inverse():
   8.326425353843872   -10.18632287953837   0.5535906096648484   0.5940697550926127   0.7761520810456943
  -10.18632287953837    12.52275608338855  -0.7327357367516122   -0.745457252632044  -0.9184250293416804
  0.5535906096648486  -0.7327357367516125   0.1764848315119618 0.006879547298367152 0.006095555488949219
  0.5940697550926107  -0.7454572526320415  0.00687954729836709     0.17561966704628 -0.01461508754462976
  0.7761520810456952  -0.9184250293416815 0.006095555488949213 -0.01461508754462944   0.1566217729066881

cov*(cov_.inverse()):
    0.9999999999999547 -5.506706202140776e-14 -2.907396545737129e-15  4.996003610813204e-16 -2.664535259100376e-15
-3.907985046680551e-14     0.9999999999999858 -3.719247132494274e-15  4.996003610813204e-16 -8.881784197001252e-16
-2.486899575160351e-14 -3.552713678800501e-14     0.9999999999999987  1.998401444325282e-15  8.881784197001252e-16
-2.842170943040401e-14 -2.131628207280301e-14 -1.110223024625157e-16      1.000000000000001 -2.664535259100376e-15
-7.105427357601002e-15                      0 -8.881784197001252e-16  7.771561172376096e-16                      1
