5
2

0.03480596199315556
 0.0632094060061819
  1.497623554621554
  4.956446087689561
  6.247965325069775

    0.4106995640837316    -0.8013035874281009      0.432940808691675   -0.04243447614937042 -1.547953772794212e-05
    0.3064723424495533    -0.2439038807770617     -0.681572298013525     0.6180974357391452  0.0006023027717933082
    0.3203685008446957   -0.03097131301745813    -0.4238427581929357    -0.6389803380164079     0.5553973761122193
  -0.03542174175368732    -0.1895168376866701    -0.3618310031644713    -0.4554397339426159    -0.7902415088690614
    0.7959333484988386      0.511417250119669     0.1935383688738704    0.02082430170109199    -0.2589435252323675

48.73068875982011
 78.2714832121471
111.2499317007924
129.1190047767043
155.1634938630696

2.266671246036532
-2.50535949640642

 -0.04267078799215113   0.01397959638651024   0.02531983027926996  0.003301888964860436 3.505913565170823e-05
    1.818579888178334  -0.06372769270334222   -0.6299126097167236   -0.1231087661938456 -0.001043204776794204

-2.169098219609987e-05 -0.0001266689990438582   -0.06039020706365244    -0.2906424045709161    -0.8531027370260942
 0.0006426337367907368   0.003700266744653998      2.085107969837357       5.71106704496631      50.38402119358764

cov:
 24.99197338915397   16.0321601920652  6.023101718655208 0.5849443115692422 -6.958875359738834
  16.0321601920652  11.09556008770319  5.578121365608474  2.579974970306467 -1.529031822155421
 6.023101718655208  5.578121365608474  5.083483612567156  4.811402143100343  4.540014023279761
0.5849443115692422  2.579974970306467  4.811402143100343   6.02989963880691  7.835144832023078
-6.958875359738834 -1.529031822155421  4.540014023279761  7.835144832023078  18.65059499057145

cov.inverse():
    162.802914204661   -290.3552635501273    94.43618603771941      32.935573092324   0.1161440819863328
  -290.3552635501246    544.9113304113508    -244.745681050293   -9.651781587644836 -0.03149464700697743
   94.43618603771188   -244.7456810502812    271.0756266058698   -120.4773712478519  -0.2028771751792305
   32.93557309232886   -9.651781587654042   -120.4773712478475    97.29725769000454 -0.04999754400067862
  0.1161440819863419 -0.03149464700697843  -0.2028771751792684  -0.0499975440006488   0.1647603785924397

cov*(cov_.inverse()):
    0.9999999999996424 -5.762612609316875e-13  7.971401316808624e-14 -1.068589661201713e-13 -4.440892098500626e-16
-5.401235014801387e-13     0.9999999999992767  2.355893258254582e-13   1.77635683940025e-14                      0
-2.075006833024418e-13 -4.213573934208625e-13      1.000000000000096  4.773959005888173e-14  1.110223024625157e-16
-8.926193117986259e-14  -3.57519569504916e-13  2.644551244657123e-13      1.000000000000082 -2.220446049250313e-16
-1.012523398458143e-13  7.919220834651242e-13 -1.265654248072678e-13 -1.809663530139005e-14                      1
