5
2

0.05895431365105666
 0.6325830704357711
  1.315667165508001
   1.92254124507596
  2.841765619322384

    0.267420120556474   -0.8024544103177063    0.5334326835448755 0.0008402929749858797  0.001504831236811754
  -0.7455415525938627    0.1661240786170135     0.624172951790069   -0.0424424272116232   -0.1586737233622495
   0.1000637910505981 -0.007868300611161524   -0.0603988667917448    0.5097208590387601   -0.8523273727372224
  -0.3973824875179716   -0.2926628785392439   -0.2433436418721687    0.7281187765470221    0.4087328190140965
   0.4524695225229046    0.4927029929236544    0.5128289648902908    0.4563174633745222    0.2851243892425949

77.29947307759795
112.3622781456465
129.2465588245457
217.4227696535184
257.7073000602535

 2.484500355571583
-11.53142369076108

  -0.06664092531764287    0.05940485910003368   0.007514506362081683   1.34281822540324e-05   -4.6521039163622e-05
     3.366829928888764     -2.035705045068491    -0.3371268510125943 -0.0002303935083761699 -0.0003903927062255397

-0.0002136888801130864     0.0257100939576623   -0.01305700924210738    0.02682859363698458    0.02392392981365952
  0.008181878026202972     -1.223951475105559     0.6465084129577642     -2.441071444534054       2.80454664836493

cov:
 2.476988253914939  2.178516556534826  2.035106757980539 0.6988700816061403 0.3412042221286142
 2.178516556534826  2.290380862558604  2.344548840815581   1.01824187038069 0.6933956819131795
 2.035106757980539  2.344548840815581  2.505914881458491  1.171013257928595 0.8626703851095122
0.6988700816061403   1.01824187038069  1.171013257928595  4.091557035457394  1.401371385430602
0.3412042221286142 0.6933956819131795 0.8626703851095122  1.401371385430602  2.541572683287396

cov.inverse():
   22.03869163862749   -61.99325732399443    39.93183008752879   0.1204794818953003   0.3341704788886231
  -61.99325732399444    185.3941369454563    -122.849802828871   -0.243756901412096   -0.424403445547898
   39.93183008752882    -122.849802828871     82.8948995651086  0.02602035476109625 0.004396754129189287
  0.1204794818952937  -0.2437569014120762  0.02602035476108306   0.3240207660189025  -0.1371625319101983
  0.3341704788886236  -0.4244034455478992 0.004396754129189944  -0.1371625319101983   0.5385176843529935

cov*(cov_.inverse()):
    0.9999999999999938  1.301736496372996e-14 -1.388385933998038e-14  2.775557561562891e-17 -1.665334536937735e-16
-8.326672684688674e-15     0.9999999999999591  1.583932637827523e-14 -6.938893903907228e-17  5.551115123125783e-17
 -3.33066907387547e-16 -3.386180225106727e-15     0.9999999999999845  6.938893903907228e-17                      0
 1.942890293094024e-15 -2.242650509742816e-14  1.400962679198869e-14                      1 -1.110223024625157e-16
 9.992007221626409e-15 -8.881784197001252e-15  1.083681755442711e-14 -5.551115123125783e-17                      1
