6
2

0.03570850895166109
  0.567113886816086
  2.392363071844364
   2.83570420866317
  8.455726796126491
  23.96626871987383

   -0.438581996299365    0.8156338283994545   -0.3773423724607711 0.0001021466262182398 8.052579875735033e-05 8.671708217391748e-05
   -0.531417964459863   0.09023315851062069     0.812614451298011   -0.1026287014897699   -0.1270753126023643    -0.149766125187577
  -0.1770954225613062   -0.1312849778673188  -0.07782252042121714    0.7267849075485721    0.2596906456195329   -0.5913455740485624
  0.02075207828930241   0.01619574324544136   0.01084111376614996   -0.5276013144155405    0.7891682316807527   -0.3131131976339865
  -0.6837075903019464   -0.5030006768761635   -0.2924554477943896   -0.0238803720941655    0.1762332745478343    0.4029585857774991
   0.1612180916938697     0.236836877670842    0.3249098707492447    0.4269866721712081    0.5124138581931005    0.6061889275590916

42.54536089509995
67.35782800380476
96.23328532860516
131.9367997126034
156.2608721847362
185.5596859828403

  1.92650453005275
-1.152372451339796

  -0.04200898411014927    0.01138160282657832    0.03060040955265685  1.119531385596582e-05  1.516145886798622e-05  7.925582941467873e-06
     1.802610010366982    0.02233762936601384    -0.8238273997569634 -0.0003743266381041766 -0.0005599090917151727 -0.0003215587542157138

 2.060656727772627e-05    0.01550630477545986    0.02044027661936448  -0.002831481962336492      1.004797699027805      3.378919347006693
-0.0005884678714619912    -0.5227002901916837     -1.478248943596909      0.230741064549004     -71.71241853492556      15.84858081757741

cov:
48.62574602036172 46.64017128076549 44.32549410489692 39.89951828341497 38.72501287818002 37.00781375634458
46.64017128076549 50.41231091795078 54.80006993025512 58.32611235040267 63.27200964893099 68.36994481530179
44.32549410489692 54.80006993025512 66.99897521635945  79.7880887359006 91.86271482743264 104.8993709303009
39.89951828341497 58.32611235040267  79.7880887359006 110.0256989669759 123.1067062368513  146.855451677303
38.72501287818002 63.27200964893099 91.86271482743264 123.1067062368513  158.434095947171 180.6320446767221
37.00781375634458 68.36994481530179 104.8993709303009  146.855451677303 180.6320446767221  225.472037619901

cov.inverse():
    151.7446566217299      -280.68515590225     128.4531313301983    0.1109399256996527    0.1747319784680755    0.2314416957452256
    -280.685155902252      521.763458914941    -241.1402837472143   0.01915623203978972   0.01046128091262554   0.02380034601825439
     128.453131330201    -241.1402837472176     113.7233779131064    -0.299788990710398   -0.3478023142694667    -0.397754778977692
   0.1109399256994963     0.019156232040079   -0.2997889907105305     0.159990171421828   0.02207614885885701 -0.006434353939733012
   0.1747319784679953   0.01046128091277199   -0.3478023142695321   0.02207614885885692    0.1403379683200308  0.003153478772669588
   0.2314416957447352   0.02380034601916812   -0.3977547789781165 -0.006434353939732536  0.003153478772670373    0.1459477971935017

cov*(cov_.inverse()):
    0.9999999999990994 -7.582823258189819e-14  3.801403636316536e-13 -4.163336342344337e-16   4.85722573273506e-16  -1.77635683940025e-15
  1.13686837721616e-12      1.000000000000972  9.841016890277388e-13 -4.996003610813204e-16 -7.216449660063518e-16 -5.329070518200751e-15
 1.740829702612245e-13  2.233324636335965e-12     0.9999999999991687 -1.665334536937735e-15  2.164934898019055e-15   1.77635683940025e-15
-5.542233338928781e-13  3.808509063674137e-12 -1.222133505507372e-12     0.9999999999999984  5.551115123125783e-16 -3.552713678800501e-15
-2.330580173293129e-12  1.896260926059767e-12 -2.700062395888381e-13  6.661338147750939e-16                      1 -3.552713678800501e-15
-1.506350599811412e-12    9.9298347322474e-13  4.831690603168681e-13 -2.442490654175344e-15 -3.663735981263017e-15      1.000000000000004
