6
2

0.6707620023070037
 2.679070311152402
 2.794728384095909
 4.200638561272703
 7.506609278847917
 14.07889672738055

 -0.4481102877379212    0.867942768047517 -0.07505881003035859   -0.139657924335526  -0.1021745447896024  -0.1014629145136742
 -0.3136029285992376  -0.1177264681535777   0.7214144164138506   0.2527275774038346  -0.5487120773944744  0.04897702932353941
  0.2871754259772612   0.1151183636825335  -0.2874760933778663  -0.1382991226058742   -0.568700594608729   0.6921622058247323
  0.0655114346468708 -0.02700304161719116   0.4529825147315663  -0.8581400513464804   0.1814307080934671   0.1430541137372792
 -0.7768048643209429  -0.3758535173527421  -0.2714486266414313 -0.09306291919529551   0.1591512373809266   0.3842319040193631
  0.1032623000423116   0.2785113313137333   0.3352721208290923   0.3904263487807097   0.5539032713488695   0.5831975419027158

54.22220979295001
131.1803804712146
157.9183329942061
183.7180410737489
218.7195653073435
259.7186490354026

2.496906363384629
-2.41278880502218

  -0.03227530411604342    0.03202750310601457  4.034491776881547e-05  7.415923084710214e-05  5.271738240609624e-05  4.316442165420683e-05
     1.732976591748698    -0.7268713511357867  -0.001067990493018667  -0.001728552161387736  -0.001620748929735669 -0.0007077955479454709

 0.01900369422332895  0.04573579741237224 -0.04376756822141546 -0.05309252863871776   0.7348545216252879     1.12666672615233
 -0.6329895648110659   -3.289031544115411     3.24112552087634    2.360275203070544   -60.46642750148946   -5.120738803077399

cov:
37.63222241950233 22.46958767758992 17.01450467233893 10.22200625001121 4.560783486497467 -3.25364190681444
22.46958767758992 23.89028014455732 23.14458933465639 23.54100517846605 27.03364110515755 24.53106150378613
17.01450467233893 23.14458933465639 34.43705158441255 22.13437589164535 34.26525888023389 32.72617008935754
10.22200625001121 23.54100517846605 22.13437589164535 44.31324658474335 38.90928258933358 40.29925603948018
4.560783486497467 27.03364110515755 34.26525888023389 38.90928258933358 67.51411086865205 64.67158091979965
-3.25364190681444 24.53106150378613 32.72617008935754 40.29925603948018 64.67158091979965 79.86081478282442

cov.inverse():
    0.4815729821136477    -0.8498457812733963     0.0382644983704068     0.1212686072078669      0.103596345866233      0.119901864172394
   -0.8498457812733964      1.680913585939886    -0.1592772709109787    -0.2731149077390606    -0.1970474368727503    -0.1882958060881662
   0.03826449837040698     -0.159277270910979     0.1091167809359411    0.03286996477538882   -0.01234696440725051 -0.0008185772595938164
    0.1212686072078669    -0.2731149077390605    0.03286996477538876    0.09735457546567275    0.01446912293405524    0.01452022683275717
    0.1035963458662328    -0.1970474368727498    -0.0123469644072506    0.01446912293405516     0.1104233692102985   -0.02691472269950128
    0.1199018641723942    -0.1882958060881666 -0.0008185772595938341    0.01452022683275722   -0.02691472269950116     0.0900499948106694

cov*(cov_.inverse()):
     1.000000000000004 -3.441691376337985e-15  1.392115589471388e-16 -5.551115123125783e-17  2.220446049250313e-16  4.440892098500626e-16
-8.881784197001252e-16     0.9999999999999991 -4.961309141293668e-16  1.665334536937735e-16  4.440892098500626e-16 -4.440892098500626e-16
 8.881784197001252e-16 -2.664535259100376e-15     0.9999999999999992 -8.326672684688674e-16  5.551115123125783e-16  8.881784197001252e-16
-8.881784197001252e-16                      0 -6.730727086790012e-16                      1  4.440892098500626e-16  2.220446049250313e-15
-4.440892098500626e-15  3.552713678800501e-15 -1.137978600240785e-15 -5.551115123125783e-16                      1 -8.881784197001252e-16
  1.77635683940025e-15 -7.105427357601002e-15 -3.747002708109903e-16  4.440892098500626e-16  8.881784197001252e-16      1.000000000000001
