5
2

0.4040721089788592
 1.409034183417101
 2.003346507367028
 7.030675291560842
 11.00291635244882

  -0.4736503874151461    0.8511743903844537   -0.1655340499388243  -0.09506523371700426   -0.1213200202123223
  -0.3132773292256089  -0.07207440065033432    0.8705337540479963   -0.1954729149814387   -0.3172127335652313
  -0.1028946028557081  -0.05641577208760162  -0.05985382553850945    0.8208973227885248   -0.5556753246005844
  -0.7145447053552242   -0.2864222831855345 -0.009065511898534835    0.2787229668168637     0.574124955045872
   0.3954126834672017    0.4302173570174667     0.459461421053364    0.4485465795816854    0.4962489334833537

33.32141764449199
75.52653175504798
102.5841375080939
130.8506369707841
155.5613004577501

 1.513835318687734
-1.020117470307278

  -0.03579954908446865    0.03571028894083546  8.135800526771868e-06  4.027682293806709e-05  3.912432776407876e-05
     1.811366443276951    -0.8083101455638241 -0.0005817721678156307  -0.001017412703899601  -0.001596721845395388

0.007729768248307903  0.01713020920836352 0.006741675034443489   0.7605247058440745   0.1511861293890304
 -0.2523535389563932     -1.0105623172729  -0.5646508802147434   -52.59291634723448    44.42718189546765

cov:
44.44037906345797 30.71343747511466 21.81082502194934 11.41743992997019 3.913515555656786
30.71343747511466 26.60393664942874 23.92487294762543 19.24480047593048  17.8724875885984
21.81082502194934 23.92487294762543 27.08471751102165 24.29272954919897 26.93474561564532
11.41743992997019 19.24480047593048 24.29272954919897 30.97931624233024 33.15197542220331
3.913515555656786  17.8724875885984 26.93474561564532 33.15197542220331 47.54826267598352

cov.inverse():
    1.437727168271199    -2.450849093294744    0.3460085734825155    0.2830134870120937    0.4095647704977807
   -2.450849093294742      4.44390369651999    -0.892030995688299   -0.5000541238807028    -0.614696857257984
   0.3460085734825131   -0.8920309956882955    0.5521684265833358  8.01818251569654e-05  -0.00602485374686836
   0.2830134870120935   -0.5000541238807028 8.018182515749109e-05    0.2457358180236919 -0.006712212387487839
   0.4095647704977816    -0.614696857257986 -0.006024853746867547 -0.006712212387487532    0.2264672618686995

cov*(cov_.inverse()):
     1.000000000000001  1.021405182655144e-14 -9.367506770274758e-17  8.430756093247282e-16                      0
 7.105427357601002e-15      1.000000000000009 -4.121702978920894e-15  1.082467449009528e-15  8.881784197001252e-16
 -1.77635683940025e-15   1.06581410364015e-14     0.9999999999999968 -1.387778780781446e-16 -8.881784197001252e-16
 -1.77635683940025e-15 -7.105427357601002e-15 -9.436895709313831e-16      1.000000000000002  8.881784197001252e-16
-3.552713678800501e-15                      0  2.775557561562891e-16  2.331468351712829e-15     0.9999999999999982
