5
2

8.024390718583608e-05
0.0001105423779900504
0.0004939014616568001
 0.008455638363018748
   0.5152609003539339

   0.1172750064580734    0.2894947597358515   -0.8425240134165827    0.4388429130437271 -0.003088921082061409
  -0.5745583078866351    0.7750517313596869   0.05205746678388945   -0.2577603880473073  0.005212203041431582
   0.3525183612579671   0.05036249576689655   -0.2907067927610854   -0.6815422381261704    0.5693717259301346
   -0.576763981661325   -0.3367748266356946  -0.05484515501711118    0.2758497019383782    0.6890754505236196
    0.446322123732263    0.4466922127891433    0.4471295970769227    0.4476422674585988    0.4482791013453716

 0.399150427762519
0.3991418480448677
 0.399136613804727
0.3991333792005121
0.3991111943062252

8.229654858668663e-05
    0.399166019375084

   3.469806125468563    4.879358275477751     2.51686182952374   -10.70621130587497  -0.1597481249362389
   1.934848375012959   0.7387606262416453  0.06703086292007737   -1.706826385643226 -0.03417937229054979

-3.218832636645535e-08  5.716306604098551e-08  1.937608959459813e-06  -0.000489468758562071  -0.002808513128372302
-2.347828775764144e-09 -1.171152165348082e-09  4.497259332521352e-07 -0.0001331863444352939     0.1179233717545556

cov:
0.05291109551805868 0.05294501765051879 0.05298519468600179 0.05303227649818434  0.0530908036577832
0.05294501765051879 0.05298313876835904 0.05302820828729396 0.05308103988594264  0.0531466316808205
0.05298519468600179 0.05302820828729396 0.05307905456942628 0.05313863754963549 0.05321252965637756
0.05303227649818434 0.05308103988594264 0.05313863754963549 0.05320615825372402  0.0532897834302296
 0.0530908036577832  0.0531466316808205 0.05321252965637756  0.0532897834302296  0.0533861087414606

cov.inverse():
 29665361.32333209 -31094355.80054641 -18212252.25709857  19125237.26548032  515914.4146330854
-31094355.79305504  62186460.88312102 -34636949.20582029  3239001.231482187  306023.7810119598
-18212252.27105539 -34636949.18587915  110808571.0389315 -57706638.08092392 -252684.3905852848
 19125237.27199896  3239001.218539176 -57706638.07416299  37250884.06304017 -1908578.439343552
 515914.4145798783  306023.7815052425 -252684.3913619488 -1908578.439006963  1339304.641956388

cov*(cov_.inverse()):
    0.9999999998508429  2.255546860396862e-10 -4.019966581836343e-10  5.238689482212067e-10                      0
-1.491571310907602e-10      1.000000000225555   -1.3169483281672e-09  3.637978807091713e-10  1.455191522836685e-11
-3.019522409886122e-10 -2.110027708113194e-10       1.00000000010732 -1.309672370553017e-10                      0
-1.855369191616774e-10 -5.820766091346741e-11  1.964508555829525e-10      1.000000000247383  1.455191522836685e-11
 5.456968210637569e-11 -1.091393642127514e-11 -1.709850039333105e-10  4.365574568510056e-11                      1
