6
2

0.0001619774246995098
0.0003539036310787385
0.0005430794177331644
0.0007083927712845204
  0.07373131274388087
   0.6304735189824939

  0.2047965526988165  -0.7442099442543239    0.633275407315784  -0.0220885525339836 -0.02852629718017026 -0.04324968879458367
  0.6121651749437037  -0.3922890424124011  -0.6396602634139653   0.1766564168628675    0.148335127977384  0.09480007060962223
  0.1339337595319542  0.04350684669857637   0.0120292526346297  0.04883874090867021  -0.8080927452419195   0.5697588015141757
  0.2557244141754379  0.09788697574200431  0.03102335118014814  -0.8899290724986065   0.2056230492418257   0.2996766977903533
 -0.6001410551910156  -0.3610304854496874  -0.1719323041874998  0.06137310377900038   0.3150883803505083   0.6139052369279645
  0.3739112949822544   0.3878700154981467   0.3989099364989391   0.4125275404974612   0.4273260224384743   0.4447825940868211

0.4000594336594986
0.4001011759701338
0.4000407535515136
0.3999705458043265
0.3999022143608344
0.3998137975084384

0.001137609736957462
  0.4004151978312314

   0.2040457103760098     6.470696091646199    -3.559846605874105   0.07107535160739267    0.1524272937311604    -3.338516031470559
    2.072626772949705     0.759093517835106    -1.628075024412745 0.0002361527078525161   0.05777169895995665   -0.2617572182705111

-1.807618517573772e-07 -5.231679862424493e-08 -5.178553277756251e-07 -2.294558085014658e-07   -0.02089533779391786    -0.0892107469887386
-3.048205246171555e-08  2.500218039768754e-07  2.808494381123694e-08  2.444089704922342e-07  -0.007504723632413356     0.1305032213706536

cov:
0.05753197596958013 0.05882642427054469  0.0598503080925416 0.06111304464749974 0.06248486736070226  0.0641045697211735
0.05882642427054469 0.06050930275486186   0.061840249691821 0.06348179840014413 0.06526546998981965 0.06737041943202585
 0.0598503080925416   0.061840249691821 0.06341409558283558 0.06535522141577815 0.06746462373160349 0.06995334605217787
0.06111304464749974 0.06348179840014413 0.06535522141577815 0.06766648531961228 0.07017726483262353 0.07313944036376127
0.06248486736070226 0.06526546998981965 0.06746462373160349 0.07017726483262353 0.07312585606571027 0.07660257124705608
 0.0641045697211735 0.06737041943202585 0.06995334605217787 0.07313944036376127 0.07660257124705608 0.08068639716454318

cov.inverse():
 4781828.883249224  -7656788.78526139  1838045.133703183  259684.1359254951  240123.8720106057  537132.9587554897
-7656788.784963273  22363921.37852823 -15951689.90441026 -93151.35065529722   265439.049563946  1072326.911109485
  1838045.13314015 -15951689.90328288  18554641.65345718 -1488390.598666331 -1466367.319647535 -1486331.812056888
 259684.1360676498  -93151.3512094672 -1488390.598206992  1854052.511496196 -265225.2396733283 -266969.6524005652
 240123.8722557769  265439.0488350937  -1466367.31910625 -265225.2396958308  2505059.953164514 -1278952.693595232
 537132.9586330829  1072326.911563223 -1486331.812493151 -266969.6523307371 -1278952.693560127   1422745.00363085

cov*(cov_.inverse()):
     1.000000000065484  5.820766091346741e-11  -2.91038304567337e-11  1.818989403545856e-11  1.455191522836685e-11   2.91038304567337e-11
 8.731149137020111e-11     0.9999999997235136  3.783497959375381e-10 -3.637978807091713e-12  4.365574568510056e-11  1.455191522836685e-11
-1.455191522836685e-11 -1.164153218269348e-10     0.9999999999126885                      0  1.455191522836685e-11   2.91038304567337e-11
 1.164153218269348e-10 -2.473825588822365e-10  4.074536263942719e-10      0.999999999996362   2.91038304567337e-11  1.455191522836685e-11
 4.365574568510056e-11 -4.074536263942719e-10   2.91038304567337e-10  -2.91038304567337e-11      1.000000000014552  1.455191522836685e-11
 7.275957614183426e-12 -4.365574568510056e-11  1.455191522836685e-10 -7.275957614183426e-12 -1.455191522836685e-11      1.000000000029104
