5
2

0.0003006088039449071
0.0004500262121943987
0.0007199380579409213
  0.08590453208226013
   0.5907487975380302

-0.4624499370787259  0.8224659461236125 -0.1254559904347737 -0.2995461251445377 0.06498258641972351
-0.2367886510194588  0.1704450363994315 -0.1097530450799017  0.7541231586624395 -0.5780416550559797
 0.3856643394422364  0.1173428149023866 -0.8745145565243898  0.1426901127641314  0.2288176199939088
-0.6519989913006935 -0.3197142364089277 -0.1225069059374381  0.3104423684557148  0.6010804573811867
 0.3952613351565384  0.4225064826272238  0.4386700491078739  0.4741681643329128  0.4979858321449455

0.4002157220113065
0.4000655269379896
 0.399891775162792
0.3995586121532871
0.3993171051033374

0.002689105712395863
  0.4008814464765621

  1.218553191066332   1.301649296041756  0.7302688527048533 0.03748547449339995  -3.287979312451234
  2.349431911361147  -1.188876233193628 0.08343700396884071 0.02332882452478996 -0.2673173280169172

 1.721788680194045e-08  3.609028189497762e-07 -3.954389237199929e-07   -0.02409300840718359    -0.0934033004874301
-1.896893939790195e-07 -1.207042577876451e-07  3.295321766707059e-07  -0.009707001334723237     0.1189598077777624

cov:
0.05765951471153569  0.0598187989028624 0.06109939505911114 0.06391304339159856 0.06580011626137322
 0.0598187989028624 0.06305215713133736  0.0649700202413093  0.0691827442894665 0.07200887985217982
0.06109939505911114  0.0649700202413093 0.06726666385682441 0.07230914460022839 0.07569259985172551
0.06391304339159856  0.0691827442894665 0.07230914460022839 0.07917534362500939 0.08378225047577806
0.06580011626137322 0.07200887985217982 0.07569259985172551 0.08378225047577806 0.08921086230024568

cov.inverse():
 2930480.461396231 -4320944.851079103  119651.5381820987  757371.8518092922  513495.6460870135
 -4320944.85108573   7655728.39493012 -1432190.215954032 -2059362.995471298  156735.5618288867
 119651.5382401029 -1432190.216043675  1709168.831872585 -233572.4614753295  -163039.315593041
 757371.8516859058 -2059362.995276728 -233572.4615092512  3840314.876463767  -2304800.60514887
 513495.6461590285   156735.561717326 -163039.3155907588 -2304800.605111606   1797637.88495086

cov*(cov_.inverse()):
    0.9999999999854481  -8.36735125631094e-11                      0                      0  1.455191522836685e-11
  2.91038304567337e-11     0.9999999999545253  3.637978807091713e-12   2.91038304567337e-11  1.455191522836685e-11
 5.093170329928398e-11 -1.109583536162972e-10      0.999999999992724                      0   2.91038304567337e-11
-1.455191522836685e-11    1.2732925824821e-11  3.637978807091713e-12     0.9999999999708962                      0
-7.275957614183426e-12 -2.546585164964199e-11 -7.275957614183426e-12                      0                      1
