5
2

0.0002131591030031097
0.0004636339999071568
0.0006886792020500376
   0.1010859039521313
   0.5740445237840205

 -0.1813175261867499   0.7018226555963427  -0.6796201713841238  0.07551045146617019  0.08356739290179445
  0.1791712460533727  -0.4073740071278075  -0.4004913748681152   0.7854734778975048  -0.1567869799446361
  0.5193015876430316  -0.2991211383028902    -0.41861840446919  -0.3729760609809212   0.5714016932654606
 -0.7207146503237805  -0.2685681741994029 0.008243334000579458   0.1531539484942392   0.6204171533098105
  0.3819919804986705    0.424133303144085   0.4499041677827457    0.463424549667746   0.5069684354826764

0.3966334630151581
 0.396218937127742
0.3959252457063052
0.3958724596324526
0.3952856003849925

0.003165592394470902
  0.3972398601899109

 0.8372202397146711   3.419900311061832  -2.749368417263612  0.7728799637122381  -2.280721017389367
   1.46425537021026 -0.1924830894136929 -0.2077157926545576 0.09633150809310781 -0.1601427095190318

 1.810499239609334e-07  1.768209935531599e-07 -4.879060429346376e-07   -0.02903205755679983   -0.08723548048102009
-1.206460647988768e-08  1.127935980374241e-07  3.687445532474912e-07   -0.01113729166496188     0.1145759869249843

cov:
 0.0533917508174889 0.05536628810378683 0.05657163774251008 0.05720639233111829 0.05924657986154774
0.05536628810378683 0.06001546181721117 0.06285759729600404  0.0643494839051751 0.06915295257450799
0.05657163774251008 0.06285759729600404 0.06670165543020715  0.0687181998932255 0.07521307831080011
0.05720639233111829  0.0643494839051751  0.0687181998932255 0.07100988761030219 0.07839044846404754
0.05924657986154774 0.06915295257450799 0.07521307831080011 0.07839044846404754 0.08862745426136552

cov.inverse():
 1441548.159975191 -3467706.156089777   1919877.51521762  -55009.5912421413  161435.8656411681
-3467706.156092524  11801134.70224072 -9474492.917966256  -87015.8202974334  1227536.198588623
 1919877.515243742 -9474492.918069938  11281063.74725938  -2263678.65603479 -1462185.326287266
-55009.59127113909 -87015.82016947621 -2263678.656157085  3289005.128926207  -883381.076955619
 161435.8656467919  1227536.198561597 -1462185.326242534 -883381.0769789481  956507.4785679248

cov*(cov_.inverse()):
     1.000000000005457  -2.91038304567337e-11  -2.91038304567337e-11  1.455191522836685e-11  1.455191522836685e-11
 1.818989403545856e-12     0.9999999999563443 -5.820766091346741e-11  7.275957614183426e-12  1.455191522836685e-11
 2.182787284255028e-11   2.91038304567337e-11       1.00000000007276  1.455191522836685e-11 -1.455191522836685e-11
 5.456968210637569e-12 -4.365574568510056e-11  4.365574568510056e-11     0.9999999999854481  1.455191522836685e-11
 2.182787284255028e-11 -5.820766091346741e-11  -2.91038304567337e-11  1.455191522836685e-11                      1
