5
2

0.0001535574528775568
0.0002721739584102743
 0.000659596815749431
   0.1087007396018334
    0.558809890514034

 -0.1498765203769604   0.5652433691079264  -0.7328378964446812   0.3466078527174568 -0.02913033278806489
 -0.4383418367198307   0.6120315796093708   0.2817154085203715  -0.5814142940039654   0.1259667697133441
  0.5576054240468168 -0.03008094546988059  -0.4188758199146398  -0.5577245234192778   0.4490631706795668
 -0.5617424976541745  -0.3626823046089741  -0.1297043239714751   0.1348021390923635   0.7196610896053777
  0.3986414682689191   0.4165020550772112   0.4373841354812449   0.4610771675493454   0.5135308963313281

0.3962940292548691
0.3961898926360536
0.3960327004733177
0.3958307743009299
0.3953970062467984

0.002216772233904242
  0.3967803251165773

  0.3889992105536442     1.23917357906826    2.450923116537719   -2.062893833353369   -2.016280116681075
   1.542501992324033  -0.1799955411025933 -0.06407662297749581   -0.158982200536527  -0.1391935770119376

-4.268613097416863e-08  1.647341476417767e-07 -2.618719882570156e-07   -0.03207956096933462   -0.07600332035678874
-7.946849319608058e-09 -5.403717938352775e-08  3.996201989499453e-07    -0.0108055961510068     0.1146423148449279

cov:
0.05335285050123997 0.05425475860419665 0.05530776386303371 0.05650148561767368 0.05914933357289924
0.05425475860419665 0.05572472720239201 0.05744222935505845 0.05939021730261498 0.06370603323223606
0.05530776386303371 0.05744222935505845    0.05993736277459 0.06276800232152967 0.06903570229794172
0.05650148561767368 0.05939021730261498 0.06276800232152967 0.06660070816260109  0.0750842760009001
0.05914933357289924 0.06370603323223606 0.06903570229794172  0.0750842760009001 0.08846922861198336

cov.inverse():
 4261092.891160574 -7252830.565034813  2454176.534153612  522478.8198575634  15287.97874138461
-7252830.564512156  18608327.59718703  -15210687.0143634  3543643.650758131   311361.374863205
 2454176.532856951 -15210687.01205806  24250451.09173988 -12446309.57596618  952024.2059565997
 522478.8207734313  3543643.648555206 -12446309.57454069  10373147.53689712 -1992515.443175395
 15287.97859954253  311361.3752833542  952024.2055398973 -1992515.443037001  713740.2343251627

cov*(cov_.inverse()):
    0.9999999999801048 -3.274180926382542e-11  6.548361852765083e-11 -1.455191522836685e-10 -1.455191522836685e-11
-1.091393642127514e-11       1.00000000026921  -2.91038304567337e-10   2.91038304567337e-11  -2.91038304567337e-11
-8.185452315956354e-12  2.473825588822365e-10      1.000000000174623  -2.91038304567337e-11 -1.455191522836685e-11
-1.978150976356119e-11  1.127773430198431e-10  4.365574568510056e-11     0.9999999999417923 -2.182787284255028e-11
-2.296474121976644e-11  4.729372449219227e-11  1.455191522836685e-11 -8.731149137020111e-11     0.9999999999854481
