5
2

0.0001506897816461352
0.0003081761761024271
0.0006268160659614767
  0.05760558670583942
   0.5478012840671286

-0.09623217623871541   0.4200217274397207  -0.7646612768399639   0.4777585905023364  -0.0368914304088444
 -0.3933531152152508   0.6728719233970865  0.04852728632868082  -0.5741165839727702   0.2460730622058703
  0.4744911807010675  -0.2364528593805454  -0.4577723418312242  -0.3827023295066277   0.6024380256692203
 -0.6572890421766168  -0.3554997972417984  0.04138368984453088   0.2923487792853156   0.5953239375842573
  0.4228970672377287   0.4342062443519925   0.4490769504798247   0.4584844549701163   0.4698349763331405

0.3999273073289384
0.4001934699839302
0.4003080000831891
0.4003803266077693
0.4004600411463159

-0.001562497562702029
   0.3999203203105526

 -3.249886491325843   7.401865124083699   11.20209434066505  -13.11964531007457   -2.23455677024363
  1.056520237324026  0.5010237683163821  0.9455531553002122  -1.311630281940534 -0.1915152287537242

-2.572683097073954e-07  1.309178553146429e-06 -1.864501920070704e-06   -0.01724727074180448   -0.05847342580041772
-2.801721165917523e-08  6.394752765397339e-08  1.322420740443638e-07  -0.004416429052780549     0.1193234258246831

cov:
0.05510175297082977 0.05587852959465037 0.05690002748601496 0.05754653437997218 0.05832629880455167
0.05587852959465037 0.05699622851400724 0.05846564060613849 0.05939533568925696 0.06051683959928606
0.05690002748601496 0.05846564060613849  0.0605242046076256 0.06182640353831249 0.06339746285515369
0.05754653437997218 0.05939533568925696 0.06182640353831249 0.06336423912426911  0.0652196264713224
0.05832629880455167 0.06051683959928606 0.06339746285515369  0.0652196264713224 0.06741873580693328

cov.inverse():
 2610155.749172621   -4852375.0795664  2486739.741148909 -109086.8351462634 -135403.1250579022
-4852375.079575115  12678769.37574267 -13524729.82802554  4999880.939225278  698399.5658212425
 2486739.741028609 -13524729.82741236  26307760.80564937 -15935748.23127662  666132.9165217136
-109086.8348989733  4999880.938068143 -15935748.22984964  13895306.10259979 -2850469.181330242
-135403.1251761855   698399.566356489    666132.91558761 -2850469.180813107  1621344.953512684

cov*(cov_.inverse()):
     1.000000000023647  9.458744898438454e-11  5.093170329928398e-11  8.731149137020111e-11 -1.455191522836685e-11
 2.364686224609613e-11      1.000000000014552 -8.731149137020111e-11   2.91038304567337e-11  1.455191522836685e-11
 1.818989403545856e-12  2.182787284255028e-11      1.000000000189175 -1.164153218269348e-10  4.365574568510056e-11
 4.547473508864641e-11 -7.275957614183426e-11  2.255546860396862e-10     0.9999999998544808   2.91038304567337e-11
 5.456968210637569e-12                      0  6.548361852765083e-11   2.91038304567337e-11                      1
