5
2

0.0001399563230725572
0.0003049210253036267
0.0005730087050596903
  0.06081330502705364
   0.5430103456075239

-0.04677378239590615   0.3424513461654409  -0.7715233961744181   0.5312452220311008 -0.05540263544702282
 -0.3581959784907847   0.7028740630671508 -0.06373943564177585  -0.5492164728391717   0.2682577916234137
  0.4808637926915221  -0.2963238418329973  -0.4425402292589632  -0.3463219386961276   0.6043024523405788
 -0.6795134127325089  -0.3353902688131114  0.05157406925820351   0.2918948042268417   0.5813023551884269
   0.420165906599231   0.4340514662154171   0.4496523038605871   0.4593455323330737   0.4710354797320519

0.3836037092904782
0.3818068788784743
0.3798550591707839
0.3785696058332174
 0.377027669312533

0.02628378518860513
 0.3872040590736474

 0.9096911855082962 -0.1489911851730346   13.95264403405476  -12.10264932980653  -2.610558030684617
  1.588587023310019  -0.515656911919476   1.305291651767827  -1.122987762719484 -0.2552064127248731

-3.357972182692302e-07  4.301822689693825e-07 -1.011012423369342e-06    -0.0181170507633887   -0.05825655080626487
-3.604928633794949e-08 -4.336101327281524e-08  1.883827767084931e-07  -0.004864492874325555      0.116329787427226

cov:
0.05376216177058957 0.05461750142548807 0.05557784851286654 0.05617484502630681 0.05689595276776188
0.05461750142548807 0.05596794913968942 0.05748459647687407 0.05842706312599363 0.05956418291794078
0.05557784851286654 0.05748459647687407 0.05962687701299731  0.0609578562750463  0.0625628289051913
0.05617484502630681 0.05842706312599363  0.0609578562750463 0.06253018781513806 0.06442576640188492
0.05689595276776188 0.05956418291794078  0.0625628289051913 0.06442576640188492 0.06667175867028181

cov.inverse():
 2196019.109412989 -3959499.308366722  1439759.997369481  340054.8893177269 -16258.96367272304
-3959499.308318377  11568004.18597484  -13570940.7354672  5448347.569864476  513909.4046365639
 1439759.997367648 -13570940.73530712  31028931.93204815 -20081399.57262735   1183818.74734995
 340054.8891679382  5448347.569781986 -20081399.57212798  18017593.02136721 -3724548.393850258
-16258.96356945199  513909.4046073174  1183818.747008838 -3724548.393583171   2042983.61396558

cov*(cov_.inverse()):
     1.000000000001478 -3.637978807091713e-11  2.182787284255028e-10  8.731149137020111e-11                      0
 3.467448550509289e-11     0.9999999998544808  1.746229827404022e-10 -2.037268131971359e-10   2.91038304567337e-11
-1.250555214937776e-11  -8.36735125631094e-11      1.000000000101863                      0  4.365574568510056e-11
 -1.77351466845721e-11                      0  1.455191522836685e-10      1.000000000145519  -2.91038304567337e-11
 1.477928890381008e-11  -2.91038304567337e-11                      0 -5.820766091346741e-11      1.000000000029104
