5
2

0.0001380734551040288
0.0004601921310423998
0.0006826197479647553
  0.09046503047930037
   0.6000969932855724

 0.06775592551537302  -0.6889634913892531   0.7182903165758426 -0.05517514632689546 -0.04187083031738389
 -0.0869183089617422   0.2260580623414435   0.1906677022079536  -0.8170592849547597   0.4872400970995915
  0.5702615736109506  -0.4810768733719316   -0.492503419240293 -0.04268362911014351   0.4460776495320707
   -0.71729607825624  -0.2457768790925691   -0.111204614226815   0.3159301880732708   0.5593761809912793
  0.3848927329864349   0.4270665376652285    0.439065785799122   0.4772169864610838   0.4989558498248804

0.3983827442539674
0.3977926248488337
0.3976835616913272
0.3970740660306021
0.3967304911786255

0.004157316119039529
  0.3991317176771787

  0.8817242469414119    1.572785003180727    1.014295583300679    -0.30087609706499   -3.168356569681728
   1.439394352858315  -0.4369883157127735   0.2794842096308452 -0.03104672667326386  -0.2505350032826016

 -2.78392055466673e-09 -1.748472857316198e-07 -1.003629649036379e-06   -0.02454493101365867   -0.09653195297843804
 1.165876764073303e-08 -5.660995534449054e-08  3.648433192997607e-07  -0.009052253392228283     0.1261413435372732

cov:
0.05755940648250521 0.06063671380683387 0.06150990436799638  0.0642906265773595 0.06587477361135094
0.06063671380683387 0.06617461582486668 0.06774932537631616 0.07275745247109887   0.075611032803352
0.06150990436799638 0.06774932537631616 0.06952413159410356 0.07516751513828744 0.07838313392218188
 0.0642906265773595 0.07275745247109887 0.07516751513828744 0.08282848249548495 0.08719359167262077
0.06587477361135094   0.075611032803352 0.07838313392218188 0.08719359167262077 0.09221438350384134

cov.inverse():
 974442.1596850845 -3130137.304845055  1871881.096428834  86979.97989803963   197081.556691885
-3130137.305044411   25636418.0757586 -25246275.22783009  1165873.702970674  1572710.127918069
 1871881.096653535 -25246275.22794001  27755443.34496017 -2769357.353698083 -1610391.046258334
 86979.97993846305  1165873.702228056 -2769357.352883363   3315917.49479303 -1799486.617135297
  197081.556626132  1572710.128571276 -1610391.046958313 -1799486.617022808  1640039.792189932

cov*(cov_.inverse()):
    0.9999999999745341  2.182787284255028e-10 -2.619344741106033e-10  -2.91038304567337e-11                      0
 4.001776687800884e-11                      1  -2.91038304567337e-11  -2.91038304567337e-11 -1.455191522836685e-11
-5.456968210637569e-12 -1.455191522836685e-11     0.9999999998835847 -5.820766091346741e-11                      0
-2.182787284255028e-11  -2.91038304567337e-11   2.91038304567337e-11                      1                      0
 3.637978807091713e-12  1.164153218269348e-10 -5.820766091346741e-11  -2.91038304567337e-11                      1
