5
2

0.0001056916332856765
0.0003338769427321834
 0.000753769875712702
   0.1007688865757837
   0.5826805699709267

-0.04046616261043268   0.4813659664788372  -0.7940022910289372   0.3687338130188242 -0.01565352921479188
 -0.4164464866337858   0.6830435050664948   0.1721256950117803  -0.5615309621840582   0.1227990943867686
  0.3774055783700354  -0.1925801657041484  -0.3730091314273739  -0.4819369743650123   0.6701334567115985
 -0.7330646571649557  -0.2945853628709447 -0.01323191236019799   0.2983552313305781   0.5353921411739151
  0.3809410076176725   0.4217472231822385     0.44790870869475   0.4769059260722385   0.4989506536781829

0.4007413716736008
0.4010352627780555
0.4011877180389307
0.4013393685750951
0.4014958584156363

-0.001245479835992996
   0.4007700573464859

 0.2254218526333565 -0.7403244167366206   9.192855699465909  -8.276196821614549  -0.401685601257312
  1.334313852473036 -0.4036555536843145  0.7656826555187677 -0.6408751128638086 -0.0553658941094618

-1.196391320162475e-07  6.221120394157955e-07  2.943402129335651e-07   -0.02795604318655492   -0.08697934938279824
-1.219507696468283e-08 -3.862775223264253e-08  3.224164890107384e-07   -0.01107039065206618     0.1180663013066982

cov:
0.05472620842785414 0.05673978404285356 0.05802904540581328 0.05946003919911647 0.06054697001723804
0.05673978404285356 0.06127134768509736 0.06417576953980664 0.06739578983982161 0.06984324761740177
0.05802904540581328 0.06417576953980664 0.06811644768695919 0.07248425925957783 0.07580457897125029
0.05946003919911647 0.06739578983982161 0.07248425925957783 0.07812348397024098 0.08241068043468389
0.06054697001723804 0.06984324761740177 0.07580457897125029 0.08241068043468389 0.08743421816677509

cov.inverse():
 1953104.588029795 -4423387.245777319   1985488.64670201  441887.8513442239  43046.72061904959
-4423387.246123925  24993461.06838116 -33033837.55738493  12612011.19821384 -149255.8883143651
 1985488.647324661 -33033837.55836976  56947451.35822995 -26759841.82148944   862298.256460441
 441887.8511167947  12612011.19863836 -26759841.82160585  15408938.64373158 -1703696.452920603
 43046.72057045734 -149255.8881006768  862298.2562146424 -1703696.452839908  947635.7982169947

cov*(cov_.inverse()):
    0.9999999999772626 -3.819877747446299e-11 -2.182787284255028e-11  2.182787284255028e-10                      0
 1.728039933368564e-11     0.9999999996871338  -3.92901711165905e-10 -1.455191522836685e-10  -2.91038304567337e-11
-4.547473508864641e-11 -3.601599019020796e-10     0.9999999995561666 -8.731149137020111e-11                      0
-2.592059900052845e-11 -5.275069270282984e-10 -4.074536263942719e-10      1.000000000058208                      0
-2.000888343900442e-11 -6.548361852765083e-11 -2.037268131971359e-10  8.731149137020111e-11                      1
