7
2

0.0001513272436755481
0.0002611058089279838
0.0003803907058262787
0.0004799907086402325
0.0006886445252833611
   0.1195885232997594
     0.67764455771583

   0.1464931369705725   -0.5541330215148973    0.7257790096658653   -0.3782675977642011   0.01885122014630342   0.03526163268404487  0.006004802817619053
   0.3962695267484481   -0.5957213583603793     -0.18748723508833    0.6467644421276872   -0.1000293404495482   -0.1568973020938267 -0.002861133853196645
   0.1995887632959169   -0.1473628666079702   -0.2602495389310528   -0.1384452275803679   0.04128812830471643    0.7863535317974923   -0.4811392948494089
  -0.2283677255450863    0.1354035578697831    0.3124869417983453    0.2991072303522342   -0.8125390423839117    0.2865783097333038    0.0073492444740148
   0.5110673147894191   0.02015825817487606   -0.3086105845713412   -0.4297608536113349   -0.3937025811821113   0.05246132277454709    0.5483749149608933
  -0.6027731773281726   -0.4263759690171077   -0.2199356106273812   0.01447222263650792    0.1373761705256307    0.3216730458771764    0.5328612868431664
   0.3240330645691654    0.3402938397817354    0.3593094610047954    0.3808849275928539     0.392224964724848    0.4091883557055256    0.4286613178712866

0.3964635576031252
0.3963430955756925
0.3961659363184338
0.3959434367897924
0.3959269892426591
0.3956845047029418
0.3954627917942208

0.002441082608339116
  0.3969803920671267

   0.368013445304666    1.143398274810966    2.480327717077505   -2.600054860742393   0.8276510826681678    0.211129625335035   -2.430586908691462
    1.47884630069738  -0.1083638465909431 -0.05046907427158784  -0.2674882072962522   0.1060376051671833  0.03587358372332414  -0.1941779826645127

 5.066507077805582e-08 -1.902749801793371e-07  1.431146100998706e-07 -1.294115933909046e-07 -5.143370913982897e-07   -0.03440975582369312      -0.10178581332002
 7.862450866585555e-09  3.213535344636982e-08  7.051248339839669e-08 -1.210655281467961e-07  3.498827156398863e-07   -0.01309065240287328     0.1356190931369428

cov:
0.05341140845922839 0.05431014674244344 0.05535991005986029 0.05654954661864436 0.05717746543012746 0.05811289908257626 0.05918996332500666
0.05431014674244344 0.05577554694684519  0.0574881417015652 0.05943021175560946 0.06045279341540659 0.06197977803838262 0.06373493222692556
0.05535991005986029  0.0574881417015652 0.05997638262083409 0.06279892032531567 0.06428332058338061  0.0665025078909267 0.06905114556714499
0.05654954661864436 0.05943021175560946 0.06279892032531567  0.0666211217946701 0.06862984421605409 0.07163490694136776 0.07508441232047727
0.05717746543012746 0.06045279341540659 0.06428332058338061 0.06862984421605409 0.07091397834396032 0.07433106294714138 0.07825321580122382
0.05811289908257626 0.06197977803838262  0.0665025078909267 0.07163490694136776 0.07433106294714138 0.07836649168785499 0.08299685872080809
0.05918996332500666 0.06373493222692556 0.06905114556714499 0.07508441232047727 0.07825321580122382 0.08299685872080809 0.08843957204913663

cov.inverse():
 4292875.509768456 -7323169.134238637  2551831.904090156  388868.2897608156 -22755.16900250373  170740.5876352964 -58215.86382670507
 -7323169.13495373  18844836.43904102 -15488571.98361298  3800440.061447732 -118436.2625586042 -112493.5905547268  397313.1211111132
 2551831.905673367  -15488571.9864369  24610823.03999064 -12832884.45012818 -47583.80682111048   489268.023934268  716649.6554435117
 388868.2887031235  3800440.063973452 -12832884.45151459  13294204.70861095 -1997939.563363941 -2498758.347157282 -153390.3378570716
-22755.16899253155 -118436.2622773891 -47583.80757635365 -1997939.562678396  3366562.131157757 -570639.3332675925 -609317.7576358592
 170740.5878173502 -112493.5910599945  489268.0244383815 -2498758.347598511 -570639.3329460808  5051074.212649463 -2529094.137531185
-58215.86382918606  397313.1209183958  716649.6558402306 -153390.3380197523 -609317.7577358999 -2529094.137469989  2235919.418370156

cov*(cov_.inverse()):
    0.9999999999954525  9.094947017729282e-11 -1.600710675120354e-10 -6.002665031701326e-11 -7.275957614183426e-12  -2.91038304567337e-11   2.91038304567337e-11
 3.274180926382542e-11     0.9999999999272404 -2.182787284255028e-10 -9.276845958083868e-11  7.275957614183426e-12   2.91038304567337e-11   2.91038304567337e-11
 8.640199666842818e-12  1.127773430198431e-10     0.9999999996289262 -1.200533006340265e-10   2.91038304567337e-11  -2.91038304567337e-11   2.91038304567337e-11
-1.364242052659392e-11  2.546585164964199e-10 -3.637978807091713e-10       1.00000000018008 -2.182787284255028e-11  -2.91038304567337e-11                      0
 4.001776687800884e-11  7.275957614183426e-11 -3.055902197957039e-10  1.546140993013978e-10     0.9999999999708962 -5.820766091346741e-11                      0
 1.818989403545856e-12  1.455191522836685e-11  1.455191522836685e-11 -4.547473508864641e-11   2.91038304567337e-11                      1                      0
 8.185452315956354e-12  4.365574568510056e-11 -4.365574568510056e-11 -5.456968210637569e-12 -7.275957614183426e-12                      0                      1
