6
2

0.0001289345234841387
0.0002716991045276849
0.0005615614239158275
0.0006665055147189187
  0.07942244441293303
   0.6038617207157514

-0.03391562371398976   0.2582221034203103  -0.7442805859903185   0.6110064752138601 -0.02622331132469632  -0.0648144295746924
  0.2990508784970936  -0.7449737065493605   0.1833485591416747   0.5336706988314475  -0.1210747521058772  -0.1500084800674683
 -0.3530708920190436   0.2505413251701598   0.3633920021770374   0.3042994463770095  -0.7452911501635869   0.1801643437728604
  0.4860809764914603  -0.1411012076977125  -0.3302566233022773  -0.2644480527070799  -0.3916529263689834   0.6414214752644152
 -0.6388451806979502  -0.3804430731910385 -0.08984105691292932  0.09059032571746775   0.3080513204679229   0.5796259694812687
  0.3746483246181629   0.3884817672484565   0.4040236567208529   0.4136775793972547   0.4253312979996742    0.439829036595096

0.3834816119894395
0.3817176264549925
0.3798009924019351
0.3785382894253301
0.3770214114308455
0.3751017203258596

0.02582772607140508
 0.3870257867023461

  0.8541435156042736   -1.378487512061885     7.62532881732401   -1.856542743778279  -0.8638455891170644   -4.380582632880668
   1.577708776561705  -0.6151988297787241   0.6904839518486326  -0.1491781564959516 -0.09180902889321255  -0.4119810433068986

-1.145083873752662e-07  1.809629191686144e-07  4.458085542903816e-07 -1.727670750542041e-06   -0.02321120788997239   -0.07177703378656587
-1.310511413425036e-08   7.75133266848369e-08 -1.612876801568175e-07  1.940467224848299e-07  -0.007042723625813028     0.1272997366300019

cov:
 0.0537571901178444 0.05460551628758856 0.05555767685700341 0.05614947641338874 0.05686530442862815 0.05775164619986418
0.05460551628758856 0.05594518524761441 0.05744941809968795 0.05838396515797392 0.05951291893147233 0.06091494428196021
0.05555767685700341 0.05744941809968795 0.05957453355310349 0.06089453438326863  0.0624880995599362 0.06447005552851784
0.05614947641338874 0.05838396515797392 0.06089453438326863  0.0624539200099623 0.06433599694491833 0.06667809256630791
0.05686530442862815 0.05951291893147233  0.0624880995599362 0.06433599694491833 0.06656628678160181 0.06934215433208223
0.05775164619986418 0.06091494428196021 0.06447005552851784 0.06667809256630791 0.06934215433208223 0.07266063673753584

cov.inverse():
 2207908.437613105 -3979608.626454371  1492978.631856832  285321.2840981676 -31126.83144867973  24615.77758336073
-3979608.626609077  11772907.59196279 -13017585.48883503  4430861.313555681  346785.9119328013  446447.1706626994
 1492978.632543886 -13017585.49048659  34441960.75214693 -25482722.65810252  305669.1826572426  2259985.417680339
 285321.2833743869  4430861.315832555 -25482722.66049789    26766208.216029 -2325122.251109899 -3674639.173754226
-31126.83129212282  346785.9112099968  305669.1842145285 -2325122.252212802  2346655.243727873  -642999.337773389
 24615.77761822981  446447.1706055137  2259985.417553821 -3674639.173493506 -642999.3378852691  1586658.249802263

cov*(cov_.inverse()):
     1.000000000007731  3.637978807091713e-11 -3.055902197957039e-10  1.164153218269348e-10  -2.91038304567337e-11                      0
-1.000444171950221e-11     0.9999999999854481 -8.731149137020111e-11 -1.164153218269348e-10 -1.455191522836685e-11 -1.455191522836685e-11
-1.341504685115069e-11 -2.182787284255028e-11      0.999999999650754 -1.455191522836685e-10 -7.275957614183426e-12  1.455191522836685e-11
 3.183231456205249e-12 -9.458744898438454e-11 -1.455191522836685e-10     0.9999999999708962                      0 -5.820766091346741e-11
 3.024069883394986e-11 -2.000888343900442e-10  2.037268131971359e-10  -2.91038304567337e-10                      1   2.91038304567337e-11
 6.821210263296962e-13  1.455191522836685e-11 -8.731149137020111e-11  5.820766091346741e-11 -7.275957614183426e-12                      1
