7
2

0.0001534460384364518
0.0002631734271598608
0.0005253346519584581
0.0006068000586394929
0.0007972865755099266
  0.09577363207835042
   0.6695045254349363

0.003111103879492123  -0.2319355266208958   0.7571542915757966  -0.6087209502347957  0.01725410464808946  0.02523932482667412  0.03791686132087683
 -0.2897681000093127   0.7815667874174242  -0.1769508093018379  -0.5108906096392869  0.07150044016872384  0.06246023801216212  0.06207581506484328
  0.2224322047823615  -0.1734332064315635  -0.2557614882348553  -0.2442503780974311   0.1780013128614294   0.7391888680300316  -0.4661416105839157
 -0.4018457402178051   0.1885613179090467   0.3393695589534101   0.3322265859218629  -0.6080289454107638   0.3883106905485547  -0.2386085448345432
  0.4797595852502356 -0.01336030636240804  -0.2088787235571389  -0.2348464510458067  -0.6510520166236951   0.1568042912226136   0.4716065645802106
 -0.5997365730564396  -0.3798977755267244  -0.1926913979580362 -0.04464834140104526    0.137640380023209   0.3362084970623497    0.569990566712837
  0.3394340405633269   0.3538700368159388   0.3661418542389777   0.3758596921391483   0.3878049954913427   0.4008148960470321      0.4161548607538

0.4000111413437719
0.3999806820993731
0.4000300352641428
 0.399974297112735
0.3998986847657878
0.3998279524640304
0.3997392190699677

0.00110760009034714
 0.4003417328507346

   1.013520815332285   -1.479673841980743    5.260293357447241    -1.23705941656772 -0.03594135386393132 -0.04663271455283192   -3.474677249820768
   1.576655534544591   -0.511743812590991   0.3478185159263876 -0.08396376874254347 -0.03242512537309483 0.007952743082378089  -0.3043369339471541

 1.165199230485437e-07 -1.364521862375659e-07  2.808501528451049e-07  5.599476203539864e-07  -1.22354383364252e-06   -0.02756601252192126   -0.08837836292444104
 1.003425930420892e-08 -6.207038448953958e-08  1.415684667561859e-07 -2.004892330389732e-07  3.745022606465564e-07  -0.009078100412644738     0.1406716751429025

cov:
0.05494321433802646 0.05592995610299871  0.0567671565688133 0.05743128849588838 0.05824595779160289 0.05913315392329883 0.06018112596740217
0.05592995610299871 0.05745381930191881 0.05874795389535716 0.05977348298105957 0.06103295041857184 0.06240464233603982 0.06402319129021551
 0.0567671565688133 0.05874795389535716 0.06043117759996446 0.06176436893824513 0.06340252962746339 0.06518670236029725 0.06729102810668181
0.05743128849588838 0.05977348298105957 0.06176436893824513 0.06334097552285052 0.06527868248760194 0.06738915386924953 0.06987775257378696
0.05824595779160289 0.06103295041857184 0.06340252962746339 0.06527868248760194 0.06758566355443274 0.07009731826168172  0.0730589430146686
0.05913315392329883 0.06240464233603982 0.06518670236029725 0.06738915386924953 0.07009731826168172 0.07304737634520438 0.07652400808779966
0.06018112596740217 0.06402319129021551 0.06729102810668181 0.06987775257378696  0.0730589430146686 0.07652400808779966 0.08060804417157157

cov.inverse():
 2192696.491078728  -3656162.48378088   106213.440567577  1320327.636624295  18803.10672370927  32326.85050908683 -14092.99106181222
-3656162.483505745  11310104.84197238 -9116186.232691346  559601.3426122381  227325.2679980701  187229.1568993286  487806.8945194423
 106213.4396290955 -9116186.230284603  25418216.41523344  -17659530.5570287 -139278.0703942625  273361.6928269549   1117784.94596197
 1320327.637361209  559601.3401793446 -17659530.55526055  20108342.43862839 -1439103.831143173 -1475015.435659578 -1415126.510189636
 18803.10667534369  227325.2681675978 -139278.0704446969 -1439103.831275094  1872132.790946434 -242079.1091686964 -297778.6483477706
  32326.8506048605  187229.1565071611  273361.6933549044 -1475015.435845458 -242079.1092332594  2511467.561198752 -1287191.883615406
-14092.99118279254  487806.8950433906  1117784.945184608  -1415126.50979973  -297778.648344403 -1287191.883634308  1408589.135903308

cov*(cov_.inverse()):
     1.000000000018076 -7.275957614183426e-11 -1.309672370553017e-10  1.746229827404022e-10 -1.091393642127514e-11  1.455191522836685e-11 -1.455191522836685e-11
 2.046363078989089e-11     0.9999999998981366                      0                      0  3.637978807091713e-12   2.91038304567337e-11  -2.91038304567337e-11
 2.671640686457977e-11  -2.91038304567337e-11     0.9999999998981366 -1.164153218269348e-10  3.637978807091713e-12                      0                      0
  2.97859514830634e-11 -1.527951098978519e-10  1.455191522836685e-10      1.000000000087311  2.182787284255028e-11  1.455191522836685e-11                      0
 2.114575181622058e-11 -3.637978807091713e-11 -4.365574568510056e-11  5.820766091346741e-11      1.000000000010914  1.455191522836685e-11  -2.91038304567337e-11
 6.889422365929931e-11 -1.309672370553017e-10  1.455191522836685e-11  8.731149137020111e-11  1.818989403545856e-11     0.9999999999854481  -2.91038304567337e-11
 6.821210263296962e-13  -2.91038304567337e-11  1.455191522836685e-11                      0 -7.275957614183426e-12                      0     0.9999999999854481
