5
2

0.0001552896445070665
0.0002100834947335135
0.0005054826433133663
   0.0434155698210143
   0.5961286181094991

0.06549073200921463  0.1178079351380109 -0.7214999915945819  0.6668702935126648 -0.1286624583892506
-0.3360774153352967  0.8186217187983107   -0.25705035703394 -0.3631589918805833  0.1376630414390456
 0.6354735062522778 -0.1486032640368035 -0.4526826892247419 -0.4463961909586463  0.4121884476097216
-0.5379682526272475 -0.3163105869035774 -0.1018235759197297  0.1453587808521388  0.7609471440211861
 0.4353464332449113   0.440277701525458  0.4450541746135145  0.4505561272176889  0.4642789963869507

0.4032501702623144
0.4033990764299887
0.4033613060905282
 0.403320371318081
0.4032202368944952

0.00113211944474197
 0.4035910478227464

 -5.293873867342581  0.4956315572484413   6.589439640530317   12.45336353643115  -14.24447301301344
 0.8545366090776882 0.03312484227348411  0.4341576984027524   1.096884175457463  -1.418739526241771

 1.228632587834152e-07 -2.644759062170535e-07 -4.561217448859231e-06    -0.0132111257009176   -0.05553226860741195
 1.593124554637423e-08 -4.260471224977053e-08 -1.872539456187521e-07  -0.002703986583972521      0.147600594448641

cov:
0.06789753148186262 0.06843553168083109 0.06895696452474913   0.069557521122353 0.07105647951074871
0.06843553168083109 0.06907499924560179 0.06969442129844559 0.07040788877690946 0.07218794390066509
0.06895696452474913 0.06969442129844559 0.07040875743055261 0.07123147356521145 0.07328362331976238
  0.069557521122353 0.07040788877690946 0.07123147356521145 0.07218016068807272 0.07454592717364697
0.07105647951074871 0.07218794390066509 0.07328362331976238 0.07454592717364697 0.07769311594858609

cov.inverse():
 4317612.966626342 -6283149.705933397 -1127879.103510934  3466186.160512292 -372770.6396293693
-6283149.707003979   15845880.8080283 -8029232.877718348 -3218464.912775155  1684984.193899395
 -1127879.10068819 -8029232.883421555   23885883.9901293 -17046330.23903184  2317416.370148355
 3466186.158429553 -3218464.907040785 -17046330.24305612  22209657.58967508 -5410817.794777578
-372770.6392988128  1684984.192797698  2317416.371292153 -5410817.795150242  1781097.129380789

cov*(cov_.inverse()):
    0.9999999999054126 -1.455191522836685e-11 -1.455191522836685e-10  5.820766091346741e-11  1.455191522836685e-11
-1.127773430198431e-10      1.000000000029104 -2.619344741106033e-10                      0  1.455191522836685e-11
-1.818989403545856e-11 -4.365574568510056e-11     0.9999999995052349  3.492459654808044e-10  -2.91038304567337e-11
  -1.2732925824821e-10  1.455191522836685e-11 -1.455191522836685e-10                      1   2.91038304567337e-11
-9.458744898438454e-11   2.91038304567337e-11 -1.164153218269348e-10  1.164153218269348e-10     0.9999999999708962
