5
2

0.0001209450269342569
0.0003443774852311548
0.0005623613553664791
  0.08283914017765691
   0.6358055194389131

  -0.130828266241694   0.7188515418108506   -0.679327429051635  0.06119696915625961  0.03009320010465985
 -0.4740175673525213   0.4694491619436247    0.540870029348151  -0.5116437639499194  -0.0245987876879269
  0.5403316329993322 -0.02270785689137539  -0.1764601574531287  -0.7265031078015602   0.3854622248703073
 -0.5548460059645832  -0.2896971394534272  -0.1623502182565704  0.03998906053053035   0.7617511133746908
  0.3979685246835672   0.4224095948418943   0.4341406165687421   0.4528462202225024   0.5192720033105934

0.3991040600144904
0.3979592258564584
0.3974738636764772
0.3965599079905696
0.3933844967901711

0.01452444086032097
 0.4022115446960586

  1.011157844204909  -2.251907283795743   3.822799944585605    1.10872369303425  -3.690342188203521
   2.87174284985959  -3.084324477193568    1.39342697781604  0.2277009620421643 -0.4074654613701635

-6.423332368307421e-08  6.485026382023856e-09 -7.289740183960998e-07   -0.02261879111984262    -0.1226472522776994
-5.174983215466723e-08 -2.564049243081261e-07  3.331252701297721e-07  -0.008422540712627232     0.1360241650450394

cov:
0.06613719020051972 0.06905951277944597 0.07046187376957531 0.07270074876774121 0.08063924214553442
0.06905951277944597 0.07270598433528278 0.07445598143722966 0.07724782607046322 0.08715575312719541
0.07046187376957531 0.07445598143722966 0.07637293458136557 0.07943031197548682 0.09028394215394872
0.07270074876774121 0.07724782607046322 0.07943031197548682 0.08291032253044914  0.0952681702548436
0.08063924214553442 0.08715575312719541 0.09028394215394872  0.0952681702548436  0.1129849995205882

cov.inverse():
 3987951.856173834 -8344438.211208167   3612526.96834224  256384.2036170449  487692.6296414007
 -8344438.21248355  37186552.48995114 -31230649.45701647  1034289.504074563  1353794.452438933
 3612526.970378233 -31230649.46110581  34113923.10770074 -4770097.853448807 -1724845.152716571
 256384.2028683542  1034289.506983395 -4770097.855691833  4132302.130689704 -653471.9929407449
 487692.6296295937  1353794.452343667 -1724845.152526629 -653471.9930236018  536918.7254419443

cov*(cov_.inverse()):
     1.000000000050932   3.92901711165905e-10 -4.365574568510056e-10  5.093170329928398e-11  1.455191522836685e-11
-7.275957614183426e-12     0.9999999996653059 -8.731149137020111e-11  2.182787284255028e-11                      0
 3.637978807091713e-11  7.275957614183426e-11                      1 -7.275957614183426e-12  1.455191522836685e-11
-5.093170329928398e-11  1.309672370553017e-10 -7.566995918750763e-10     0.9999999999781721  7.275957614183426e-12
  2.91038304567337e-11 -1.455191522836685e-10 -1.164153218269348e-10  4.365574568510056e-11      0.999999999992724
