6
2

0.0001246311009711241
0.0003597442779583358
0.0004011222420441305
0.0007741534974273063
   0.1038507097889131
   0.7094722573180346

 0.04309654451695163  -0.6585266502638695   0.7429207582078093 -0.08209712814351897 -0.07159985171555153  0.02622229112372055
 -0.0366518900484038   0.1099359028182263  0.03592743580697937   0.2967834346951569   -0.841289417057325   0.4352374814071608
  0.1244417981728195  -0.3752347567800324  -0.2341274589856012    0.810824891198782  0.03487576930944269  -0.3608935101220987
  0.6120756284346776  -0.4238608582448105  -0.4472218169177373  -0.2259154165170142  0.04615284427376697   0.4387826158161361
 -0.7038752744744687  -0.3020596953982073  -0.2026007647502592   0.1276750208476094    0.295677615283427   0.5182145360696782
  0.3335214966593298    0.377567925984099   0.3884686292670525   0.4247398779077879   0.4430958378076679   0.4675041296523084

0.3988057264471269
 0.396625654724126
 0.396144048064676
0.3942715478023777
0.3933303076606079
0.3920631273773802

0.01443069345871307
 0.4008682794608578

 0.4467179978317912  -1.197376189723601   3.732532759314485   1.039861728880634 -0.3952644325014684  -3.626219461966838
  1.471131029887572  -2.091604933592439   1.939249526320801  0.6922742966713524 -0.8902930057815586 -0.1197489428142273

 5.325576127333889e-08 -1.230782482004592e-07  2.846366735194272e-07  -1.63769009044218e-06   -0.02774147463912289    -0.1418798958171952
 4.481645678286942e-08  8.905634731249059e-08  1.749554661614657e-07  4.013540325369957e-07   -0.01114632967888668     0.1499163868820688

cov:
0.06133457231552653 0.06567833055866101 0.06675329811634935 0.07033534157345649 0.07214164565268996 0.07455006061971546
0.06567833055866101 0.07274062305268036 0.07448826663613334 0.08030553843848777 0.08324673159139258 0.08716048842999718
0.06675329811634935 0.07448826663613334 0.07640244157587855 0.08277300363029136 0.08599511333757349 0.09028147773570093
0.07033534157345649 0.08030553843848777 0.08277300363029136 0.09098244738798565  0.0951379796166093  0.1006626773218187
0.07214164565268996 0.08324673159139258 0.08599511333757349  0.0951379796166093 0.09976782478223409  0.1059211833555599
0.07455006061971546 0.08716048842999718 0.09028147773570093  0.1006626773218187  0.1059211833555599  0.1129088498748508

cov.inverse():
 851353.6154732782 -2581316.623148596  1413272.278007498  84537.16659096589  113695.6574710905  118463.0631982458
-2581316.623418766  29186873.06640721 -30603717.87452767  2001504.258933406  2206876.887932499 -210680.7077608594
 1413272.278362466   -30603717.875686  36217409.10181823 -4855484.126937793  -3743282.24421246  1572712.567462913
 84537.16656575231  2001504.259516922 -4855484.127493843  5285696.579279286 -1392500.499615753 -1124545.384823112
 113695.6573614015  2206876.889176668 -3743282.245556865  -1392500.49940441     5810104.651565 -2994625.886717302
 118463.0632483468 -210680.7087004254  1572712.568560035 -1124545.385032189 -2994625.886715844  2638764.431390858

cov*(cov_.inverse()):
     1.000000000027285   3.80168785341084e-10 -2.037268131971359e-10  7.275957614183426e-11                      0  -2.91038304567337e-11
 1.818989403545856e-11      1.000000000549335 -5.820766091346741e-11  1.455191522836685e-11                      0  -2.91038304567337e-11
 1.455191522836685e-11  6.330083124339581e-10     0.9999999999126885  4.365574568510056e-11                      0  -2.91038304567337e-11
 5.093170329928398e-11  1.455191522836685e-10 -3.492459654808044e-10      1.000000000087311 -5.820766091346741e-11                      0
 2.182787284255028e-11  7.166818249970675e-10 -1.746229827404022e-10  7.275957614183426e-11                      1                      0
 2.182787284255028e-11  5.420588422566652e-10 -8.731149137020111e-11  -2.91038304567337e-11                      0                      1
