5
2

0.0004463059403194344
0.0006742529305071739
0.0008628599113776377
  0.09565622809020269
   0.5807042148613186

  0.2243329064515587  -0.8316659398736995   0.2955685429445851   0.4029156363377536  -0.0911303349777149
  0.1472820187157641  -0.1870790057115102   0.5064649229091355  -0.7708783725481433   0.3042191137735631
  0.4940797811051649   -0.210764714020429  -0.6752928549675324  -0.1028349420198491   0.4948413280603515
 -0.7316523031819767  -0.2080122771548529 -0.02826239550687393   0.1418699215123273    0.632842762597204
  0.3854255196501487   0.4308623190216667   0.4464451985566322    0.461197815261445   0.5037738487987286

0.4002075402534234
 0.399770730341972
 0.399542476701795
0.3993543736976823
0.3987741389891408

0.00353560702342629
 0.4008534322929405

 0.5439675401214031   1.848172347511726  0.5093346498244371  0.7114446187506823  -3.613091148093313
  1.359484552510938 -0.2215181811730789 0.04213141848004673  0.1111810787444707 -0.2912756301216398

  -1.2918890210779e-07 -7.525212384512183e-07 -1.731609802588853e-06   -0.02728947056962475   -0.08724060785690155
 1.141352149595093e-07  4.031926147538893e-08   3.97847415958706e-07   -0.01023294450843074     0.1186617388069194

cov:
0.05499299303999249 0.05739257040936135 0.05821446536812909 0.05899303990433255 0.06124009297552302
0.05739257040936135 0.06299792780045896 0.06491973356616779 0.06673938621384287 0.07199085000996609
0.05821446536812909 0.06491973356616779 0.06721969732312989 0.06939611770844425 0.07567885083958237
0.05899303990433255 0.06673938621384287 0.06939611770844425 0.07191176812026251 0.07917024221266496
0.06124009297552302 0.07199085000996609 0.07567885083958237 0.07917024221266496 0.08924651117953467

cov.inverse():
 628303.5734446489 -1137105.810739625  48825.73211993185  135781.5507934633  324258.1773424232
-1137105.810737231  3609076.352742929 -1251323.868314164  -1335945.92274174  115207.9304890995
 48825.73210222218 -1251323.868276232  1615305.577548275 -167652.3713958696 -245136.9155175761
 135781.5508132089 -1335945.922786163 -167652.3713801234  2136368.291991302 -768528.0653188766
 324258.1773379934  115207.9304979836 -245136.9155130983 -768528.0653278091  574204.1307121089

cov*(cov_.inverse()):
     1.000000000007276  8.185452315956354e-12  3.637978807091713e-12 -1.455191522836685e-11  7.275957614183426e-12
 7.275957614183426e-12      1.000000000014552  3.637978807091713e-12 -1.455191522836685e-11 -7.275957614183426e-12
-1.091393642127514e-11   4.18367562815547e-11      0.999999999996362  7.275957614183426e-12 -1.455191522836685e-11
 1.091393642127514e-11 -1.091393642127514e-11  7.275957614183426e-12      0.999999999992724                      0
-3.637978807091713e-12    1.2732925824821e-11 -3.637978807091713e-12                      0                      1
