6
2

0.0001256425649496365
0.0002428491296444314
0.0004631288623573729
0.0006857189989190038
  0.09950066990176318
   0.6475423622497001

-0.03089018607114942   0.2256661141192717  -0.7501025219294771   0.6191339365548596 -0.03919917323373728 -0.02456422931235518
  0.3486356798756522  -0.7977779773974352   0.1332153414182936   0.4617030341675279 -0.08807432285064234 -0.05770923845457131
 -0.1293859613521919   0.1116813084826568   0.1846098849740491    0.144879761840791  -0.8143456924780608   0.5025501929776005
   0.618906149723345  -0.1015454719135122  -0.4519532819819403  -0.4645721644208455 -0.03153273144733573   0.4307671259126452
 -0.5905092467151305  -0.3845013459119792  -0.1550759775649889 -0.03083005196568271   0.3635892139510802   0.5884397820612552
   0.359182738318052   0.3768283709851288   0.3964955760960385   0.4071063047861844   0.4408582560875166   0.4600954814971802

0.3984163824218989
0.3981734620693331
0.3978651577205027
0.3977672276636617
0.3971951929692608
0.3968727799687987

0.003920641214253424
  0.3991357727316998

 0.1798126568271299   1.811048734350126 0.03637825294104327   1.333714384120277 -0.2561370951578735  -3.105135622585267
  1.499328985650008 -0.1609064968576897 -0.3115154950865088  0.2666447793168812 -0.0285830551398725 -0.2646604786056893

 2.033107896875498e-08 -3.301137995173967e-08 -2.086892861374232e-07 -9.583728520358339e-07   -0.02742015709393555   -0.09944026929985704
 5.110787243135785e-09  4.426067813306704e-08 -7.304796571391775e-08  3.987819110522735e-07  -0.009400812074483844     0.1377718132943802

cov:
0.05754873160208692 0.05900171079046044 0.06062240849668205 0.06149411160658926 0.06427173077404617 0.06585459802856783
0.05900171079046044 0.06100575015874966 0.06323994744656444 0.06444355166916078 0.06827518071173135 0.07045888946490025
0.06062240849668205 0.06323994744656444 0.06615757543034716 0.06773089339642044 0.07273664106151846 0.07558966425639778
0.06149411160658926 0.06444355166916078 0.06773089339642044 0.06950428966420992 0.07514535526808923  0.0783605402984025
0.06427173077404617 0.06827518071173135 0.07273664106151846 0.07514535526808923 0.08280457640877949 0.08716985905326168
0.06585459802856783 0.07045888946490025 0.07558966425639778  0.0783605402984025 0.08716985905326168 0.09219133041529096

cov.inverse():
 3014119.888736467 -5358663.435863523  1549078.522817341  818962.8553877685  5765.084500642132 -29280.60421514997
-5358663.436042443  14097784.60857609  -12331229.7252081  2780897.239889743  213815.2483111154  598115.2281142769
 1549078.523812641 -12331229.72705819    36536669.737035 -27805117.98409401  993071.4707158782   1055352.79791918
 818962.8545034581  2780897.241580582 -27805117.98459074  28454022.60846992  -2745820.73113765 -1501352.094573935
 5765.084418980437  213815.2488342711  993071.4692970315 -2745820.730100527  3322814.088473792 -1789712.983675109
-29280.60406563296  598115.2275715881  1055352.798979946 -1501352.095301277 -1789712.983615423  1666846.038107504

cov*(cov_.inverse()):
     1.000000000003411  -2.91038304567337e-11 -7.275957614183426e-11   2.91038304567337e-10  1.455191522836685e-11  -2.91038304567337e-11
-1.546140993013978e-11      1.000000000087311  3.055902197957039e-10 -7.275957614183426e-11  4.365574568510056e-11                      0
-9.094947017729282e-13  6.548361852765083e-11      1.000000000407454   2.91038304567337e-11   2.91038304567337e-11 -1.455191522836685e-11
-8.185452315956354e-12 -7.275957614183426e-12  2.037268131971359e-10     0.9999999998981366   2.91038304567337e-11  -2.91038304567337e-11
-3.956301952712238e-11  1.746229827404022e-10 -3.055902197957039e-10  2.619344741106033e-10      1.000000000058208 -5.820766091346741e-11
 6.821210263296962e-12                      0  4.365574568510056e-11                      0                      0                      1
