6
2

0.0001521191417043167
 0.000265371439519308
0.0003799499182288301
0.0006574587631021668
   0.1182976341675913
   0.6235055065380304

 -0.1471094833099858   0.5566948675434217  -0.7294783624249013   0.3671067827900582 -0.03825495584316994 -0.00895050322248343
  0.4108674062661124  -0.6053866722852623  -0.2241135546915749   0.6182416529824553   -0.178305685934342 -0.02126986064940232
 -0.1861960291463925    0.135821013683378   0.2428453610014173   0.1301556382488057  -0.8012206961271023   0.4785548323252771
  0.5515201662151621 -0.02785668517257181  -0.4078752417779362  -0.5413731961180505 -0.05651695021250387   0.4820873316707159
 -0.5880051040518977  -0.4085193504950686  -0.1984917619936725  0.04002633858812848   0.3526597666521089   0.5674433359418015
   0.353487364675824   0.3707915844170298   0.3910234923412144   0.4139834937811602   0.4441012949070063    0.464814607253251

 0.396426616263309
0.3963308777789573
0.3961837518957517
0.3959942700008241
0.3957819969903499
 0.395589443307494

0.002097363876320176
  0.3968975316014116

  0.3974772084323545    1.136463780631339    2.559444830956406   -2.201114526106228   0.3731961443371476   -2.265568632232248
   1.489709429834242  -0.1259369908875516 -0.03702070451733955  -0.2040199507383438  0.05223175772346703  -0.1746931644730681

-4.847673921890962e-08 -1.744684808101403e-07 -1.397138422732082e-07 -3.363115422535473e-07   -0.03425935054778959   -0.09169278424975928
-7.811788653039188e-09  3.977993165994548e-08 -6.575353582338657e-08  3.732472030870816e-07   -0.01267935790376131     0.1255522772626111

cov:
0.05341542972896875 0.05431628070012798 0.05536823855396121 0.05656072389192361 0.05812709586739214 0.05920624979647689
0.05431628070012798 0.05578461366179203 0.05750027068410019  0.0594463033857142  0.0620004360086953 0.06375833552118819
0.05536823855396121 0.05750027068410019 0.05999248323675567 0.06282016560567678 0.06652997232150494 0.06908201458051624
0.05656072389192361  0.0594463033857142 0.06282016560567678 0.06664902403304933 0.07167112861715505 0.07512494050069389
0.05812709586739214  0.0620004360086953 0.06652997232150494 0.07167112861715505 0.07841394599110188 0.08304991147613057
0.05920624979647689 0.06375833552118819 0.06908201458051624 0.07512494050069389 0.08304991147613057 0.08849862045742724

cov.inverse():
 4276243.744301608 -7281828.354108281  2496328.620383473  414611.4808366318  164176.2133422561 -69345.63318042237
-7281828.354058861  18726488.95663996 -15368010.46396807  3674245.390983823 -137687.1047288748  386678.8060562012
 2496328.620342644  -15368010.4642066  24502871.50546311 -12810488.76572523  478918.4203298897  699964.1188986227
 414611.4807014729  3674245.391918053 -12810488.76697621  12046936.38008949 -2823844.977572991 -501050.6686671558
 164176.2135952289 -137687.1059065562  478918.4220983598 -2823844.978516218   4968945.20344255 -2650385.720192909
-69345.63330681309  386678.8065875833    699964.11810179 -501050.6681758667 -2650385.720292346  2133970.749964877

cov*(cov_.inverse()):
     1.000000000020918 -7.275957614183426e-12  5.820766091346741e-11 -9.094947017729282e-11  -2.91038304567337e-11                      0
-2.728484105318785e-12      1.000000000134605 -8.003553375601768e-11 -7.275957614183426e-11  5.820766091346741e-11   2.91038304567337e-11
 2.273736754432321e-11 -1.527951098978519e-10      1.000000000043656  5.093170329928398e-11  -2.91038304567337e-11                      0
-2.728484105318785e-12  7.275957614183426e-11 -5.820766091346741e-11     0.9999999999636202 -5.820766091346741e-11                      0
-2.637534635141492e-11 -3.637978807091713e-11  1.091393642127514e-10 -1.164153218269348e-10     0.9999999999708962  5.820766091346741e-11
-1.000444171950221e-11 -7.275957614183426e-12  1.455191522836685e-11 -3.637978807091713e-11                      0                      1
