6
2

0.0001205171823208314
0.0002655813598165755
0.0004524340725174951
0.0008167429670060605
    0.103391500756019
   0.6805703084364737

-0.01977832746773903   0.1702542133646184  -0.7260841268742882    0.662718186198453 -0.05831379030202078 -0.02877966014081806
  0.2992738134125997  -0.7586603049351219   0.2564616463672734   0.4631840941919541  -0.2318457349251619 -0.02837605237530163
 -0.3001805536569926   0.3570641409618147   0.3420795174574675   0.2131553643234269  -0.7711206890003548   0.1591103762713599
   0.615799187808921 0.007085754658660249  -0.3367219173727799  -0.3662606668559309  -0.3900344861288801   0.4701975396362871
 -0.5616338771178776  -0.3573287158235986  -0.1400682700386587 -0.03571019428977284   0.1298323401462046   0.7205087106522187
  0.3539694703525352   0.3744585754330094   0.3962449980366088   0.4067035740777232   0.4233634409530208    0.482526569808149

0.3989124251002835
 0.397790199458169
0.3965604138820651
0.3960349288727221
0.3950564698246968
0.3916472319796747

0.01553672446257845
 0.4011146257972505

-0.2677340723846359   1.711190892090595  -2.637226519826619   3.667844685972434   1.173223777524298  -3.647127676250681
  1.368280013394668  0.4608107918888513  -2.567022496421812   2.052645806010819 0.05911911500370318 -0.3726471405330468

 6.795637971173125e-08 -3.698170668626521e-08 -1.870803853881928e-07 -1.854844802480246e-06   -0.02884260148316579    -0.1252417611391519
 4.768168651710243e-08   2.46281208141641e-08 -1.620512065813921e-07   5.07068531685079e-07  -0.009703082945919162     0.1481001337831495

cov:
 0.0614055356045568 0.06353781633937759 0.06580520630804433 0.06689335076868995 0.06863089773974523 0.07478472539821535
0.06353781633937759 0.06631115373959093 0.06925985040690434 0.07067514658417226  0.0729322656913506 0.08093734222390328
0.06580520630804433 0.06925985040690434 0.07293313709239387  0.0746963427253491 0.07750601153365248 0.08747974298152184
0.06689335076868995 0.07067514658417226  0.0746963427253491 0.07662666484317708 0.07970171231510381 0.09062094072949486
0.06863089773974523  0.0729322656913506 0.07750601153365248 0.07970171231510381  0.0831985020010557 0.09561931930780736
0.07478472539821535 0.08093734222390328 0.08747974298152184 0.09062094072949486 0.09561931930780736  0.1133917106966386

cov.inverse():
 2305457.173996778 -3967902.163856342  1264417.718987232  412154.5646673901 -133556.2535125017  119481.9284835086
-3967902.164238024  10778823.19465266 -10676495.96145146  3154256.866269344  460931.6577222224  250376.3165487994
 1264417.721233573 -10676495.96726474  37971577.26710149  -30904482.6375775  980366.2902941366  1364081.967981612
 412154.5624615747  3154256.873065792 -30904482.64393298   33703204.8858098 -4772073.565301544  -1591981.81547502
-133556.2532648459  460931.6566623381  980366.2926986119 -4772073.566947103   4129181.79401023 -665485.7126261672
 119481.9285769563   250376.316244058  1364081.968365286 -1591981.815594106  -665485.712679457  523595.8028545893

cov*(cov_.inverse()):
     0.999999999998181 -1.491571310907602e-10  7.566995918750763e-10 -6.402842700481415e-10   2.91038304567337e-11  7.275957614183426e-12
-5.456968210637569e-11     0.9999999998071871   1.01863406598568e-10 -2.764863893389702e-10  7.275957614183426e-12 -7.275957614183426e-12
 3.819877747446299e-11 -1.782609615474939e-10                      1  -2.91038304567337e-10  1.455191522836685e-11 -7.275957614183426e-12
 -7.09405867382884e-11  3.637978807091713e-12 -3.055902197957039e-10      1.000000000261934 -6.548361852765083e-11 -1.455191522836685e-11
-2.182787284255028e-11 -1.891748979687691e-10   2.91038304567337e-10 -5.820766091346741e-10      1.000000000021828                      0
 -2.91038304567337e-11 -7.275957614183426e-11  5.820766091346741e-11 -1.164153218269348e-10 -4.365574568510056e-11      1.000000000007276
