5
2

0.0001319905232883572
0.0003601502445582025
0.0006002168083878225
  0.05748618918976595
   0.5605358048542967

-0.1934759323469441  0.7359025028245727 -0.6441762135038192  0.0299524267339149 0.07179434537372537
-0.5442782011563219  0.4345015840156696   0.620140548980326 -0.2644210105421517 -0.2459203975439201
 0.1908407144429957 0.04209168552655106 0.01546413160226218 -0.8063505264338486  0.5580034057907391
-0.6756467940151221 -0.2809492914808981 -0.0358304050845485   0.260030788810686  0.6290223178039377
 0.4164247048344914  0.4346857088176684  0.4460266227160965  0.4597468854782647  0.4767933020447077

0.3818683058522148
0.3799387604109027
0.3786713805592501
0.3771507616262209
0.3752281727720616

0.02596004451527967
 0.3871944185029585

  0.2679329874980748    6.782710100867713   -1.791480540002309   -0.886100583755145   -4.372881329595586
   2.234435678344783  -0.2853054044132596  -0.4918834265026973 -0.06121343748019334  -0.3960324090606492

 1.002278809214646e-07  3.891223649202149e-07 -5.103628059594434e-07   -0.01653484158999735   -0.07272779551184179
-6.196361119423787e-09 -1.986582978582898e-07  8.472521259445859e-08  -0.005541717067313527     0.1162838812881044

cov:
0.05599396892459649 0.05750189654257639 0.05843844296216626 0.05957302263356739 0.06097960336427101
0.05750189654257639 0.05962956650109814 0.06095090417678865  0.0625500522091814 0.06453565970182339
0.05843844296216626 0.06095090417678865 0.06251124595041697 0.06439891197847419 0.06674414372604208
0.05957302263356739  0.0625500522091814 0.06439891197847419 0.06663534734015364 0.06941442996728042
0.06097960336427101 0.06453565970182339 0.06674414372604208 0.06941442996728042 0.07273542914486443

cov.inverse():
 4533782.393006809 -9973517.036770826  4559935.756414399  349716.6300262371  530069.8967779602
-9973517.036785394   32545752.4558101 -25131502.85449729  285221.3913618728  2274017.876058031
 4559935.756478631 -25131502.85456192  26784602.63632154  -2406342.08133467  -3806473.20234044
 349716.6299464368  285221.3914267933 -2406342.081266936  2395371.877154042 -624134.1291409326
 530069.8968080984  2274017.876043167 -3806473.202408571 -624134.1290880794  1626525.268753839

cov*(cov_.inverse()):
     1.000000000021828 -1.746229827404022e-10  1.746229827404022e-10                      0 -1.455191522836685e-11
-5.820766091346741e-11     0.9999999997962732 -8.731149137020111e-11                      0  1.455191522836685e-11
 1.455191522836685e-11 -3.201421350240707e-10      1.000000000087311  1.455191522836685e-11  1.455191522836685e-11
-8.731149137020111e-11 -1.455191522836685e-10  5.820766091346741e-11     0.9999999999854481  -2.91038304567337e-11
 -2.91038304567337e-11 -8.731149137020111e-11                      0 -1.455191522836685e-11                      1
