5
2

0.0001109483251698891
0.0004117465296779713
0.0004572399593567009
  0.06676563930022945
   0.6567892857578851

 0.6008617955732665 -0.7903041791421764 0.07282319036309316 0.09209186119183037 0.02450059383864497
0.08713342234138557 0.01752961648261124  0.4354702574437573 -0.8430269474987832  0.3029384424760289
-0.4291030880144396 -0.2387483413527989  0.7714789859381133  0.2294513702299089 -0.3332296690171467
-0.5307252687656068 -0.3776458847777805 -0.1339066741032316   0.132258053604511  0.7350449541976589
 0.4069079727428478   0.418921033356023  0.4381228306236959  0.4590038462251406  0.5062557890701455

0.3970216769946798
0.3965535603186927
 0.395661147884967
  0.39472418784685
0.3925700423373086

0.01411139815477861
 0.4011582437166142

   -3.89330486429885    7.297640099581148   0.5708922645026526   0.4579446199964804   -4.432333639891041
   2.633934731917864    -1.03344323700417 -0.01814393410175347    0.373682739397485  -0.9550802129411019

-1.000954580370837e-07 -2.867670098172192e-07  4.078552269792106e-07   -0.01766786414784975    -0.1340088456887956
 2.965436232920618e-08 -6.796130474618674e-08 -1.031734169031483e-07  -0.007389870320758544     0.1375626810899599

cov:
0.07267968498769901 0.07442614104822709 0.07721989564747961 0.08025545532071895 0.08712353190204808
0.07442614104822709 0.07633933966375163 0.07939894178703165 0.08272432615433646 0.09024855862272381
0.07721989564747961 0.07939894178703165  0.0828826705537237  0.0866699991377157 0.09524051731960471
0.08025545532071895 0.08272432615433646  0.0866699991377157 0.09096154807374998  0.1006726911523115
0.08712353190204808 0.09024855862272381 0.09524051731960471  0.1006726911523115  0.1129669641117128

cov.inverse():
 30255264.30996247 -38077829.18713518  2195102.429648113  3591023.830131334  2035488.801304079
-38077829.18706504  51014088.55251633 -5511401.735708625 -6261742.200346324 -1161205.006544702
 2195102.429593233 -5511401.735570825  4396199.814106165 -773903.7835370036 -306588.5867909956
  3591023.83008096 -6261742.200397655 -773903.7833979058  5132813.933314514 -1688782.803297083
 2035488.801339207 -1161205.006561042 -306588.5868471919 -1688782.803259671  1121328.441243483

cov*(cov_.inverse()):
     1.000000000261934  7.275957614183426e-11  3.637978807091713e-12 -8.731149137020111e-11  1.455191522836685e-11
 -2.91038304567337e-11      1.000000000101863   2.91038304567337e-11 -8.731149137020111e-11 -1.455191522836685e-11
 5.238689482212067e-10  3.783497959375381e-10       1.00000000001819 -8.731149137020111e-11 -1.455191522836685e-11
 -2.91038304567337e-10  4.365574568510056e-10  7.639755494892597e-11      0.999999999825377                      0
 4.074536263942719e-10  -2.91038304567337e-11  1.455191522836685e-11  -2.91038304567337e-11      1.000000000014552
