5
2

 0.000130502758172177
0.0002832484520612706
0.0006471841671710563
  0.07461225820232326
    0.546696491068602

-0.03418914250518765   0.2647838207385744  -0.7532368708576239   0.5965641625180713  -0.0739327206963859
 -0.3214288260461973   0.7618491541376947  -0.1381311450986984  -0.5057588677531949   0.2034628481295062
  0.5873945140318403  -0.2250308891518834  -0.4621117910133891  -0.3893168229186089   0.4890949680908293
 -0.6144924608807376  -0.3372205167956703 -0.02545428366083147   0.1681588335904768   0.6926442266427992
  0.4157899863240543   0.4302543626674052   0.4464961088117669   0.4565897346263597   0.4839079558429365

0.3832614124011955
0.3814764106319859
0.3795408721833115
0.3782659886756005
0.3747965340942331

0.02610573014684529
 0.3868424977961806

 0.8866747509700579  -1.257098642788413   7.748330822276745  -2.816658418517674   -4.56133472346713
    1.5841465179689 -0.5972976725424131  0.7083336891875176 -0.2745914238493127 -0.4205685417356777

-1.284575904612206e-07 -1.457388567631095e-07 -1.638210181678923e-06   -0.02199624192892591   -0.06154644031532557
-1.496300223274938e-08 -8.093386567456857e-08  2.675618434760088e-07  -0.006276972436664756     0.1162806511591561

cov:
0.05377251070643736 0.05462125995163786 0.05557307598161874 0.05616511248341494 0.05776595057325804
0.05462125995163786 0.05596090045830508 0.05746416093742309 0.05839863841995035  0.0609269142714832
0.05557307598161874 0.05746416093742309 0.05958747088979226 0.06090697639837515 0.06447803231195395
0.05616511248341494 0.05839863841995035 0.06090697639837515  0.0624656603472021 0.06668443148312238
0.05776595057325804  0.0609269142714832 0.06447803231195395 0.06668443148312238 0.07265801612703707

cov.inverse():
 2180227.196975512 -3899332.689462379  1417436.938871409  282668.3485866786   19107.1707352081
-3899332.689523159  11471973.70797254 -12774116.36203246  4681444.532160318  519792.9037342113
 1417436.939008372 -12774116.36201503  34061434.07702127 -25084235.26265476  2379938.652467314
 282668.3485185349   4681444.53198498 -25084235.26227932  24446687.62666648 -4326926.697726712
 19107.17072719554  519792.9038313199  2379938.652246256 -4326926.697594752  1408141.447584856

cov*(cov_.inverse()):
    0.9999999999920419  5.820766091346741e-11  -2.91038304567337e-10  1.164153218269348e-10 -1.455191522836685e-11
 9.777068044058979e-12      1.000000000087311 -2.037268131971359e-10 -1.164153218269348e-10                      0
-3.637978807091713e-12  4.365574568510056e-11     0.9999999998544808                      0 -1.455191522836685e-11
 2.955857780762017e-12  5.093170329928398e-11  5.820766091346741e-11      0.999999999650754   2.91038304567337e-11
 3.865352482534945e-12 -2.182787284255028e-11  -2.91038304567337e-10  5.820766091346741e-11     0.9999999999708962
