5
2

  0.00014742568095697
0.0002790921610361182
0.0007136994078982652
  0.09963448216033598
   0.5624645607456012

 -0.1529957974985715   0.5862393716113616  -0.7290406489154778   0.3177035634237368 -0.02190577862690041
 -0.4775984923954322   0.5893424004173146   0.3308417557361635  -0.5508228896570689     0.10822703924259
  0.5005630702179829  -0.0175532919249212  -0.3911959113494151  -0.5898947006863121   0.4981149422796428
 -0.5794542116703255  -0.3639733607408626  -0.1125572898290813    0.182344173329886   0.6970205651252307
  0.4026926809874432    0.419778761798015   0.4397045375478224    0.463069578543595   0.5038361647497965

0.4001210711146987
0.4002472005155553
0.4003532788615269
 0.400463948261764
0.4006775529068496

-0.0008554595256502948
    0.4002004434527573

 0.2302823313584684   1.680502464350986   4.188960584213473  -4.926709852941717  -1.173341768521025
  1.479731005746853 -0.2234764055009031  0.2421436515782983 -0.3715808848806307 -0.1269268296432292

-7.918921848054705e-08   3.78015815315821e-07  3.916262880423657e-07   -0.02911393834423236   -0.07355652593613804
-1.411010177777141e-08 -4.419397427875409e-08  4.104810549876489e-07  -0.009525761196136122     0.1178527187903258

cov:
0.05463573077253821 0.05557279458784246 0.05666501534121877 0.05794531375443646 0.06017861462217739
0.05557279458784246 0.05706338567008491 0.05880117074728897 0.06083858323689394 0.06439294498405249
0.05666501534121877 0.05880117074728897 0.06129216672728877  0.0642129139355682 0.06930858831489514
0.05794531375443646 0.06083858323689394  0.0642129139355682 0.06816980073807623  0.0750733680060013
0.06017861462217739 0.06439294498405249 0.06930858831489514  0.0750733680060013 0.08513293721572265

cov.inverse():
 4497339.876269924 -7757539.238933689  2718992.025578678  561238.7138457175 -19927.24915016696
-7757539.238733316  20272260.15836345 -17147718.87017203  4422145.295216902  210802.9907069449
 2718992.025345172 -17147718.86985084  26160076.15050832 -12543352.94275942  811915.4594441352
 561238.7137999502  4422145.295208652 -12543352.94267645  9222408.568552865 -1662396.703080179
-19927.24907126191  210802.9905943739  811915.4594488486 -1662396.703051225  659615.1364884441

cov*(cov_.inverse()):
     1.000000000019099 -1.491571310907602e-10 -2.619344741106033e-10                      0 -7.275957614183426e-12
-3.933564585167915e-11      1.000000000096406 -2.473825588822365e-10  5.820766091346741e-11  2.182787284255028e-11
-9.094947017729282e-13 -3.092281986027956e-11     0.9999999997744453  1.164153218269348e-10                      0
 6.139089236967266e-12 -2.164597390219569e-10 -4.365574568510056e-11     0.9999999999417923  7.275957614183426e-12
-5.229594535194337e-12   8.36735125631094e-11                      0 -1.164153218269348e-10      0.999999999992724
