5
2

0.0001672530420670962
0.0003652218068411595
0.0007058328664765778
  0.06906523713465418
   0.5702072886912448

-0.1976742461947854  0.7419695908372623 -0.6368955983827078  0.0307720213678506  0.0618312067307291
-0.6197442812148918  0.3914577903762357  0.6206425857267741 -0.2120952440850321 -0.1802670587602916
 0.2753682290712309  0.1076295350204196 0.04039090280728749  -0.852524618542038  0.4291370076789309
-0.5734554723994171 -0.3161930124450521  -0.112364127695473  0.1391508221222544   0.734290236599957
 0.4149253883363805  0.4297438617348158  0.4414857362596937  0.4559687638642589  0.4902448025981385

0.4000545802722438
 0.400090226425098
0.4000272647588736
0.3999547726387983
  0.39978946363749

0.001213380398053142
  0.4004247299164237

   0.3670193514528541     6.375399810157948    -3.560930217376987  -0.02282426515707332    -3.158837878532472
    2.047040098360303    0.8651980842633586    -1.694556068179534 -0.002354933161864581   -0.2154464114101904

 1.882545344930329e-07  8.436087776828783e-08 -3.451023610845043e-07   -0.01979021106889663   -0.07771939758934686
  3.64541928238825e-08  -2.59081398265115e-07  2.480625833673819e-07  -0.006752309825083327     0.1191185408919859

cov:
0.05754518762677432 0.05884048417853541 0.05986697773960189 0.06113279630698603 0.06412912172085725
0.05884048417853541 0.06052304961945544 0.06185624344409357 0.06350046643301782 0.06739215424239024
0.05986697773960189 0.06185624344409357 0.06343250251940373 0.06537653544600625 0.06997766942495956
0.06113279630698603 0.06350046643301782 0.06537653544600625 0.06769102007826659 0.07316699086594079
0.06412912172085725 0.06739215424239024 0.06997766942495956 0.07316699086594079 0.08071525877376992

cov.inverse():
 4428594.312605858 -7002368.156942536  1639300.129086002  296761.5114918592   637738.918627394
-7002368.156483122  20852063.07348797 -15062814.75917117  9562.849567573723  1203629.366943198
  1639300.12846091 -15062814.75836708  17391777.85994839  -1756597.85107311 -2211755.838214287
 296761.5115702229  9562.849433129593 -1756597.851027335  1829950.597171964 -379666.3912588987
 637738.9187147174  1203629.366732944 -2211755.838081051 -379666.3912692053  750053.3915132747

cov*(cov_.inverse()):
    0.9999999999781721  8.731149137020111e-11  -2.91038304567337e-11 -2.546585164964199e-11  7.275957614183426e-12
  2.91038304567337e-11      0.999999999825377   2.91038304567337e-11 -1.455191522836685e-11 -1.455191522836685e-11
 -2.91038304567337e-11   1.01863406598568e-10     0.9999999997962732  1.091393642127514e-11  3.637978807091713e-11
 -2.91038304567337e-11 -7.275957614183426e-11  5.820766091346741e-11     0.9999999999636202 -2.182787284255028e-11
 5.093170329928398e-11 -4.365574568510056e-11  5.820766091346741e-11  7.275957614183426e-12      1.000000000007276
