10
1

0.04643043897071753
0.05917177085132658
 0.6444338009076415
   1.11742492039539
  1.205003855272884
  1.559182447118636
  1.737794882816519
   2.80035519913022
  3.528269576709814
   9.01214879273294

  -0.05663968066748384    0.01365224815671654     0.6048003648621182    -0.1487016632373289    -0.7340891364683868     0.1850084786842732     0.1818027956218582     -0.050379089689601 -0.0005337473108993977  -0.002074893061022683
    0.5767804683356205     -0.143198307835689    -0.5514437007759267     0.1343901119013924    -0.4042927324453776    0.09619462721498233     0.3768936111498985   -0.09954416378864861   0.001415542913220974  -0.001349233970959879
   -0.5416553742565996    0.07323755420601448    -0.1611859412951551    0.03069914288170187    0.07896944870923187   0.009080527592087509     0.6412892486156507    -0.2016995668186607    -0.4382301542180031     0.1549950245214386
    0.5870706424541794    0.04585110403780879     0.4229045352315524   -0.08728124823571795     0.3331525173968756    -0.1103417491602805     0.1334179393868504   -0.08849036868959259    -0.5585809908430198     0.0772655041147219
   0.05972028356478676    0.01000388652233876     0.1008923393396709      0.131022559799328    -0.0200186451286139    -0.3591713834504214    0.09895690125418286    0.05136659496034846     0.3121703131210749     0.8542254421704815
  0.009297586309505905    0.01469837892611933    -0.2204169599293675    -0.8079225048322378   -0.04096235239478306   0.003876521612344349    0.04782248124735845     0.5106852741254584    -0.1034012759614793     0.1513403382499981
  -0.01935144505790203    0.01403446051012897    0.09950810766506379     0.2795233912032332   -0.09139604222859808    -0.5993011353940767     0.2843161980713405     0.5674772516264983   0.002416863519297499    -0.3755080631934093
   0.04571399302330483     0.0587434454974634     0.1132687681624172     0.3498389304430779     0.1952934313136812     0.6736353482110894     0.1787786715276286     0.5584873148149559    0.04196492203460898     0.1472660578709215
   -0.1338756907489712     -0.390232554282959    -0.1270435130955552     0.2571853060536552    -0.2936548438988714    -0.0377024641109141    -0.4703889051730951     0.2004666532611921     -0.589827958672654     0.2247381854019702
   0.04509821160632873     0.9031037995071028    -0.1663207083705129     0.1212274283416776    -0.2136098402989418   -0.02955807448329074    -0.2229439580496736    0.03842237490146438    -0.1952774307179423    0.06476577258952509

22.68536470921553
91.03071967271271
32.81404585737086
131.4595312609495
39.00190823128359
156.1185823324995
54.91486000325316
219.8049932108999
65.64230840493846
262.8280764928615

4.003254195054579

0
0
0
0
0
0
0
0
0
0

0

0
0
0
0
0
0
0
0
0
0

0

0
0
0
0
0
0
0
0
0
0

0

0
0
0
0
0
0
0
0
0
0

0

0
0
0
0
0
0
0
0
0
0

0

0
0
0
0
0
0
0
0
0
0

0

0
0
0
0
0
0
0
0
0
0

0

0
0
0
0
0
0
0
0
0
0

0

0
0
0
0
0
0
0
0
0
0

0

0
0
0
0
0
0
0
0
0
0

0

0
0
0
0
0
0
0
0
0
0

0

0
0
0
0
0
0
0
0
0
0

0

0
0
0
0
0
0
0
0
0
0

0

0
0
0
0
0
0
0
0
0
0

0

0
0
0
0
0
0
0
0
0
0

0

0
0
0
0
0
0
0
0
0
0

0

0
0
0
0
0
0
0
0
0
0

0

0
0
0
0
0
0
0
0
0
0

0

0
0
0
0
0
0
0
0
0
0

0

0
0
0
0
0
0
0
0
0
0

0

0
0
0
0
0
0
0
0
0
0

0

0
0
0
0
0
0
0
0
0
0

0

0
0
0
0
0
0
0
0
0
0

0

0
0
0
0
0
0
0
0
0
0

0

0
0
0
0
0
0
0
0
0
0

0

0
0
0
0
0
0
0
0
0
0

0

0
0
0
0
0
0
0
0
0
0

0

0
0
0
0
0
0
0
0
0
0

0

0
0
0
0
0
0
0
0
0
0

0

0
0
0
0
0
0
0
0
0
0

0

0
0
0
0
0
0
0
0
0
0

0

0
0
0
0
0
0
0
0
0
0

0

0
0
0
0
0
0
0
0
0
0

0

0
0
0
0
0
0
0
0
0
0

0

0
0
0
0
0
0
0
0
0
0

0

0
0
0
0
0
0
0
0
0
0

0

0
0
0
0
0
0
0
0
0
0

0

0
0
0
0
0
0
0
0
0
0

0

0
0
0
0
0
0
0
0
0
0

0

0
0
0
0
0
0
0
0
0
0

0

0
0
0
0
0
0
0
0
0
0

0

0
0
0
0
0
0
0
0
0
0

0

0
0
0
0
0
0
0
0
0
0

0

0
0
0
0
0
0
0
0
0
0

0

0
0
0
0
0
0
0
0
0
0

0

0
0
0
0
0
0
0
0
0
0

0

0
0
0
0
0
0
0
0
0
0

0

0
0
0
0
0
0
0
0
0
0

0

0
0
0
0
0
0
0
0
0
0

0

0
0
0
0
0
0
0
0
0
0

0

0
0
0
0
0
0
0
0
0
0

0

0
0
0
0
0
0
0
0
0
0

0

0
0
0
0
0
0
0
0
0
0

0

0
0
0
0
0
0
0
0
0
0

0

0
0
0
0
0
0
0
0
0
0

0

0
0
0
0
0
0
0
0
0
0

0

0
0
0
0
0
0
0
0
0
0

0

0
0
0
0
0
0
0
0
0
0

0

0
0
0
0
0
0
0
0
0
0

0

0
0
0
0
0
0
0
0
0
0

0

0
0
0
0
0
0
0
0
0
0

0

0
0
0
0
0
0
0
0
0
0

0

0
0
0
0
0
0
0
0
0
0

0

0
0
0
0
0
0
0
0
0
0

0

0
0
0
0
0
0
0
0
0
0

0

0
0
0
0
0
0
0
0
0
0

0

0
0
0
0
0
0
0
0
0
0

0

0
0
0
0
0
0
0
0
0
0

0

0
0
0
0
0
0
0
0
0
0

0

0
0
0
0
0
0
0
0
0
0

0

0
0
0
0
0
0
0
0
0
0

0

0
0
0
0
0
0
0
0
0
0

0

0
0
0
0
0
0
0
0
0
0

0

0
0
0
0
0
0
0
0
0
0

0

0
0
0
0
0
0
0
0
0
0

0

0
0
0
0
0
0
0
0
0
0

0

0
0
0
0
0
0
0
0
0
0

0

    0.1226730515242612   -0.03057452009380376   -0.01330657456831074   0.004849981195376459     0.0206773014341909  -0.005531718638480536    -0.1318306535422628    0.02856248332012771 -0.0005174234388561122   -0.00562614854327849

-0.0001244560403884629  7.600951523873674e-05   -0.06468519495887781    0.06468254341296593    -0.0125744492996584    0.01536746409814128   -0.06193184582628171   -0.03257471063451167     0.7389657618116809     0.5436022244270671

cov:
     0.96456955551417     3.996546127860156  -0.01384222023862941   0.04699733548611977  0.005395942574601683    0.1172678038808831  -0.02124505371645396  -0.03000348731385556 -0.003518034350734879    0.0366863428513283
    3.996546127860156     68.17074303174185    -11.51271052500201     7.784443193654723    -14.13554062277123    -1.711144278157628    -13.94311572169321     2.133569438490555     -11.4831303099396     3.737634692435071
 -0.01384222023862941    -11.51271052500201     2.947008467692191    -1.246068032197901     3.685425248937626    0.7636581956699907      4.01568688305368   -0.4686801234623459      3.44421945474062    -1.137869422750123
  0.04699733548611977     7.784443193654723    -1.246068032197901     4.834507420070653    -2.543349726213372    0.8666235193888085    -3.051977589389767     2.045103535443612    -3.376158031229226     1.303062983110403
 0.005395942574601683    -14.13554062277123     3.685425248937626    -2.543349726213372     5.251324687130814      1.81173341462057     5.850842934426069   -0.7962895640339951      5.36216954533311     -1.61867830634212
   0.1172678038808831    -1.711144278157628    0.7636581956699907    0.8666235193888085      1.81173341462057     4.934570455903564     1.118922660915546     1.726313880931917    0.8744688903394233    0.7424654776895656
 -0.02124505371645396    -13.94311572169321      4.01568688305368    -3.051977589389767     5.850842934426069     1.118922660915546     7.499495605568795   -0.6012256137503833     6.873785399587189    -2.410202072322033
 -0.03000348731385556     2.133569438490555   -0.4686801234623459     2.045103535443612   -0.7962895640339951     1.726313880931917   -0.6012256137503833      4.70322571771514    -1.900058598723532    0.9944868263269204
-0.003518034350734879     -11.4831303099396      3.44421945474062    -3.376158031229226      5.36216954533311    0.8744688903394233     6.873785399587189    -1.900058598723532     8.078668697695809    -2.364570627382134
   0.0366863428513283     3.737634692435071    -1.137869422750123     1.303062983110403     -1.61867830634212    0.7424654776895656    -2.410202072322033    0.9944868263269204    -2.364570627382134     2.697993380526567

cov.inverse():
    97.4898985560848    -24.0167659183838   -106.3175974332074    25.96418781332333   -47.25608349053142    10.91534509256858    56.54508902201624   -14.85159717589876   0.5750596942622551  -0.2969806934704113
  -24.01676591838368    5.980608956152945    26.37330673027577   -6.442643156704724    11.91979132072873   -2.764386464826996    -14.1292149726599    3.717763256853743  -0.1408984155311287  0.07204613966659328
  -106.3175974332224    26.37330673027969     256.765277088762   -62.83164356088913   -142.1842912120391     36.6775404673737   -8.539217815477681    1.574389729507841  -0.3536138247835859  -0.3706333475713797
   25.96418781332698   -6.442643156705681   -62.83164356088913     15.7510893087068    35.10624145560114   -9.120828354075874    1.981255824077595  -0.4379199337809527   0.1499512389861905   0.1007276386029212
  -47.25608349051019    11.91979132072335     -142.18429121207    35.10624145560871    296.7757919220248   -74.09365331811171   -105.2643403615239    28.57004007186122  -0.2012294717585338   0.9076601621359882
   10.91534509256333    -2.76438646482566     36.6775404673813   -9.120828354077736   -74.09365331811155    18.79590840536255     25.8952689495837   -7.132127491134566 -0.03953559361100886  -0.3431665557256887
   56.54508902201006   -14.12921497265837   -8.539217815461759    1.981255824073697   -105.2643403615337    25.89526894958619    56.96363745396663   -15.21281277730528  -0.5857795690468415 -0.05209429604415254
  -14.85159717589706    3.717763256853321    1.574389729503531   -0.437919933779897     28.5700400718638   -7.132127491135224   -15.21281277730524    4.370409386843842      0.2078276220391  0.01168098311787727
  0.5750596942622528  -0.1408984155311281  -0.3536138247835105   0.1499512389861721  -0.2012294717586345 -0.03953559361098356  -0.5857795690468142   0.2078276220390925   0.8131722910328143 -0.03125653141170843
 -0.2969806934703594  0.07204613966658049  -0.3706333475715074   0.1007276386029525   0.9076601621360628  -0.3431665557257077 -0.05209429604415061   0.0116809831178771 -0.03125653141170807   0.6306696972495011

cov*(cov_.inverse()):
     1.000000000000086  -3.51389924102552e-14   9.22300430472589e-14 -1.909236657660074e-14 -9.690165336806444e-14  6.659603424274962e-15 -6.197082777492646e-15  1.363709492552267e-15 -3.686287386450715e-16 -2.393918396847994e-16
 6.461498003318411e-14     0.9999999999999084  2.098321516541546e-13 -8.304468224196171e-14 -4.440892098500626e-15   6.59472476627343e-14  4.568567746332519e-14  4.032885136950881e-14  9.436895709313831e-16                      0
 7.177591854201637e-14  6.550315845288424e-15     0.9999999999998106  3.883005028626485e-14  1.074695887837152e-13 -6.200595592531499e-14 -1.049785258722125e-13   1.36505390324615e-14  2.081668171172169e-17  2.220446049250313e-16
-2.042810365310288e-14   6.13398221105399e-15 -2.403632848313464e-14     0.9999999999999957   1.77635683940025e-14  5.745404152435185e-14 -9.409140133698202e-15 -9.835882108788496e-16 -4.302114220422482e-16 -1.110223024625157e-16
 2.720046410331634e-14 -1.128264148775315e-14   2.19824158875781e-14  8.049116928532385e-16     0.9999999999999454  4.296563105299356e-14  2.656208586415687e-14 -7.251144129583054e-15  4.579669976578771e-16 -1.110223024625157e-15
  6.50868248186498e-14 -1.665334536937735e-14  9.486855745421963e-14 -9.880984919163893e-15 -1.592059817312474e-13      0.999999999999978  5.873773689657469e-14 -1.626997148118647e-14 -5.551115123125783e-17 -6.106226635438361e-16
-8.526512829121202e-14  1.090794121694216e-14 -5.162537064506978e-14 -1.201816424156732e-14  3.148592497836944e-13 -3.819167204710538e-14      0.999999999999982 -2.915723218421817e-14  8.465450562766819e-16 -4.440892098500626e-16
 8.104628079763643e-15  6.189493362285248e-15 -2.864375403532904e-14  4.538036613155327e-15  7.105427357601002e-15  3.275157922644212e-15 -1.636885071931715e-14      1.000000000000007  8.673617379884035e-17  1.110223024625157e-16
-1.011413175433518e-13 -9.880984919163893e-15  3.463895836830488e-14   -3.0142555118573e-14  1.980637875931279e-13 -3.963496197911809e-14  3.608224830031759e-15 -4.170275236248244e-15                      1  2.220446049250313e-16
 1.409983241273949e-14  4.246603069191224e-15 -2.775557561562891e-15  -1.27675647831893e-15 -4.440892098500626e-14 -8.881784197001252e-16 -5.273559366969494e-16 -3.552713678800501e-15  9.159339953157541e-16                      1
