10
1

0.1510964477399494
 0.902717051142228
 1.011188036189375
 1.240198054158055
  1.49099933247702
 2.106497692001778
 2.388618095093209
 2.762931057384033
 5.573847178863496
 14.02323346242661

  -0.5680169631417781    0.2310688805425872    0.7255844789216652   -0.2961092177277095  -0.03675171422477556   0.01589338465983022  -0.05476172008858532  0.004649696435685294  -0.06120356795223107     0.037957431211224
  -0.7653696290988345   0.03725052164786108   -0.5828870612551236   0.05421165878987861    0.1971057297444409   -0.0998923229193748   0.07393848995580472  -0.02902644294284881   -0.1145146496617203   0.04328180694434215
 -0.03024757860048517  -0.01328949863526868  -0.02934306299145361  0.004780563846308301    -0.220197347649732     0.651980263571502    0.4441056517008571   -0.4663404300298419  -0.07102349658738366    0.3235921885013932
   0.2108017620984287   0.06699595777638716     0.150926710435997   0.02942292925547819    0.5606504565564504   -0.3133937302579098    0.2916660002565681   -0.1567180726969687    -0.561915340864146    0.2991764581863136
 -0.02255501607081653 -0.001135076230430723 -0.004845964324793864 -0.002560505916117878   -0.5968895947035825   -0.6340460854162497    0.3362996546863564   -0.3435490385307221  -0.03212714032634723  -0.09493557726711503
 0.001719838423253659 -0.007552845839402497  -0.03520031095447997  -0.05508767454413525   -0.2771076584273321    0.1405350441863953    0.4397238391497387    0.7250689403515614   -0.4063980926676546   -0.1220085947422208
 -0.06533729230184886   -0.1312764889946461    0.1520026929933493    0.2366430795888623    0.2446573966288347    0.1543926273899968    0.2341643284373949   -0.2416838204256248  -0.08398755122136745   -0.8339067814999234
   0.1975962340229539    0.5212179830903846   -0.2921755290730232   -0.6684074514111399  0.002534217686143992   0.08377623183450918  -0.09746725665910613   -0.1643033170457721   -0.1784360360064864    -0.285994295701555
 -0.04844934512073232   -0.6270767173820372  -0.01816737923080904   -0.2269335132970199   -0.1920458317679303   0.06753483398631197   -0.4392135534225258   -0.1538842750834721   -0.5417232862151721  -0.03321127207034789
 0.006442237121841967    0.5083003601502596  0.008123614011792561    0.5926072636388129   -0.2591750920634871   0.09640538679771152   -0.3814964106459068  -0.06529904776654034   -0.4047200532636248   -0.0165031509572315

22.68179542520652
51.89041215489684
35.55292218858776
82.81123454730495
66.77645742841554
157.1402757449597
78.12777242646942
185.1586108389737
92.59286813098883
 220.385956911594

2.399053069962069

   0.1517204399988432  -0.06317223851504207    -0.142273003458618   0.05912572167508119 -0.002382634166239684  0.001001934926090114 -0.003435776067486198 0.0002927277705755267 -0.003735752442399496  0.002365222901506078

-0.005043274344800978   -0.0266007987514693  0.001282174071788583    0.0124993025060078 -0.007527208363762945    0.0142933302216364  -0.06970005602919578 -0.004150259360408351    0.7880225378935246     1.224770766168066

cov:
   0.9586543286458834     2.418885814434052  -0.05579276826464909  -0.02497761047456315  -0.03270547615318316    0.0624771973938987  -0.03458978294576637 -0.004425149166616453  -0.04443382930810921  -0.02811152855673243
    2.418885814434052     65.20709678248741   -0.1071470559781735     60.82497020107058    -22.26097915489019     8.491249318530739     -30.1296503807146     -4.03601836605428    -30.59524774764786    -1.483665833376964
 -0.05579276826464909   -0.1071470559781735     1.137079921252563     2.755498700244105 -0.006879229074037716  0.003212000213625633  0.004973668505711777   0.02132593589791451  -0.02674937239810589  -0.03305007410822844
 -0.02497761047456315     60.82497020107058     2.755498700244105     74.40981682666462    -28.42768240951767     10.49336802885082    -40.63870592563399    -6.198738940500149    -42.47930976143954    -1.308566707655147
 -0.03270547615318316    -22.26097915489019 -0.006879229074037716    -28.42768240951767     16.39428997264009    -4.863875554288885     21.56577674523296     3.435194663210722     23.79429646950493    0.3377427223561535
   0.0624771973938987     8.491249318530739  0.003212000213625633     10.49336802885082    -4.863875554288885     3.734145788344158    -8.060474416396326    -1.175381565007542    -8.972827357370647    -1.174299763502944
 -0.03458978294576637     -30.1296503807146  0.004973668505711777    -40.63870592563399     21.56577674523296    -8.060474416396326     36.44555873473777      7.67209475570241     36.66721859566191    0.7646252266662561
-0.004425149166616453     -4.03601836605428   0.02132593589791451    -6.198738940500149     3.435194663210722    -1.175381565007542      7.67209475570241     4.969580222838919     7.015591740610512     1.331826907640334
 -0.04443382930810921    -30.59524774764786  -0.02674937239810589    -42.47930976143954     23.79429646950493    -8.972827357370647     36.66721859566191     7.015591740610512     42.84843608625624     2.602217146733877
 -0.02811152855673243    -1.483665833376964  -0.03305007410822844    -1.308566707655147    0.3377427223561535    -1.174299763502944    0.7646252266662561     1.331826907640334     2.602217146733877     5.012207088110198

cov.inverse():
   14.88714647803728   -5.758439168009805   -17.49286873099828     7.30057942037544   0.8161185930265146  -0.3570616772436822    1.312097487485416 -0.09358720197522796    1.552739118072858  -0.9504924981825366
  -5.758439168009812    2.396085563654446    7.301115755154065   -3.038164491754634  -0.3371529699412728    0.135307881620877  -0.5490271596665146  0.04118959023925732  -0.6478968223988167   0.3955237764214594
  -17.49286873099833    7.301115755154064    23.50855035827781   -9.414445389484314   -1.237670266092318   0.5282497367719661   -1.771453248371116   0.1614770539910782   -1.908167424836193    1.185393210174561
   7.300579420375453   -3.038164491754633    -9.41444538948431    3.917229177722282   0.5141566062382246  -0.2178799825484907    0.737298398356526  -0.0707326841845365   0.7950770239120996  -0.4899255325172489
  0.8161185930265129  -0.3371529699412721   -1.237670266092318    0.514156606238224   0.5482096748451748  -0.1368202438337708  0.01218623551323436  0.06637690105298964 -0.08447610938497939 -0.01378513496274108
 -0.3570616772436666   0.1353078816208705   0.5282497367719463  -0.2178799825484824  -0.1368202438337699   0.6934679038773196  0.09869689125982545  -0.1463888824530334  0.03132126666130301   0.1639208712350742
   1.312097487485426  -0.5490271596665176   -1.771453248371126     0.73729839835653  0.01218623551323535  0.09869689125982328   0.4985148505947008  -0.2316901188551279 -0.03884461733486624   0.0536350267090336
-0.09358720197523851  0.04118959023926093   0.1614770539910887 -0.07073268418454112  0.06637690105298895  -0.1463888824530329  -0.2316901188551286    0.416763576874568  0.03003493786243488  -0.1354935856546881
   1.552739118072859  -0.6478968223988173   -1.908167424836194   0.7950770239121001 -0.08447610938497958  0.03132126666130157 -0.03884461733486649  0.03003493786243562   0.4437585701912276  -0.2074955043048291
 -0.9504924981825323   0.3955237764214575    1.185393210174555  -0.4899255325172465  -0.0137851349627407   0.1639208712350749  0.05363502670903444  -0.1354935856546886  -0.2074955043048287    0.366050746449171

cov*(cov_.inverse()):
    0.9999999999999776  5.223252386166166e-15  4.912736883966318e-14 -9.913944665207453e-15  5.340779901663595e-16 -1.578598363138894e-16 -2.697495005143935e-15  1.837939522797427e-15  8.933825901280557e-16  2.185751579730777e-16
-6.905587213168474e-14      1.000000000000022  5.351274978693255e-14 -7.105427357601002e-15 -2.359223927328458e-16  1.110223024625157e-16 -5.315192730392937e-15  3.608224830031759e-16  3.108624468950438e-15 -3.441691376337985e-15
 5.405398351143731e-15 -5.793976409762536e-16      1.000000000000002 -3.188421748845371e-15  8.744632622181836e-16 -2.151057110211241e-16  8.903468240450962e-16  2.662800535624399e-16 -2.610758831345095e-16 -1.856154119295184e-16
-8.459899447643693e-14  3.630429290524262e-14  1.518785097687214e-13     0.9999999999999821 -3.972516759986888e-15 -1.471045507628332e-15  1.637578961322106e-15 -1.360023205165817e-15  5.495603971894525e-15 -7.216449660063518e-16
 3.363975764614224e-14  -3.13915560212763e-14 -3.103073353827313e-14  2.176037128265307e-14      1.000000000000002 -5.412337245047638e-16  1.040834085586084e-15 -2.775557561562891e-16  1.415534356397075e-15 -2.609024107869118e-15
 3.108624468950438e-15  1.665334536937735e-15  -1.06581410364015e-14   5.88418203051333e-15  1.908195823574488e-16      1.000000000000001  1.082467449009528e-15 -4.718447854656915e-16  1.831867990631508e-15 -1.498801083243961e-15
 5.051514762044462e-14 -1.298960938811433e-14 -7.038813976123492e-14  1.615374500829603e-14  8.552186736565659e-16 -1.942890293094024e-15      1.000000000000005  4.718447854656915e-16 -3.747002708109903e-15  5.551115123125783e-17
 7.327471962526033e-15 -1.665334536937735e-15 -7.105427357601002e-15  1.554312234475219e-15 -2.775557561562891e-16 -1.110223024625157e-16  6.938893903907228e-16                      1 -7.771561172376096e-16  5.551115123125783e-17
 7.283063041541027e-14 -2.420286193682841e-14 -1.025846074753645e-13  8.659739592076221e-15  1.144917494144693e-15  5.551115123125783e-16  2.747801985947262e-15 -9.436895709313831e-16     0.9999999999999963 -1.665334536937735e-15
 2.664535259100376e-15 -6.661338147750939e-16 -2.664535259100376e-15  8.881784197001252e-16  2.775557561562891e-17  -3.33066907387547e-16 -1.110223024625157e-16  2.220446049250313e-16  2.220446049250313e-16     0.9999999999999996
