5
2

0.0001086458095041328
0.0001363903865861346
0.0005251925446197938
  0.01137039051601588
   0.5149275985892074

    0.1225837445444931     0.4230389596837237    -0.8451833160703712     0.3027641868653698  -0.003205238088742474
   -0.5724507725213507     0.7331654563442519     0.1667965078237035    -0.3270278525476223 -0.0004850764284189092
    0.3123945680153634    -0.0165785061435676    -0.2139246088903926    -0.6940207288908965     0.6121325645555734
   -0.6006147320314256    -0.2893764530502931    -0.1107907129395639     0.3451269781702572     0.6512572448366781
    0.4460324160355089     0.4466462512630291     0.4469963834882156     0.4478942147635505     0.4484943874877468

0.3986308119377125
0.3988017719792553
0.3987885359380144
0.3987680258060889
0.3987398145387839

0.0002170404121561981
   0.3988417628166319

 0.7373553820401199   3.201857861098492   5.096743136776097  -8.898077539197255 -0.1378188379945919
  1.104107204250007  0.8084125048801923 0.09800577358004317  -1.039145428804167 0.02828778093734186

-6.558679977098853e-08  1.057635328707451e-07  1.428242079639473e-06 -0.0006586855449628959  -0.002651627528642222
 9.419054983858777e-10  5.893516279506257e-09  2.893574477420181e-07 -0.0001613682052704605     0.1178885149514421

cov:
0.05279700191314512 0.05284538779691602 0.05287291626537623 0.05294366201065066 0.05299097917345669
0.05284538779691602 0.05290646003307176 0.05294123119734709 0.05303050424154279 0.05309012569246007
0.05287291626537623 0.05294123119734709 0.05298019385587696  0.0530800909037623 0.05314676623321036
0.05294366201065066 0.05303050424154279  0.0530800909037623 0.05320715882113017 0.05329184135954002
0.05299097917345669 0.05309012569246007 0.05314676623321036 0.05329184135954002 0.05338920917956899

cov.inverse():
 19245693.78765135 -18185908.92507009 -14151845.43163184   12420223.4954282   671901.181713788
-18185908.92279614  44058802.64537974 -23703440.32155817 -1997328.866034868 -172239.1977944381
-14151845.43477174 -23703440.31678435  62178367.13021144 -24072812.96538425 -250159.9245691398
 12420223.49626007 -1997328.868625208 -24072812.96355357  15262048.90664718 -1612158.922429731
 671901.1817478613 -172239.1977039563 -250159.9247659079 -1612158.922357519  1362646.287961594

cov*(cov_.inverse()):
     1.000000000021828   8.36735125631094e-11  1.346052158623934e-10 -7.275957614183426e-11 -1.455191522836685e-11
-2.182787284255028e-11      1.000000000056389  6.039044819772243e-10   1.01863406598568e-10  -2.91038304567337e-11
 6.548361852765083e-11  1.982698449864984e-10     0.9999999997562554 -4.365574568510056e-11                      0
-8.731149137020111e-11  3.637978807091713e-12  2.000888343900442e-10      1.000000000029104  -2.91038304567337e-11
 3.637978807091713e-11  2.728484105318785e-11  2.037268131971359e-10 -8.731149137020111e-11                      1
