10
1

0.3363892387596681
0.9309951409131753
 1.082007738538811
 1.177775362113504
  1.69335455604087
 1.993523768909978
 2.137784790587889
 2.802165909263371
 6.382653167076372
 14.91974909172656

    0.446499602251039   -0.1964995695759432   -0.7703250298082582    0.3521660982837478   0.08041171243711988  -0.04211676193143388   0.09985318414013847   0.01394062677935153    0.1302825912324529  -0.09605203718721912
  -0.7762962220334545   0.05179884092868826   -0.4107573099323382   0.08961709621411812    0.3302688643657309   -0.1954792717423612    0.1188693723343694  -0.01129383577581868   -0.2150779036193952    0.1006111954852154
  0.02187593900121326   0.00200542073288544   0.08420401267723096 0.0006361130260697814    0.3061649319510068   -0.4538074826010481   -0.5177700206896638    0.5120415480550821    0.1568193892784477   -0.3713271364379658
   0.4148348467766693   0.08922108923228977     0.194334106269364  -0.00701421753618085    0.4571771972602361   -0.4259048948460479    0.2277798331909119   -0.1224811491730527   -0.5033583394068213    0.2673496431990376
  0.08382007960190646   0.07794439936915841  -0.04078656346427366  -0.04069632243046775    0.5537363303018543    0.6378296649934926   -0.2982263949879195    0.1933172943542603   0.04872428871232595     0.376090295178675
  0.03205329793598778    0.1030874319167197   -0.2014805817520502   -0.2527725456397594   -0.1095123497545443   -0.3311958060701259   -0.5132518598172031   -0.4744985382208174    0.2717690531081209    0.4469214847217555
  -0.1191589606776655   -0.3265544132282709    0.3821675576104218    0.6227390773644429    0.2714554801507145  -0.04836660953121355 -0.005492957366415446   -0.3653048970624488    0.3679047572493177   0.02117071794276628
  0.03782078892845687    0.1728369473326742   -0.0671377736087298   -0.2051057045794976    0.2953920336196104    0.2013547461109932    -0.146087195721652    -0.569523902920788   -0.1388807149417279   -0.6552359588906449
 -0.04175589559468149   -0.8276626065024149  -0.01344792279959981   -0.1644193005823773  -0.08063689072372349   0.06830726487958277   -0.2929127020321079  -0.04076128026531481   -0.4327862708854766  0.009220744037186014
 0.003119228099046403    0.3354135378634709   0.00483551781618852    0.5877431802904983   -0.3092648716907767    0.0927983476497064   -0.4431636498912681  -0.02242464060195593   -0.4905382848445344   0.01554389416181858

22.67845263750845
43.06486672164317
50.54567331697802
97.46225947506551
 68.5099114479129
131.7632094877042
80.61842361679221
155.6409524602525
 95.6789481031562
185.2839885218359

1.948344727189639

0
0
0
0
0
0
0
0
0
0

0

0
0
0
0
0
0
0
0
0
0

0

0
0
0
0
0
0
0
0
0
0

0

0
0
0
0
0
0
0
0
0
0

0

0
0
0
0
0
0
0
0
0
0

0

0
0
0
0
0
0
0
0
0
0

0

0
0
0
0
0
0
0
0
0
0

0

0
0
0
0
0
0
0
0
0
0

0

0
0
0
0
0
0
0
0
0
0

0

0
0
0
0
0
0
0
0
0
0

0

0
0
0
0
0
0
0
0
0
0

0

0
0
0
0
0
0
0
0
0
0

0

0
0
0
0
0
0
0
0
0
0

0

0
0
0
0
0
0
0
0
0
0

0

0
0
0
0
0
0
0
0
0
0

0

0
0
0
0
0
0
0
0
0
0

0

0
0
0
0
0
0
0
0
0
0

0

0
0
0
0
0
0
0
0
0
0

0

0
0
0
0
0
0
0
0
0
0

0

0
0
0
0
0
0
0
0
0
0

0

0
0
0
0
0
0
0
0
0
0

0

0
0
0
0
0
0
0
0
0
0

0

0
0
0
0
0
0
0
0
0
0

0

0
0
0
0
0
0
0
0
0
0

0

0
0
0
0
0
0
0
0
0
0

0

0
0
0
0
0
0
0
0
0
0

0

0
0
0
0
0
0
0
0
0
0

0

0
0
0
0
0
0
0
0
0
0

0

0
0
0
0
0
0
0
0
0
0

0

0
0
0
0
0
0
0
0
0
0

0

0
0
0
0
0
0
0
0
0
0

0

0
0
0
0
0
0
0
0
0
0

0

0
0
0
0
0
0
0
0
0
0

0

0
0
0
0
0
0
0
0
0
0

0

0
0
0
0
0
0
0
0
0
0

0

0
0
0
0
0
0
0
0
0
0

0

0
0
0
0
0
0
0
0
0
0

0

0
0
0
0
0
0
0
0
0
0

0

0
0
0
0
0
0
0
0
0
0

0

0
0
0
0
0
0
0
0
0
0

0

0
0
0
0
0
0
0
0
0
0

0

0
0
0
0
0
0
0
0
0
0

0

0
0
0
0
0
0
0
0
0
0

0

0
0
0
0
0
0
0
0
0
0

0

0
0
0
0
0
0
0
0
0
0

0

0
0
0
0
0
0
0
0
0
0

0

0
0
0
0
0
0
0
0
0
0

0

0
0
0
0
0
0
0
0
0
0

0

0
0
0
0
0
0
0
0
0
0

0

0
0
0
0
0
0
0
0
0
0

0

0
0
0
0
0
0
0
0
0
0

0

0
0
0
0
0
0
0
0
0
0

0

0
0
0
0
0
0
0
0
0
0

0

0
0
0
0
0
0
0
0
0
0

0

0
0
0
0
0
0
0
0
0
0

0

0
0
0
0
0
0
0
0
0
0

0

0
0
0
0
0
0
0
0
0
0

0

0
0
0
0
0
0
0
0
0
0

0

0
0
0
0
0
0
0
0
0
0

0

0
0
0
0
0
0
0
0
0
0

0

0
0
0
0
0
0
0
0
0
0

0

0
0
0
0
0
0
0
0
0
0

0

0
0
0
0
0
0
0
0
0
0

0

0
0
0
0
0
0
0
0
0
0

0

0
0
0
0
0
0
0
0
0
0

0

0
0
0
0
0
0
0
0
0
0

0

0
0
0
0
0
0
0
0
0
0

0

0
0
0
0
0
0
0
0
0
0

0

0
0
0
0
0
0
0
0
0
0

0

0
0
0
0
0
0
0
0
0
0

0

0
0
0
0
0
0
0
0
0
0

0

0
0
0
0
0
0
0
0
0
0

0

0
0
0
0
0
0
0
0
0
0

0

0
0
0
0
0
0
0
0
0
0

0

0
0
0
0
0
0
0
0
0
0

0

0
0
0
0
0
0
0
0
0
0

0

0
0
0
0
0
0
0
0
0
0

0

     0.067256225833384   -0.03453492894608694   -0.06582030527676218    0.03356599182834491 -0.0006459808239012372  0.0003885201126810051 -0.0006509232461190265  -9.04559237514505e-05 -0.0007148711000899621  0.0005644786882140902

  0.01120916494937879  -0.02089779472003615 -0.005296473968945815   0.01623688825078533   0.01292759657369247   0.01490179030829422 -0.006383366351272228  -0.04811269032545458    0.8851913182676772     1.986024239084929

cov:
   0.9577147475396844     1.908433148830138    0.1141533896758603    0.1992355925113638   0.03423025107079902   0.01818394088004186   0.05598248515371955   0.02052502983362463   0.06599617421601571  0.008098429999891044
    1.908433148830138     53.74892749946822   0.08428055162287329     48.10124470447682    -20.22666399797836     4.916123580294378    -23.64839140000883   -0.6936192420114567    -22.72221324323234    0.2348293212819242
   0.1141533896758603   0.08428055162287329     1.155614896213985     2.061211006267479   0.08143506922914595  -0.02384544724856849     0.156058965071132   0.03800083141575104    0.1465511347685821 0.0002557090176032917
   0.1992355925113638     48.10124470447682     2.061211006267479     80.37870466524052    -39.55445397837588     11.46664676068426    -55.23692164935908    -2.327889152902774    -60.29320836386081     2.595647436548358
  0.03423025107079902    -20.22666399797836   0.08143506922914595    -39.55445397837588      23.9990629426797     -5.53799240287837      30.8684934941295    0.5196968287031762     34.96133974308865    -2.126863661417989
  0.01818394088004186     4.916123580294378  -0.02384544724856849     11.46664676068426     -5.53799240287837     4.564572368559968    -9.949190295793011   -0.6160799015229648    -11.65688859787681   -0.5715568168383651
  0.05598248515371955    -23.64839140000883     0.156058965071132    -55.23692164935908      30.8684934941295    -9.949190295793011     49.08119468189435      3.81344658454888     52.83410821525455    -1.806682601097794
  0.02052502983362463   -0.6936192420114567   0.03800083141575104    -2.327889152902774    0.5196968287031762   -0.6160799015229648      3.81344658454888     4.666221787341321     2.870507575644092     1.898504104338045
  0.06599617421601571    -22.72221324323234    0.1465511347685821    -60.29320836386081     34.96133974308865    -11.65688859787681     52.83410821525455     2.870507575644092     62.68656157403675   -0.8494994704460331
 0.008098429999891044    0.2348293212819242 0.0002557090176032917     2.595647436548358    -2.126863661417989   -0.5715568168383651    -1.806682601097794     1.898504104338045   -0.8494994704460331      4.90024873408782

cov.inverse():
    2.587593716862404   -0.7817150166582806    -2.625072638807767     1.286956096439427    0.1736568189677292   -0.1088189663353886    0.3328584887003466   0.04670855187635506    0.5528933690178131     -0.38522020767267
  -0.7817150166582767    0.3993127822149802     1.290933766085172    -0.659083459398761  -0.08947952972721671    0.0486695111270595   -0.1714884042048253  -0.02457641211630277    -0.284115385341367    0.1950844986443765
   -2.625072638807783     1.290933766085175     5.515286420949074    -2.373499532790488   -0.5999824060986144    0.2889745940352205   -0.7102760548791925  -0.07423922034027637   -0.8266022683318969    0.5963072900983215
    1.286956096439418   -0.6590834593987617    -2.373499532790488     1.214386963476618    0.3101462796909211     -0.14924665640793    0.3615745986868377    0.0357562442455881    0.4220881081293058    -0.303841105674848
    0.173656818967736  -0.08947952972721988   -0.5999824060986254    0.3101462796909265    0.5515065577035715   -0.2267246236759892  0.007844938238439679    0.1065372736193105  -0.09417212905292491  -0.00203356298545146
  -0.1088189663353927   0.04866951112706135    0.2889745940352268    -0.149246656407933   -0.2267246236759893    0.5417438442169693   0.03886276374668284  -0.09178656333365873   0.07358205880439278    0.1043156909279636
   0.3328584887003411   -0.1714884042048252   -0.7102760548791931    0.3615745986868381  0.007844938238439811   0.03886276374668264     0.473821282066509   -0.1832668232238914   -0.1004772774935673   0.05239648273413101
  0.04670855187635641  -0.02457641211630344  -0.07423922034027859   0.03575624424558893    0.1065372736193097  -0.09178656333365826   -0.1832668232238913    0.3768663619320031     0.083869447839855   -0.1813397475200519
   0.5528933690178041   -0.2841153853413652   -0.8266022683318895    0.4220881081293018  -0.09417212905292908   0.07358205880439524   -0.1004772774935676   0.08386944783985395    0.4641939176796717   -0.2321920901856388
  -0.3852202076726671    0.1950844986443763    0.5963072900983196   -0.3038411056748468 -0.002033562985449181    0.1043156909279623   0.05239648273413109   -0.1813397475200515   -0.2321920901856395    0.4168784850084847

cov*(cov_.inverse()):
     1.000000000000002 -3.333271159089435e-15  1.040487140890889e-14  9.738737594133795e-15 -3.521454774915028e-16  4.248988313970692e-16  5.252146374062905e-15 -1.235990476633475e-17  5.219782939214213e-15 -2.230854390106174e-15
-4.760081218080359e-15     0.9999999999999959  1.124100812432971e-14  5.440092820663267e-15  9.710114656780178e-16   5.30825383648903e-16  3.516284485804988e-15  -4.85722573273506e-17 -1.741662369880714e-15  5.134781488891349e-16
-2.497784964972105e-15 -3.069918451392706e-16      1.000000000000005  2.236803949527688e-15  8.252128491374375e-16 -4.158796245747054e-16  6.272177330464423e-16  6.287627211422342e-16  1.238321511304319e-15 -5.397836040990645e-16
-1.332267629550188e-14 -3.663735981263017e-15  3.996802888650564e-15     0.9999999999999989 -4.479056014972116e-15  5.551115123125783e-16 -1.387778780781446e-15 -1.110223024625157e-16  5.551115123125783e-16 -2.886579864025407e-15
 5.551115123125783e-15  1.998401444325282e-15  7.105427357601002e-15  6.883382752675971e-15      1.000000000000001   9.71445146547012e-16  1.318389841742373e-15  1.054711873393899e-15  6.050715484207103e-15 -8.881784197001252e-16
-1.720845688168993e-15 -6.106226635438361e-16 -1.221245327087672e-15 -4.718447854656915e-16 -2.506675422786486e-16     0.9999999999999994  8.326672684688674e-17  8.326672684688674e-17  5.551115123125783e-17  5.551115123125783e-17
 1.709743457922741e-14  2.220446049250313e-15  8.881784197001252e-15  3.663735981263017e-15  1.454999315475547e-15  1.720845688168993e-15      1.000000000000001  4.440892098500626e-16  2.109423746787797e-15 -1.221245327087672e-15
 7.771561172376096e-16  -3.33066907387547e-16                      0  1.221245327087672e-15  3.118165448068311e-16 -8.326672684688674e-17  2.914335439641036e-16                      1  5.551115123125783e-16 -1.110223024625157e-16
 1.815214645262131e-14 -3.497202527569243e-15  1.199040866595169e-14 -4.107825191113079e-15 -4.512015761015675e-15  1.609823385706477e-15  4.100886297209172e-15  -3.05311331771918e-16      1.000000000000004  2.775557561562891e-16
                     0  -3.33066907387547e-16 -4.440892098500626e-16  2.220446049250313e-16  8.673617379884035e-17  1.110223024625157e-16                      0 -1.110223024625157e-16  4.440892098500626e-16                      1
