10
1

0.3182388314927451
0.8107003222495304
0.9347776702026332
  1.14375473372442
 1.416413300891932
  1.56088544596003
  1.97165059391561
 2.783387027969304
 5.729739614948591
 9.096070410726547

    0.4107590916881093    -0.1513403550770271     -0.794502558657724     0.3319651085801459     0.1006635531406352   -0.02521348859635601     0.1459550415250631    -0.0192148978641617     0.1715186625948242   -0.07126224448818715
    0.1709760734156556   -0.01824522725018754    0.06767520209799512    0.05818212090528921    -0.2512212852482031    -0.4695478399317022     -0.394084851734864     0.6594272799782058     0.1580485004623773     -0.252498232149999
   -0.8016078051629565    0.03490617917218416    -0.3021328667941451     0.2106950439820914     0.3153667347322474    -0.3091554531552467   0.003404550678431397     0.1379555415917589   -0.07951694706174016   -0.01141383892651823
   -0.3812967848266418   -0.07475873894202519    -0.1612450146412567    0.05648041982117624    -0.6108894192186689     0.5249023176674138    0.03420453013611104     0.1440876319623865     0.3746791243449828   -0.09386124264359759
   0.06595638155119266    0.01597019255674255    0.01636793404947309      0.046910696876477     0.5419539403467665     0.6093847265939817    -0.3172731573318708      0.468029366148945   -0.02945721617038027     0.0853281661988322
   0.07138473746696093    0.03959077917311291     0.1031448588076759     0.4391642509081263     -0.258208545638016   0.002096223705708175     0.3660060113938409     0.3604424869718176    -0.4002156265146313     0.5469048423587124
  -0.00548859544269637 -0.0003184029714706242     0.2084495709263016     0.5297939333117272    0.02877253938191959   -0.08209420422049153    -0.4537158667089616    -0.3383514478599157     0.4369226102519905     0.3962681716154939
   0.02230978494187518    0.05295321512989778     0.3087415459718437     0.6015044381117893    0.05398458699237701     0.1354499021342905     0.1459283383884155     -0.103304926070393    -0.1693412467937728    -0.6765093066944337
  -0.06141437341704246    -0.8030016573030254   -0.04205676378987054    0.02193702375707352     -0.131256656327905    0.04301570976227963    -0.3459762179449853    -0.1288766436817341    -0.4400604509253097   -0.01122561620076952
   0.01833679472453591     0.5661427517551234    -0.3089553673121639    0.02820073580604817    -0.2697339875411562    0.09746252561390945    -0.4906499229265483    -0.1850956500894073    -0.4739444353704961   -0.03195315009464273

22.67989038556789
54.03910386402539
54.14459117135274
130.6887258763443
65.39139472425607
157.6801982942073
76.31927384018908
185.0706251988669
90.47351550041201
 220.306136303851

2.437987462738433

   0.07955537800544459   -0.03259597350198676    -0.0821267194563905     0.0330679830088144  0.0009518226417758653  -0.002049342121859846 -0.0003572757646772761   0.001309179492388121   0.001195270197424141   0.002823990481505586

 0.01153659066764013 0.007732974511772572 -0.02808747917178369 -0.01842580749272998   0.0102968972136381  0.02825452887324225 0.005946686395526095 -0.06153662653089984    0.809332327006393   0.6727154929563144

cov:
   0.9647415404769056       2.5006152563492   -0.0483058672803869   0.01839446200185264  -0.04929176801086362   0.06821296721504722   -0.0479092796043955 -0.002192689664511817  -0.05017856811521747  -0.02134379699628083
      2.5006152563492     47.72522726566867    -13.20851123314662     1.027746025976338    -9.089173764771795     3.451968251446072     -13.7773222446346     -5.28240065072365    -10.75247847499695    -1.410392368748274
  -0.0483058672803869    -13.20851123314662     9.070305313948596     1.137112299378023     7.207980747777129    -2.320740394721709      13.0454948517776     4.458189873437092     12.50545750234404   -0.3071769827582414
  0.01839446200185264     1.027746025976338     1.137112299378023     4.506387967366578   -0.6316363371973643    0.7431658589743737    -1.293663228922587    -1.212617977436342    -1.718187706709716    -1.846939562033122
 -0.04929176801086362    -9.089173764771795     7.207980747777129   -0.6316363371973643     7.980454676738799    -2.079147060421612     11.91611160415183     4.701072114705556     12.32558957812045    0.3844199898847708
  0.06821296721504722     3.451968251446072    -2.320740394721709    0.7431658589743737    -2.079147060421612     2.348948931195229    -4.389420856474174    -1.242761976905691     -4.56894328840872   -0.9860382182993791
  -0.0479092796043955     -13.7773222446346      13.0454948517776    -1.293663228922587     11.91611160415183    -4.389420856474174     25.44730043140218     9.317172612640752     22.91636082583573    0.4543979409258145
-0.002192689664511817     -5.28240065072365     4.458189873437092    -1.212617977436342     4.701072114705556    -1.242761976905691     9.317172612640752     4.993265056242433     8.431065357653791    0.9890916296620648
 -0.05017856811521747    -10.75247847499695     12.50545750234404    -1.718187706709716     12.32558957812045     -4.56894328840872     22.91636082583573     8.431065357653791     26.50743799601635     2.364770181165812
 -0.02134379699628083    -1.410392368748274   -0.3071769827582414    -1.846939562033122    0.3844199898847708   -0.9860382182993791    0.4543979409258145    0.9890916296620648     2.364770181165812     5.042078369251114

cov.inverse():
    2.561412293378976   -0.6253249308119109    -2.876438370048694     1.167144059936159    0.2422226931068228  -0.07325370050308401    0.4782509651402036  -0.04861221589583244    0.6874247393798613   -0.3005499504635366
  -0.6253249308119108    0.2569738658663919     1.185335099208327   -0.4812596233697269    -0.094092781540381    0.0137979497645924   -0.1994229469850047   0.01847430865744621   -0.2856930926450357    0.1233731206816238
   -2.876438370048689     1.185335099208327     6.393314944911994    -2.606843025201264   -0.8509516352582189    0.1972821542410255    -1.194310333778303    0.1508543952191607    -1.346136113169232    0.5668352159011524
    1.167144059936162   -0.4812596233697269    -2.606843025201264     1.345703363035974    0.3314472947501334   -0.1620770665742545    0.4534790346087064   0.05651111888356486    0.5463165508577409   -0.1607035434324874
   0.2422226931068225  -0.09409278154038093   -0.8509516352582189    0.3314472947501333     0.770932587834297  -0.03803556543613933    0.1571081685677895   -0.2025282188919817  -0.05378022242543013   0.02885186449339952
  -0.0732537005030872   0.01379794976459366    0.1972821542410324   -0.1620770665742573  -0.03803556543614061    0.8511048749122258    0.1727748095772776   -0.3098996877569283 0.0002426058162268469    0.1706501698443497
   0.4782509651402025   -0.1994229469850035    -1.194310333778296    0.4534790346087035    0.1571081685677882    0.1727748095772791    0.6149679545517103   -0.3986540006445409   0.05970428032198052   0.05618161775249809
 -0.04861221589582763   0.01847430865744436    0.1508543952191506    0.0565111188835691   -0.2025282188919797   -0.3098996877569289   -0.3986540006445392    0.8971806279228887   0.05568439934289118    -0.176497468027631
   0.6874247393798599    -0.285693092645036    -1.346136113169234    0.5463165508577414  -0.05378022242542981 0.0002426058162281917   0.05970428032198211   0.05568439934288924    0.5706337746078686   -0.2386845647028755
  -0.3005499504635383    0.1233731206816245    0.5668352159011562   -0.1607035434324888   0.02885186449339877    0.1706501698443493   0.05618161775249684     -0.17649746802763    -0.238684564702876    0.3799132706521028

cov*(cov_.inverse()):
    0.9999999999999957  1.561251128379126e-16 -3.354955202539145e-15 -2.696193962536952e-15  4.098284211995207e-17   1.43982048506075e-16 -1.911665270526441e-15 -2.749536709423239e-16  1.626303258728257e-15  9.020562075079397e-17
-8.548717289613705e-15     0.9999999999999998 -3.219646771412954e-15 -2.692290834716005e-15  5.273559366969494e-16  5.551115123125783e-17 -1.554312234475219e-15   3.05311331771918e-16  5.606626274357041e-15 -1.110223024625157e-16
 2.636779683484747e-16  1.942890293094024e-16      0.999999999999992 -1.720845688168993e-15 -6.245004513516506e-16 -8.118505867571457e-16 -7.320533068622126e-16  1.089406342913435e-15  4.440892098500626e-16 -1.387778780781446e-16
 1.110223024625157e-15  7.771561172376096e-16  1.332267629550188e-15     0.9999999999999993 -6.106226635438361e-16 -2.220446049250313e-16 -1.942890293094024e-16  5.551115123125783e-17  1.665334536937735e-16  -3.33066907387547e-16
 1.762479051592436e-15 -9.159339953157541e-16  2.609024107869118e-15 -1.956768080901838e-15                      1  6.106226635438361e-16   3.29250515740398e-15  -9.71445146547012e-16 -2.386979502944087e-15 -7.771561172376096e-16
-1.165734175856414e-15  8.326672684688674e-16  1.221245327087672e-15   6.38378239159465e-16 -3.087807787238717e-16                      1 -1.942890293094024e-16 -1.110223024625157e-16  8.049116928532385e-16  5.551115123125783e-17
 8.409939411535561e-15  9.992007221626409e-16 -1.609823385706477e-14   9.71445146547012e-16  3.382710778154774e-16 -3.885780586188048e-16     0.9999999999999998  9.020562075079397e-16 -2.081668171172169e-16 -3.608224830031759e-16
 1.665334536937735e-16   -1.1518563880486e-15 -5.329070518200751e-15  2.109423746787797e-15  5.967448757360216e-16  1.387778780781446e-16  7.563394355258879e-16     0.9999999999999999  4.440892098500626e-16 -5.551115123125783e-16
-3.552713678800501e-15 -1.221245327087672e-15 -1.287858708565182e-14 -6.661338147750939e-16 -1.360023205165817e-15  4.996003610813204e-16  2.636779683484747e-15  5.551115123125783e-16     0.9999999999999966   3.33066907387547e-16
-4.440892098500626e-16 -1.110223024625157e-16 -1.332267629550188e-15  2.220446049250313e-16  8.326672684688674e-17  1.110223024625157e-16  1.110223024625157e-16 -1.110223024625157e-16  2.220446049250313e-16     0.9999999999999998
