5
1

0.001705835759152107
0.001790927530025639
0.008894062021992791
 0.08411222992931663
  0.5524288821627127

   0.4528650526744147    -0.269337209134082   -0.6819185412732662    0.5072192017166356 -0.009300339764931094
    0.372714800778752    -0.781605838704749     0.492870635989865  -0.08514333868065262    0.0022667687042904
   0.3696614063279096   0.06505377362604958   -0.2972488055087641   -0.6850658052215197    0.5490413840035085
    -0.59116090808014   -0.3610018882882228   -0.0890248574742922    0.2288641675892521     0.678160884271249
   0.4121603411006343    0.4266092168107226    0.4424741366701354    0.4623692556800474    0.4884257764858936

0.3994751096481755
0.3997914328664044
0.3996082497353985
0.3995560944043942
 0.399565422765971

0.0001416823655038308

0
0
0
0
0

0

0
0
0
0
0

0

0
0
0
0
0

0

0
0
0
0
0

0

0
0
0
0
0

0

0
0
0
0
0

0

0
0
0
0
0

0

0
0
0
0
0

0

0
0
0
0
0

0

0
0
0
0
0

0

0
0
0
0
0

0

0
0
0
0
0

0

0
0
0
0
0

0

0
0
0
0
0

0

0
0
0
0
0

0

0
0
0
0
0

0

0
0
0
0
0

0

0
0
0
0
0

0

0
0
0
0
0

0

0
0
0
0
0

0

0
0
0
0
0

0

0
0
0
0
0

0

0
0
0
0
0

0

0
0
0
0
0

0

0
0
0
0
0

0

0
0
0
0
0

0

0
0
0
0
0

0

0
0
0
0
0

0

0
0
0
0
0

0

0
0
0
0
0

0

0
0
0
0
0

0

0
0
0
0
0

0

0
0
0
0
0

0

0
0
0
0
0

0

0
0
0
0
0

0

0
0
0
0
0

0

0
0
0
0
0

0

0
0
0
0
0

0

0
0
0
0
0

0

0
0
0
0
0

0

0
0
0
0
0

0

0
0
0
0
0

0

0
0
0
0
0

0

0
0
0
0
0

0

0
0
0
0
0

0

0
0
0
0
0

0

0
0
0
0
0

0

0
0
0
0
0

0

0
0
0
0
0

0

0
0
0
0
0

0

0
0
0
0
0

0

0
0
0
0
0

0

0
0
0
0
0

0

0
0
0
0
0

0

0
0
0
0
0

0

0
0
0
0
0

0

0
0
0
0
0

0

0
0
0
0
0

0

0
0
0
0
0

0

0
0
0
0
0

0

0
0
0
0
0

0

0
0
0
0
0

0

0
0
0
0
0

0

0
0
0
0
0

0

0
0
0
0
0

0

0
0
0
0
0

0

0
0
0
0
0

0

0
0
0
0
0

0

0
0
0
0
0

0

0
0
0
0
0

0

0
0
0
0
0

0

0
0
0
0
0

0

0
0
0
0
0

0

0
0
0
0
0

0

0
0
0
0
0

0

0
0
0
0
0

0

0
0
0
0
0

0

  3.367373772787533   1.059650154345782 -0.8112189293315254  -3.601186286618407 -0.0119427794682055

-9.815547956139252e-08   1.07001265524407e-06  0.0003176315078739851   -0.02216738731420551   -0.05795321948631273

cov:
0.05432672102340051 0.05517027888305549 0.05601867519743466 0.05718112698313638 0.05861495129454057
0.05517027888305549  0.0564654580930639 0.05783156106649459 0.05960835850857921 0.06185971328348235
0.05601867519743466 0.05783156106649459 0.05981390311766981 0.06230603194625025 0.06551368811427567
0.05718112698313638 0.05960835850857921 0.06230603194625025 0.06565097828030383 0.06998750701903567
0.05861495129454057 0.06185971328348235 0.06551368811427567 0.06998750701903567 0.07608069819309461

cov.inverse():
 115567.8774345774 -132407.9377096953 -50234.79679377649  65824.86079922049  1325.703640373656
 -132407.937709684  215469.2089989418 -57227.11928932159 -26774.17504988268  726.0545724992172
-50234.79679378506 -57227.11928930119   236661.111558121 -129376.4963490161  456.8774260576867
 65824.86079920903 -26774.17504988553 -129376.4963489933   96614.3246536621 -6413.486245898365
  1325.70364038236  726.0545724930187  456.8774260467439 -6413.486245889933  3907.858543898452

cov*(cov_.inverse()):
    0.9999999999993037  8.029132914089132e-13 -1.335820343228988e-12  4.547473508864641e-13 -2.842170943040401e-14
 4.121147867408581e-13      1.000000000000369 -1.470823463023407e-12  7.958078640513122e-13                      0
 1.435296326235402e-12  1.385558334732195e-12     0.9999999999972786   1.13686837721616e-12                      0
-1.406874616804998e-12  1.058708676282549e-12  1.243449787580175e-13     0.9999999999995453                      0
-4.405364961712621e-13  2.131628207280301e-13 -1.989519660128281e-13 -2.273736754432321e-13                      1
