6
1

0.001900715355121188
0.001979961536448745
0.002066439511122393
0.005830434868420696
   0.109423044085516
  0.6287776920273345

 -0.3933770200405764   0.1684555597516224   0.7238134096959283  -0.5373732835535747  0.06107321804947031 -0.02171194595261638
 -0.4345249275832095   0.7806975053048075   -0.408101307355435  0.03408022104987626   0.1429394941671186  -0.1164459316373078
 0.01660818257621029  -0.2216053132776014 0.001138208733054935  0.03154005545606622   0.7698430927476452  -0.5974619614085068
  0.4099599203423274  0.07226470587718994  -0.3483707552582006  -0.7270388776610653    0.283329324619961   0.3106243021045884
 -0.6004621491669402  -0.4094211477302245  -0.1826558419812399  0.08003271507010637   0.3322478216916425   0.5671529988449991
  0.3571342140079135   0.3744026586477487   0.3934727889333316   0.4172324920781163   0.4387662867457185   0.4591929441107868

0.3988492812090925
0.3992881727296599
0.3990952302267354
0.3990693869886432
0.3991696568224449
0.3991661174318403

-0.0003726181387107073

  3.297173584125452   1.033413192212268 -0.8300123989805843  -3.503761121656375  0.3301073791485203 -0.3235254084750955

  6.73015126907234e-07 -1.261309196342112e-06  6.905793881250166e-07  0.0001446764755292455   -0.03119728713059235   -0.09004147237660187

cov:
0.05475038878401012 0.05580754749979204 0.05686523753957146 0.05832718319087364 0.05956746973073589 0.06076362857943865
0.05580754749979204 0.05743064049312846 0.05913729897165325 0.06136619801599188 0.06331980494345892 0.06519242063439687
0.05686523753957146 0.05913729897165325 0.06161632187752298 0.06473845125354412 0.06752616493955012 0.07018994457801001
0.05832718319087364 0.06136619801599188 0.06473845125354412 0.06892139058650645 0.07268922364237498 0.07628312482479385
0.05956746973073589 0.06331980494345892 0.06752616493955012 0.07268922364237498 0.07744041555147088 0.08191394269003981
0.06076362857943865 0.06519242063439687 0.07018994457801001 0.07628312482479385 0.08191394269003981 0.08722142838507839

cov.inverse():
 96035.84337560387 -104845.5443958908 -37766.54851726926  46086.41117879646 -16098.83331119244  16665.44496581598
 -104845.544395894  174995.2144778753 -48314.01880977542 -21454.68508591627 -8047.071904106786  7445.305683670646
 -37766.5485171186 -48314.01880994216   191074.358980712 -103752.9830492628 -5347.017510333832  4421.376104684797
 46086.41117871788 -21454.68508584276 -103752.9830492954  96011.09963435425 -8212.497636153075  -8834.83839035512
-16098.83331149697 -8047.071903742944 -5347.017510211083 -8212.497636341845  147405.7309481314 -109720.4128035578
  16665.4449660518  7445.305683396728  4421.376104578328 -8834.838390203844 -109720.4128035644  90049.13448262628

cov*(cov_.inverse()):
    0.9999999999998863  2.103206497849897e-12 -4.547473508864641e-13                      0  9.094947017729282e-13 -1.818989403545856e-12
 9.094947017729282e-13       0.99999999999892  1.818989403545856e-12  4.547473508864641e-13 -9.094947017729282e-13                      0
  1.13686837721616e-12  7.958078640513122e-13     0.9999999999985789                      0 -9.094947017729282e-13 -9.094947017729282e-13
 6.821210263296962e-13  7.958078640513122e-13  2.842170943040401e-13     0.9999999999990905                      0 -1.818989403545856e-12
 6.821210263296962e-13  5.684341886080801e-13  5.115907697472721e-13 -6.821210263296962e-13                      1 -1.818989403545856e-12
                     0  5.684341886080801e-13 -6.821210263296962e-13 -5.684341886080801e-13                      0     0.9999999999990905
