6
2

0.0001037280041173615
0.0002243634677767129
0.0006856479580083547
0.0008913628195241316
  0.01776651073732443
   0.5641390124609853

   0.4218934025193296   -0.8023297491609003    0.4212943132090023 -0.002389197828794218  -0.01482578057307883  -0.02363303078234122
  -0.4953822173248594    0.1685833960057144    0.7977597089263752   -0.0868030320612295   -0.1271320724702551   -0.2570179253234822
 -0.08771526456256276  -0.09446419337502861   -0.1002056163163626    0.1679792322574568    0.7422732180530814   -0.6278175135202104
   0.1199543726041161   0.09587409392754578   0.08193946606138791   -0.8818047896356976    0.3959737552682858    0.1879631044183251
  -0.6238002935079777   -0.3792567402198833  -0.05267823668445978    0.1404919916927218    0.3294021322579092    0.5796712497020362
   0.4066848784307114     0.407302849835295    0.4081180101533249    0.4085643353679595    0.4090808264189528    0.4097310694614936

0.4010425582637745
0.4012056403020453
0.4014475318789303
 0.401505622745349
0.4016074692752261
0.4016903678082504

-0.001247052361747193
    0.401068870081769

0
0
0
0
0
0

0
0

0
0
0
0
0
0

0
0

0
0
0
0
0
0

0
0

0
0
0
0
0
0

0
0

0
0
0
0
0
0

0
0

0
0
0
0
0
0

0
0

0
0
0
0
0
0

0
0

0
0
0
0
0
0

0
0

0
0
0
0
0
0

0
0

0
0
0
0
0
0

0
0

0
0
0
0
0
0

0
0

0
0
0
0
0
0

0
0

0
0
0
0
0
0

0
0

0
0
0
0
0
0

0
0

0
0
0
0
0
0

0
0

0
0
0
0
0
0

0
0

0
0
0
0
0
0

0
0

0
0
0
0
0
0

0
0

0
0
0
0
0
0

0
0

0
0
0
0
0
0

0
0

0
0
0
0
0
0

0
0

0
0
0
0
0
0

0
0

0
0
0
0
0
0

0
0

0
0
0
0
0
0

0
0

0
0
0
0
0
0

0
0

0
0
0
0
0
0

0
0

0
0
0
0
0
0

0
0

0
0
0
0
0
0

0
0

0
0
0
0
0
0

0
0

0
0
0
0
0
0

0
0

0
0
0
0
0
0

0
0

0
0
0
0
0
0

0
0

0
0
0
0
0
0

0
0

0
0
0
0
0
0

0
0

0
0
0
0
0
0

0
0

0
0
0
0
0
0

0
0

0
0
0
0
0
0

0
0

0
0
0
0
0
0

0
0

0
0
0
0
0
0

0
0

0
0
0
0
0
0

0
0

0
0
0
0
0
0

0
0

0
0
0
0
0
0

0
0

0
0
0
0
0
0

0
0

0
0
0
0
0
0

0
0

0
0
0
0
0
0

0
0

0
0
0
0
0
0

0
0

0
0
0
0
0
0

0
0

0
0
0
0
0
0

0
0

0
0
0
0
0
0

0
0

0
0
0
0
0
0

0
0

0
0
0
0
0
0

0
0

0
0
0
0
0
0

0
0

0
0
0
0
0
0

0
0

0
0
0
0
0
0

0
0

0
0
0
0
0
0

0
0

0
0
0
0
0
0

0
0

0
0
0
0
0
0

0
0

0
0
0
0
0
0

0
0

0
0
0
0
0
0

0
0

0
0
0
0
0
0

0
0

0
0
0
0
0
0

0
0

0
0
0
0
0
0

0
0

0
0
0
0
0
0

0
0

0
0
0
0
0
0

0
0

0
0
0
0
0
0

0
0

0
0
0
0
0
0

0
0

0
0
0
0
0
0

0
0

0
0
0
0
0
0

0
0

0
0
0
0
0
0

0
0

0
0
0
0
0
0

0
0

0
0
0
0
0
0

0
0

0
0
0
0
0
0

0
0

0
0
0
0
0
0

0
0

0
0
0
0
0
0

0
0

0
0
0
0
0
0

0
0

0
0
0
0
0
0

0
0

0
0
0
0
0
0

0
0

  3.568743358095008   1.343737358694664  -3.489697706570746 -0.1429157692959611  -0.410885796089979 -0.8688236493105956
  1.511846283380464 -0.4756181859860704  0.3910707737026379 0.09971837704494516 -0.1775384601165194 -0.3493965955463694

-1.092858313285753e-08 -2.032362687351143e-07   5.93213540040694e-08  5.640275169421456e-08  -0.001013558336822448  -0.002548027598478391
  1.28559622816066e-08 -2.081145854138883e-08 -1.059856973859143e-08 -4.458026609608195e-08 -0.0003252183515422224       0.12910961999377

cov:
0.05275951594185853 0.05279132390642368 0.05283251382705825 0.05285216272358739 0.05288191373053298 0.05291683519659218
0.05279132390642368 0.05284216850124106 0.05290873250028091 0.05294337357121442 0.05298778065951538 0.05304215236041093
0.05283251382705825 0.05290873250028091 0.05300920924714611 0.05306385524726783 0.05312785282997759 0.05320819377123265
0.05285216272358739 0.05294337357121442 0.05306385524726783 0.05313115609207494 0.05320584147614246 0.05330152704725755
0.05288191373053298 0.05298778065951538 0.05312785282997759 0.05320584147614246 0.05329332870660269 0.05340346371294762
0.05291683519659218 0.05304215236041093 0.05320819377123265 0.05330152704725755 0.05340346371294762  0.0535344215345747

cov.inverse():
 21453699.03141255 -33086519.82193574  8699951.830380065  595788.7501687341   590396.540905358  1746987.705594424
-33086519.82026733  60424862.48704737 -28713923.61074058  -252866.675703331  578023.5877694015   1049696.29304889
 8699951.827357089 -28713923.60666891  29168540.07376651 -1595952.176652788  -2712705.00375165 -4845413.469463713
 595788.7505004971 -252866.6762972023 -1595952.176387232  1188965.057969659   48418.0393939093  15760.44103992635
 590396.5415667946  578023.5865501694 -2712705.003155258  48418.03938479831  1711185.148252219 -215326.2753306772
  1746987.70595578  1049696.292458727 -4845413.469276924  15760.44105247863 -215326.2753012058  2248134.891089958

cov*(cov_.inverse()):
    0.9999999997817213  3.565219230949879e-10 -1.455191522836685e-10  2.273736754432321e-12 -7.275957614183426e-12   2.91038304567337e-11
-1.309672370553017e-10      1.000000000189175 -1.746229827404022e-10  2.171418600482866e-11  1.637090463191271e-11   2.91038304567337e-11
-8.731149137020111e-11  1.455191522836685e-10     0.9999999997962732  6.480149750132114e-12 -2.000888343900442e-11  -2.91038304567337e-11
-1.455191522836685e-11  2.328306436538696e-10  1.164153218269348e-10     0.9999999999982947 -1.818989403545856e-12                      0
-1.455191522836685e-11  -1.01863406598568e-10 -8.731149137020111e-11  5.798028723802418e-12      1.000000000009095 -1.455191522836685e-11
-3.637978807091713e-10 -7.275957614183426e-12 -8.731149137020111e-11  3.865352482534945e-12  3.637978807091713e-12      1.000000000014552
