5
2

0.2610030153518917
 2.381601711450749
 2.836740459678274
 7.983758112144183
 24.37326728992608

 -0.6159240931505925   0.7815773174438205 -0.04364018955884227  -0.0604206621092398 -0.06495602958534044
 -0.1952772903611716  -0.1431511890879845   0.6643931370752055   0.3308350906129956  -0.6249035278811865
 0.03528884134995956  0.03108564401133749  -0.6015320254828878   0.7544883596500177  -0.2582535921989426
 -0.7447885328485853  -0.5528548989964635 -0.07131205842508033   0.1194705508480574   0.3468182229873482
  0.1629387319186217   0.2490577790634705   0.4356042996852393   0.5507917837459628   0.6467599998317739

42.13295261611004
68.24346358938757
132.4205874449935
156.6795767810521
186.2578930460207

  1.950837667853466
-0.9966707172356443

0
0
0
0
0

0
0

0
0
0
0
0

0
0

0
0
0
0
0

0
0

0
0
0
0
0

0
0

0
0
0
0
0

0
0

0
0
0
0
0

0
0

0
0
0
0
0

0
0

0
0
0
0
0

0
0

0
0
0
0
0

0
0

0
0
0
0
0

0
0

0
0
0
0
0

0
0

0
0
0
0
0

0
0

0
0
0
0
0

0
0

0
0
0
0
0

0
0

0
0
0
0
0

0
0

0
0
0
0
0

0
0

0
0
0
0
0

0
0

0
0
0
0
0

0
0

0
0
0
0
0

0
0

0
0
0
0
0

0
0

0
0
0
0
0

0
0

0
0
0
0
0

0
0

0
0
0
0
0

0
0

0
0
0
0
0

0
0

0
0
0
0
0

0
0

0
0
0
0
0

0
0

0
0
0
0
0

0
0

0
0
0
0
0

0
0

0
0
0
0
0

0
0

0
0
0
0
0

0
0

0
0
0
0
0

0
0

0
0
0
0
0

0
0

0
0
0
0
0

0
0

0
0
0
0
0

0
0

0
0
0
0
0

0
0

0
0
0
0
0

0
0

0
0
0
0
0

0
0

0
0
0
0
0

0
0

0
0
0
0
0

0
0

0
0
0
0
0

0
0

0
0
0
0
0

0
0

0
0
0
0
0

0
0

0
0
0
0
0

0
0

0
0
0
0
0

0
0

0
0
0
0
0

0
0

0
0
0
0
0

0
0

0
0
0
0
0

0
0

0
0
0
0
0

0
0

0
0
0
0
0

0
0

0
0
0
0
0

0
0

0
0
0
0
0

0
0

0
0
0
0
0

0
0

0
0
0
0
0

0
0

0
0
0
0
0

0
0

0
0
0
0
0

0
0

0
0
0
0
0

0
0

0
0
0
0
0

0
0

0
0
0
0
0

0
0

0
0
0
0
0

0
0

0
0
0
0
0

0
0

0
0
0
0
0

0
0

0
0
0
0
0

0
0

0
0
0
0
0

0
0

0
0
0
0
0

0
0

0
0
0
0
0

0
0

0
0
0
0
0

0
0

0
0
0
0
0

0
0

0
0
0
0
0

0
0

0
0
0
0
0

0
0

0
0
0
0
0

0
0

0
0
0
0
0

0
0

0
0
0
0
0

0
0

0
0
0
0
0

0
0

0
0
0
0
0

0
0

0
0
0
0
0

0
0

0
0
0
0
0

0
0

0
0
0
0
0

0
0

 -0.07469564583642084   0.07451975156726437 5.970042344253905e-05 6.257582459225346e-05 5.953438346735247e-05
    2.659049538685507    -1.655869469862118  -0.00109825172659473 -0.001101531314065846 -0.001074797541317769

 0.007101065924367533    0.0223587654793946 -0.002603254045865385    0.9215405697419172     3.854168917349305
  -0.1997202908205768    -1.603111889239144    0.3417450554701768    -67.90902154969525     11.33146304196493

cov:
 51.3812029396331 50.48782163525448 44.64473647891178 47.49246818322867 46.75997886762439
50.48782163525448 56.49695169247912 66.27025639539384 77.19886527706643 83.90866964189419
44.64473647891178 66.27025639539384 118.4625924586639 139.5819744248732 164.6832178112248
47.49246818322867 77.19886527706643 139.5819744248732 186.3314347345927 211.5213976766563
46.75997886762439 83.90866964189419 164.6832178112248 211.5213976766563 258.9116158756232

cov.inverse():
    5.584447113736952    -7.054967629406016    0.3700098604474137    0.5369616601951034    0.6038007344400911
   -7.054967629406011     8.975749743272061    -0.518978958977822   -0.6994528896127503   -0.7332104599906186
   0.3700098604474146   -0.5189789589778233    0.1511447685702788   0.02132975976410844  -0.01219538438083894
   0.5369616601951034   -0.6994528896127505   0.02132975976410844    0.1443610465188261 -0.001800839410417382
   0.6038007344400906   -0.7332104599906181  -0.01219538438083913 -0.001800839410417382    0.1416633848967324

cov*(cov_.inverse()):
     0.999999999999968  2.131628207280301e-14 -1.110223024625157e-15  -4.73232564246473e-15 -2.664535259100376e-15
-4.263256414560601e-14     0.9999999999999787  6.217248937900877e-15   3.33066907387547e-16   1.77635683940025e-15
   1.4210854715202e-14 -5.684341886080801e-14      1.000000000000004  4.940492459581947e-15  3.552713678800501e-15
-4.263256414560601e-14 -2.842170943040401e-14  8.881784197001252e-16     0.9999999999999967                      0
 2.842170943040401e-14  5.684341886080801e-14  8.881784197001252e-16 -4.218847493575595e-15                      1
