5
2

8.840492176800492e-05
0.0001348797234412026
0.0002992993268514461
  0.08811438514641225
   0.5622027907605194

-0.03897397335915181     0.20359959274945  -0.5991998121189912   0.7190719413090639  -0.2844703211434156
  -0.268927967967235   0.7447701240823918   -0.354054323480389  -0.4074690234907297   0.2856741872127542
   0.617044087029016  -0.3043434077288495  -0.5599078952779902  -0.1785218246805212   0.4257520308261921
 -0.6165706096112309  -0.3629476686582281 -0.07588107152411262   0.2607691076899898   0.6437011796152861
  0.4065169805454333   0.4236847272372525   0.4431143565391816   0.4658690467339821   0.4917833819459099

0.3991062786026507
0.3992086741574172
0.3992872727268349
0.3993664198321039
0.3994402460959386

-0.000522398452679023
   0.3992248610034694

0
0
0
0
0

0
0

0
0
0
0
0

0
0

0
0
0
0
0

0
0

0
0
0
0
0

0
0

0
0
0
0
0

0
0

0
0
0
0
0

0
0

0
0
0
0
0

0
0

0
0
0
0
0

0
0

0
0
0
0
0

0
0

0
0
0
0
0

0
0

0
0
0
0
0

0
0

0
0
0
0
0

0
0

0
0
0
0
0

0
0

0
0
0
0
0

0
0

0
0
0
0
0

0
0

0
0
0
0
0

0
0

0
0
0
0
0

0
0

0
0
0
0
0

0
0

0
0
0
0
0

0
0

0
0
0
0
0

0
0

0
0
0
0
0

0
0

0
0
0
0
0

0
0

0
0
0
0
0

0
0

0
0
0
0
0

0
0

0
0
0
0
0

0
0

0
0
0
0
0

0
0

0
0
0
0
0

0
0

0
0
0
0
0

0
0

0
0
0
0
0

0
0

0
0
0
0
0

0
0

0
0
0
0
0

0
0

0
0
0
0
0

0
0

0
0
0
0
0

0
0

0
0
0
0
0

0
0

0
0
0
0
0

0
0

0
0
0
0
0

0
0

0
0
0
0
0

0
0

0
0
0
0
0

0
0

0
0
0
0
0

0
0

0
0
0
0
0

0
0

0
0
0
0
0

0
0

0
0
0
0
0

0
0

0
0
0
0
0

0
0

0
0
0
0
0

0
0

0
0
0
0
0

0
0

0
0
0
0
0

0
0

0
0
0
0
0

0
0

0
0
0
0
0

0
0

0
0
0
0
0

0
0

0
0
0
0
0

0
0

0
0
0
0
0

0
0

0
0
0
0
0

0
0

0
0
0
0
0

0
0

0
0
0
0
0

0
0

0
0
0
0
0

0
0

0
0
0
0
0

0
0

0
0
0
0
0

0
0

0
0
0
0
0

0
0

0
0
0
0
0

0
0

0
0
0
0
0

0
0

0
0
0
0
0

0
0

0
0
0
0
0

0
0

0
0
0
0
0

0
0

0
0
0
0
0

0
0

0
0
0
0
0

0
0

0
0
0
0
0

0
0

0
0
0
0
0

0
0

0
0
0
0
0

0
0

0
0
0
0
0

0
0

0
0
0
0
0

0
0

0
0
0
0
0

0
0

0
0
0
0
0

0
0

0
0
0
0
0

0
0

0
0
0
0
0

0
0

0
0
0
0
0

0
0

0
0
0
0
0

0
0

0
0
0
0
0

0
0

 0.5590439636255249  0.1044980146101242  -1.156700867142935   8.714617038812381  -8.221286545565182
  1.484337915167407 -0.3166615027044507 -0.2348792418678679  0.7738129168051435 -0.7065794577202789

  7.26657687280183e-08  -1.01196484014728e-07 -3.668467009087932e-07   -0.02573344002602879   -0.07087517509270354
 6.063561967404492e-09 -1.944812159343052e-08  6.313751299633142e-08  -0.008039649471914252     0.1195311560136014

cov:
0.05518445576191423 0.05617613056251695 0.05729837942679312 0.05861052651912833 0.06010710336998983
0.05617613056251695  0.0577604824267534 0.05955344207048823 0.06165195152767497 0.06404316341160096
0.05729837942679312 0.05955344207048823 0.06210557673793771 0.06509414537508128 0.06849796918553705
0.05861052651912833 0.06165195152767497 0.06509414537508128 0.06912633163192174 0.07371745222250235
0.06010710336998983 0.06404316341160096 0.06849796918553705 0.07371745222250235 0.07965939183817661

cov.inverse():
 8420097.421155408 -14121085.26254743  4365091.546984673  1207760.115570442  128276.1493741847
-14121085.26243291  36827536.10597135 -28201832.66663164   2657978.27347967  2837763.282630508
 4365091.551754192 -28201832.67322296  56330002.96353053 -46084610.33003102  13589242.86612329
 1207760.106306289  2657978.286243269 -46084610.33166145  75641540.97422065 -33420036.25978399
 128276.1537539932  2837763.276573191  13589242.86593177  -33420036.2579148  16863745.89052968

cov*(cov_.inverse()):
     1.000000000155524  1.746229827404022e-10 -1.047737896442413e-09  6.984919309616089e-10 -8.149072527885437e-10
 1.509761204943061e-10      1.000000000203727  1.164153218269348e-10 -9.313225746154785e-10 -2.328306436538696e-10
 1.546140993013978e-10  5.820766091346741e-11      1.000000000465661 -1.396983861923218e-09                      0
 1.182343112304807e-10 -2.037268131971359e-10 -3.492459654808044e-10     0.9999999990686774 -4.656612873077393e-10
  1.01863406598568e-10  8.731149137020111e-11                      0                      0                      1
