7
1

0.0008936509465599542
 0.001049520795918807
 0.001362203037994383
 0.001658055042215993
 0.002665424290322149
  0.09375533694085317
    0.694844352250977

  -0.09077269858568539   -0.01652708057089101   -0.04070590727720039     0.5479248767739655   -0.04446738330041872    -0.7365202937338521     0.3810105511201293
   0.09975711863414292    0.01976614300364617    0.08298898103650529     -0.615749263037958     0.6288802233348566    -0.4118321381670765     0.1962840942061841
    0.2099631837893684    -0.1258377299311174    -0.7401819205188076     0.2987117139092501     0.4924766791507543    0.09250117918267242     -0.227799508409839
   -0.4325193091915442     0.8359831472203046     -0.322745053352868   -0.09354629225819668   -0.01649923828321696 -0.0009462283158450735    0.02950976565734446
    0.5319859630512846    0.05546390720556631     -0.418377748501832    -0.2811448837892436    -0.4406521672190258     0.0396081209032134     0.5138960675810353
   -0.5945221045779645    -0.3971409561584859    -0.1722118332252571   -0.05161507244440672     0.1241690958875958     0.3407172792698933     0.5700835624159371
     0.337913813549213      0.351903416333228     0.3670495297209109     0.3754264458909101     0.3874719542122577      0.402141412637597     0.4176788665754835

0.4020847985740301
0.4022756798701739
0.4015975268405104
0.4015034605564812
0.4014108171794502
0.4011521615021055
0.4008936492879543

0.003339297428549394

 3.210296494419839 0.8300459024956479 -0.507371373360838 0.7882244980153794 -3.570736262279719  -1.65628193260115 0.9107585870426261

 1.495872574104402e-06 -1.735388238801942e-06 -1.741646266728016e-06 -1.421959730163963e-06  2.643169966841821e-05   -0.02355769311929339   -0.08817326311707281

cov:
0.05823939783743399 0.05948682374962612 0.06078177973177539  0.0615187609272941 0.06256489069923138 0.06382809971217637 0.06516597501946117
0.05948682374962612 0.06117745210136166 0.06296289903638068 0.06396547876955336 0.06539849496170184 0.06713522368837259 0.06897470528604491
0.06078177973177539 0.06296289903638068 0.06530981270524733 0.06660965049257553 0.06847847045223258 0.07074934905355852  0.0731546327740195
 0.0615187609272941 0.06396547876955336 0.06660965049257553 0.06807430271422488 0.07017721081859443 0.07273715450623826 0.07544834053690082
0.06256489069923138 0.06539849496170184 0.06847847045223258 0.07017721081859443 0.07262403862443563 0.07560211129071437 0.07875772315542708
0.06382809971217637 0.06713522368837259 0.07074934905355852 0.07273715450623826 0.07560211129071437  0.0790997861272332 0.08280257755955779
0.06516597501946117 0.06897470528604491  0.0731546327740195 0.07544834053690082 0.07875772315542708 0.08280257755955779 0.08708755628623846

cov.inverse():
 151032.9929189877  -137913.832856296 -52149.16895537086 -90575.67752181154  87324.90305004962   59976.0634438185 -17506.42284780295
-137913.8328564788  263894.2876858568 -48873.93144252674 -73284.48892391249 -29654.68486456805  1585.231978890818  24045.69041213676
-52149.16895569796  -48873.9314434017  366110.9724033364 -165933.7757431304 -118912.4887287853 -32613.01045281819  52497.15489243769
-90575.67752112089 -73284.48892351221 -165933.7757470021  782536.7591234583 -284783.9013461405 -261750.6753819091  93670.27297155715
 87324.90305038464  -29654.6848631891 -118912.4887281064  -284783.901352326  519660.9710539269 -172014.8556771718 -1650.735864379306
 59976.06344312517  1585.231977027501 -32613.01044899514 -261750.6753772159 -172014.8556842231  838079.9222016871 -433253.3102484944
 -17506.4228476262  24045.69041291405  52497.15489060473  93670.27297027012   -1650.7358611204 -433253.3102495887   282245.845840821

cov*(cov_.inverse()):
     0.999999999998181  3.637978807091713e-12 -2.273736754432321e-12 -1.091393642127514e-11  1.250555214937776e-12 -1.091393642127514e-11  7.275957614183426e-12
 -1.13686837721616e-12     0.9999999999993179  9.094947017729282e-13 -1.546140993013978e-11 -3.069544618483633e-12 -7.275957614183426e-12  3.637978807091713e-12
-1.818989403545856e-12  2.955857780762017e-12     0.9999999999986358  1.818989403545856e-12   1.20792265079217e-12 -1.455191522836685e-11  3.637978807091713e-12
-6.821210263296962e-13  1.818989403545856e-12 -4.547473508864641e-12     0.9999999999972715  2.302158463862725e-12 -7.275957614183426e-12  3.637978807091713e-12
-1.364242052659392e-12   1.13686837721616e-12 -7.275957614183426e-12 -2.000888343900442e-11      1.000000000006224 -7.275957614183426e-12  3.637978807091713e-12
-9.094947017729282e-13 -1.818989403545856e-12 -3.637978807091713e-12 -6.366462912410498e-12 -5.996980689815246e-12     0.9999999999854481  7.275957614183426e-12
-9.094947017729282e-13  4.547473508864641e-13 -9.094947017729282e-13 -5.456968210637569e-12  1.392663762089796e-12 -7.275957614183426e-12      1.000000000003638
