6
1

0.0008865475747407568
 0.001117200159255389
 0.001840019425863847
 0.002694415524041993
   0.1047047683745463
   0.6260148180522794

-0.003713896325267767   0.02936088340182499    0.2859460361814227 -0.002268467375278834   -0.8140160287620408    0.5047095886411569
 0.006050712826204813   -0.1539989258956812    0.6796485736108704    -0.685700207106212    0.2040525364552242  -0.05003323322220417
  -0.6767631661167226    0.6780637352173574    0.1942110981287021   0.03986570809925277   -0.0313107501119184   -0.2047769508015344
  0.08935127771071141    0.4121525638494675    -0.501734633635773   -0.5853814272923735    0.1253402382488996    0.4604643090957261
  -0.6372696419474349    -0.454781028788984  -0.04395130739299929    0.1036706054154996    0.3010516465548306     0.532682094277325
   0.3575541433960757    0.3727684540004311      0.40611004682636    0.4180930464644659    0.4340712326271222    0.4528285697841422

0.3996578934515658
 0.399744185242525
0.3992386620042806
0.3991040295343327
0.3988704808000471
0.3986213132949467

0.002709868481352762

   1.689714014626548 0.004463751315007869  -0.5353225650314932    3.282905448433495   -2.563077238769488   -1.877104433430606

 7.642176932049803e-07 -3.787429857773041e-06 -2.197165836495667e-06 -1.949959204856028e-05     -0.027259534289076   -0.07899667396274124

cov:
 0.0545556025460685 0.05540964271028129 0.05721186683529044 0.05785990470537036 0.05872046612421034 0.05973114629858306
0.05540964271028129 0.05672649447171891  0.0595449155945544 0.06055910034309896 0.06191095860484063 0.06349696120529763
0.05721186683529044  0.0595449155945544 0.06465712779122902  0.0664920996830019  0.0689378952206645 0.07181030563433027
0.05785990470537036 0.06055910034309896  0.0664920996830019 0.06862477823079995 0.07146332161875917 0.07479870813855014
0.05872046612421034 0.06191095860484063  0.0689378952206645 0.07146332161875917 0.07483422092254667 0.07878893537087114
0.05973114629858306 0.06349696120529763 0.07181030563433027 0.07479870813855014 0.07878893537087114 0.08347209662833451

cov.inverse():
 136462.3945959274 -131324.3480775394 -43049.49941086597 -18492.44517430176  12619.88814019845  43942.14469120398
-131324.3480774996  179314.2314035011    -62761.62490027  59266.39887095358 -54752.43809119584  10135.27618880026
-43049.49941118249 -62761.62489977294  519937.1411305498 -331467.2609500472 -195497.1067934234  112804.8245532868
-18492.44517448554  59266.39887092186 -331467.2609485571  424387.6271069514 -120224.6764239212 -13503.53001331701
 12619.88814115673 -54752.43809217327 -195497.1067956605 -120224.6764212759  878888.4521236138 -521042.5601421344
 43942.14469070617  10135.27618935203  112804.8245542148 -13503.53001468731 -521042.5601417467  367723.0307644064

cov*(cov_.inverse()):
    0.9999999999995453  4.547473508864641e-13 -2.728484105318785e-12  3.865352482534945e-12 -7.275957614183426e-12  7.275957614183426e-12
                     0     0.9999999999987494 -2.728484105318785e-12  2.387423592153937e-12                      0 -3.637978807091713e-12
-9.094947017729282e-13 -1.477928890381008e-12      1.000000000007276  5.684341886080801e-13 -7.275957614183426e-12  3.637978807091713e-12
-9.094947017729282e-13 -3.410605131648481e-13                      0      1.000000000002615 -1.455191522836685e-11  1.091393642127514e-11
-9.094947017729282e-13  -1.13686837721616e-12 -3.637978807091713e-12  2.955857780762017e-12      0.999999999992724  7.275957614183426e-12
-1.364242052659392e-12  4.547473508864641e-13 -1.818989403545856e-12  2.046363078989089e-12                      0      1.000000000003638
