5
1

0.001700721097650817
 0.00178762957331337
0.008875876960385026
 0.08411797345736682
  0.5525856692499828

   0.4656925436670342   -0.2949732009032069   -0.6656759313345442    0.5029180025850307 -0.008384666935209881
   0.3578718815606877   -0.7721371368688569    0.5149781057196945   -0.1025708462683162  0.002954721870901318
   0.3679950335972348   0.06587118713174228   -0.2966843736022909   -0.6856574850575923    0.5496297277243466
  -0.5911695449284672   -0.3609861778249261   -0.0885523425716417    0.2297768776193834    0.6779149044717797
   0.4125001764338777    0.4267845108975805    0.4425042035467388    0.4622002854474124    0.4881183377785862

0.4004244330930462
0.4007532057809516
0.4006111310855776
0.4006049009554882
0.4007149536024024

-0.0002107375964735987

    3.369471025445479     1.050228225234532   -0.7975719135691276    -3.609762784157126 -0.009885506851701795

-7.248203267068739e-08  1.132571846380999e-06   0.000316336659168386   -0.02219378481289568   -0.05742401309715847

cov:
0.05444198977689228 0.05526726930038307 0.05609814581553008 0.05723702576664342 0.05866226908121261
0.05526726930038307 0.05654270718198035 0.05789066965665575 0.05964285106391894 0.06188238399943038
0.05609814581553008 0.05789066965665575 0.05985530381812465   0.062322985966069 0.06551649953708449
0.05723702576664342 0.05964285106391894   0.062322985966069 0.06564323180668383 0.06996223786119905
0.05866226908121261 0.06188238399943038 0.06551649953708449 0.06996223786119905 0.07602839199890377

cov.inverse():
 116824.0859406501 -133623.3446677991 -50881.94680466857  66263.06212418311    1492.3384403029
-133623.3446676692  216722.1175579459 -56787.95887744823 -27088.57325501609  566.7986169009189
-50881.94680491638 -56787.95887710132  237308.6750191131 -129692.2504766621  328.1815060555868
  66263.0621243053 -27088.57325524102 -129692.2504765593  96711.53155494219 -6313.549214184085
 1492.338440298238  566.7986169092728  328.1815060521012 -6313.549214184301  3927.347556938644

cov*(cov_.inverse()):
     1.000000000000156 -1.918465386552271e-13  -1.27897692436818e-13  -1.13686837721616e-13  8.526512829121202e-14
 -1.13686837721616e-13     0.9999999999989626 -1.744382416291046e-12 -4.547473508864641e-13                      0
-1.620037437533028e-12  3.836930773104541e-13      1.000000000001283 -9.094947017729282e-13  5.684341886080801e-14
 -1.35003119794419e-12 -4.192202140984591e-13 -3.304023721284466e-13      1.000000000000625                      0
-2.700062395888381e-13 -4.973799150320701e-13 -1.129762949858559e-12 -8.526512829121202e-13      1.000000000000057
