7
1

0.0006646725928999506
0.0008293399285409732
 0.001046289638506365
    0.001417980504403
 0.001782531381409105
   0.1098345372553679
   0.7378147593231359

   0.02743656618266429    0.02676623286596541    0.02117424147228929    -0.6815498473742015     0.6596118236002395     0.1933448236629173    -0.2471887578067972
  -0.05692784403080118    0.03181294425410298    0.05381047415146323    0.03466915811749195    -0.3751071494451539      0.789301005515767    -0.4774391988786004
   0.05058044923720291     0.1253276846864432    -0.8267672737571194     0.3894243297472356     0.3317516960950178    0.09544582980199061    -0.1654389971038366
   -0.4889647572128487    -0.2625568073932602     0.3784501989213236     0.4754685022040092     0.3989899347848322     -0.116043854220948    -0.3873285366216498
    0.5761294667119623    -0.8038487821315374 -1.503602427318108e-05    0.09275721427430442    0.06968920632910766     0.0888508907775339   -0.02338815416149991
   -0.5621357775871869    -0.3870462705458331    -0.1982998940942444    -0.1055739259657534    0.04755383119582298     0.3706378877149163      0.586596999225384
    0.3262510458396904     0.3430025067267753       0.36133718065877     0.3698871384472143      0.384495462054093     0.4144619339864348     0.4346412625241582

0.4037183747108046
0.4033016365401539
0.4016389271635036
0.4010498241900147
0.4003963746878864
0.3986641560052295
0.3975098846717923

0.01281095420295482

  1.032288092485643  0.4080578728855699 -0.5467353361970397   1.016164467826574  0.6236884769700204  0.7105697019562743  -3.240642786352369

3.025945033278669e-07 1.261528998606426e-06 1.928851912830048e-06 2.183451179294507e-06  1.72651790997426e-06  -0.02828938008510427   -0.1192973430384947

cov:
0.06175627563927983 0.06354126061597766 0.06551834972511339 0.06640815746791942 0.06796425959559073  0.0710958657961169 0.07321533139162366
0.06354126061597766 0.06585499425497113  0.0683946407189514 0.06955800860393647 0.07157079891664152 0.07565782561223007 0.07841772859232092
0.06551834972511339  0.0683946407189514 0.07155092390888304 0.07300985737620072 0.07551701103688906   0.080638430319266 0.08409108929877107
0.06640815746791942 0.06955800860393647 0.07300985737620072 0.07461419354220383 0.07736012036083084 0.08298213945216797 0.08677001441892206
0.06796425959559073 0.07157079891664152 0.07551701103688906 0.07736012036083084 0.08050601402656986 0.08696265041710298 0.09131009679578765
 0.0710958657961169 0.07565782561223007   0.080638430319266 0.08298213945216797 0.08696265041710298 0.09516899126462673  0.1006867528558785
0.07321533139162366 0.07841772859232092 0.08409108929877107 0.08677001441892206 0.09131009679578765  0.1006867528558785  0.1069902644158398

cov.inverse():
 232151.8381977631 -77065.88489331088 -133365.3919274365 -126005.9921541845  2944.556889253961 -4597.560245650419  106446.0062444791
 -77065.8848928588  255102.9686112244 -140287.8471023829  -80656.4830967508 -9139.131601339301  51811.76902750598  477.3072914700243
-133365.3919279611 -140287.8471007929  700860.2408866101  -234563.543136654 -173183.9457916878 -22913.97982149758  2832.067770826694
-126005.9921559132 -80656.48309742475 -234563.5431267418  1306849.821013888  -822093.824153989 -249385.8825913538  206141.3364823143
  2944.55689190446 -9139.131602110521 -173183.9458023264  -822093.824145316  1370641.072648363 -133939.8424014011 -236189.6989887563
-4597.560246858848   51811.7690282113 -22913.97982231338 -249385.8825892066  -133939.842401671  1007905.363797499 -648777.9973643428
 106446.0062448382  477.3072910693285  2832.067773441911  206141.3364790058 -236189.6989885821  -648777.997363783  569536.9303891563

cov*(cov_.inverse()):
     1.000000000003638  9.947598300641403e-13  4.519051799434237e-12  5.456968210637569e-12                      0  7.275957614183426e-12                      0
 3.637978807091713e-12      1.000000000003212  7.958078640513122e-13 -5.456968210637569e-12 -7.275957614183426e-12  7.275957614183426e-12 -7.275957614183426e-12
 1.818989403545856e-12  2.380318164796336e-12     0.9999999999967599 -7.275957614183426e-12  2.182787284255028e-11  1.455191522836685e-11                      0
 1.818989403545856e-12  1.968203378055478e-12 -4.831690603168681e-13      1.000000000003638  1.091393642127514e-11  1.455191522836685e-11  7.275957614183426e-12
 3.637978807091713e-12 -1.072919530997751e-12   1.13686837721616e-12  7.275957614183426e-12      0.999999999992724  1.455191522836685e-11  1.455191522836685e-11
 3.637978807091713e-12  7.958078640513122e-13 -5.286437954055145e-12  3.637978807091713e-12 -7.275957614183426e-12                      1  7.275957614183426e-12
                     0  1.101341240428155e-12  1.875832822406664e-12                      0 -7.275957614183426e-12                      0                      1
