5
1

0.001702477956217269
 0.00179650162552355
0.004948796709343012
  0.0931586936861466
  0.5545677631550346

  0.4346600648339426   -0.264947197909755  -0.6768346729760829   0.5311901184037603 -0.02460678617536149
  0.3816139782720389  -0.7831870838427463    0.483077651908696  -0.0870639846320535 0.006678929229524989
  0.4178266271181499  0.08652498350026656  -0.3198054679605717  -0.6831158317714449   0.4990105809971129
 -0.5685490548619362  -0.3592388145103588  -0.1111364397241213   0.1773238634723221   0.7098622299950097
   0.409407231876295   0.4241248346903714   0.4403452760183835   0.4606147289401906   0.4964211442494202

0.4007148964682103
0.4010896333015995
 0.400968458157696
0.4009926721779632
0.4011918463876434

-0.0005839850206490587

   3.358478788010467    1.017745146447861  -0.8232004529145284   -3.472544257816743 -0.07802106842466605

-2.763447059095395e-07  1.254498375976613e-06  0.0001001126995378883   -0.02477493911865914   -0.05969218707116054

cov:
0.05435961671548343 0.05517424949559237 0.05598928827983637 0.05711522953258907 0.05900753546844461
0.05517424949559237 0.05644419827487345 0.05778270784933626 0.05952702729770832 0.06253994811020283
0.05598928827983637 0.05778270784933626 0.05974604943899272 0.06221242988057446 0.06653989876019738
0.05711522953258907 0.05952702729770832 0.06221242988057446 0.06553581287962056 0.07140701872368865
0.05900753546844461 0.06253994811020283 0.06653989876019738 0.07140701872368865 0.08016888526926988

cov.inverse():
 117472.0458513946 -130837.2676968277 -49829.30069064211  57699.35122090625  5567.222112233891
-130837.2676967341  214593.5872115308 -56481.71739678409 -29848.99328069594  2362.865394020984
-49829.30069079986 -56481.71739655341  234537.6932210502 -128155.1924491507  221.2051140752689
 57699.35122096104 -29848.99328082643 -128155.1924490659  118757.3571231125  -18593.4644127479
 5567.222112242974  2362.865394014697  221.2051140635617 -18593.46441273899  10449.23298319593

cov*(cov_.inverse()):
    0.9999999999998295  5.115907697472721e-13  2.104982854689297e-12  2.273736754432321e-13   1.13686837721616e-13
 1.250555214937776e-12      1.000000000002302  8.490985692333197e-13                      0                      0
 3.979039320256561e-13  2.017941369558685e-12     0.9999999999999112  -1.13686837721616e-12   1.13686837721616e-13
 9.663381206337363e-13  1.875832822406664e-12 -2.806643806252396e-12      1.000000000001819 -2.273736754432321e-13
 3.410605131648481e-13  1.591615728102624e-12  9.912071163853398e-13 -2.273736754432321e-13                      1
