7
1

0.000812564395191507
0.000855335581103331
0.001274826692858293
0.001286583141538956
0.001780313778818731
  0.1106975978900728
  0.7459080558033291

 -0.0291752167784463  0.06162733189868565  -0.2022642782030294  0.09886911050451802  -0.2482941829364052   0.8046248262675072  -0.4853800852053569
-0.05020853329997791 -0.03660134432891935     0.43957442859586  -0.7916348900748708   0.3253502999731213   0.2356142230294017  -0.1219060602743045
  0.2008095178543319  0.04762632245573709   0.1726054013745068  -0.2713534984199771   -0.772912845527181   0.1361751844987488   0.4878975072757032
 -0.3589044730164667  -0.2894466622504839    0.742287157157019   0.3775867256926689  -0.2183961349324291 -0.04478327336109023  -0.2101043467777591
  0.6069853898591957  -0.7835252339803561 -0.01609884567754548  0.05225706524620347  0.08521171705604004  0.08189298395451804  -0.0264475512779429
 -0.5965923542678933  -0.4249198892384777  -0.2398951403473616 0.001166923556537022   0.1553142139597038   0.3180061409295925   0.5298294062799203
  0.3211500054869248   0.3381509605536395   0.3567517120201354   0.3802663286453168   0.3949968363309196    0.410708215067736   0.4312059815055354

 0.403869003774448
0.4034224714490182
0.4017287333991673
0.4004396627514769
0.3995597139747377
 0.398650810256748
0.3974605012867402

0.01320728980380682

    1.0273461879243  0.3469590389169416 -0.1433927156050789  0.3512658919906263   1.846581471102803  0.2159337121231538  -3.641723705665772

 1.015489203532471e-06  5.049673479099716e-07 -4.992354376201953e-06 -1.502429667485857e-07  2.040364160308827e-06   -0.02817860513916489    -0.1238375174462885

cov:
0.06174633211953044 0.06352628044127161 0.06549812912862936 0.06793767594157775 0.06944304624510433 0.07106116378698277 0.07317521012233417
0.06352628044127161  0.0658343620710114 0.06836807942158521 0.07153693780947783 0.07350581957266811 0.07561467077094769 0.07836850056603173
0.06549812912862936 0.06836807942158521 0.07151766701838551 0.07547540807962522 0.07794564279814602 0.08058621947511109 0.08403207159204733
0.06793767594157775 0.07153693780947783 0.07547540807962522 0.08045460464049022 0.08357255837804989 0.08689880246990876  0.0912384340811023
0.06944304624510433 0.07350581957266811 0.07794564279814602 0.08357255837804989 0.08710440319910451  0.0908654975176387 0.09577310818540816
0.07106116378698277 0.07561467077094769 0.08058621947511109 0.08689880246990876  0.0908654975176387 0.09509040933380238  0.1005990958334389
0.07317521012233417 0.07836850056603173 0.08403207159204733  0.0912384340811023 0.09577310818540816  0.1005990958334389  0.1068928493648908

cov.inverse():
 223636.8331961727 -81597.96556443593 -163917.7477254017 -55430.12135388295 -43194.44566090942 -9520.322451553784  130563.8830520875
-81597.96556462886  253299.3866226152 -161621.0160888172   -38062.211623763 -44983.72415702737  54880.58059045341  18351.41301333533
 -163917.747725268 -161621.0160885754  677359.4219523451 -365696.9662459617  91086.23521253739 -110963.5327323154  33169.98899412039
-55430.12135344555 -38062.21162361626 -365696.9662482113   1003702.18617989 -308590.2260719636 -166064.3127151643 -70597.68825224318
-43194.44566244715 -44983.72415691691  91086.23521747559 -308590.2260762615  636752.8022503842 -254450.8955311177 -76703.64697878684
-9520.322449542913   54880.5805879871 -110963.5327336328 -166064.3127127523 -254450.8955315752  1071180.204591179 -584870.9349796468
 130563.8830512373  18351.41301510806  33169.98899312533 -70597.68825202386 -76703.64697911451 -584870.9349794651  550516.7240496927

cov*(cov_.inverse()):
     0.999999999998181  1.591615728102624e-12 -3.183231456205249e-12  1.000444171950221e-11  5.456968210637569e-12 -1.455191522836685e-11 -7.275957614183426e-12
-3.637978807091713e-12     0.9999999999997726  5.002220859751105e-12 -8.185452315956354e-12  8.185452315956354e-12                      0 -7.275957614183426e-12
-5.456968210637569e-12  2.501110429875553e-12      1.000000000006821  9.094947017729282e-13                      0  7.275957614183426e-12 -7.275957614183426e-12
                     0  2.273736754432321e-12  3.183231456205249e-12      1.000000000009095  2.728484105318785e-12 -7.275957614183426e-12                      0
-3.637978807091713e-12  2.728484105318785e-12                      0 -1.182343112304807e-11      1.000000000008185 -7.275957614183426e-12 -7.275957614183426e-12
-1.818989403545856e-12  2.046363078989089e-12  2.273736754432321e-12 -4.547473508864641e-12  1.546140993013978e-11     0.9999999999854481 -7.275957614183426e-12
                     0  4.547473508864641e-13  1.818989403545856e-12  9.094947017729282e-13  7.275957614183426e-12 -7.275957614183426e-12      0.999999999992724
