6
1

0.001644825786808607
 0.00171722165666808
0.001801946729737399
0.003320226727736189
  0.1047935528966417
    0.61789647429006

-0.02050821737448439 -0.07058752609873774  -0.2200031292017856   0.1680006308989352   0.7451371941404202  -0.6022804888479327
  0.4993204562102221  -0.2871819083477243  -0.6382622735918793    0.452663983888195  -0.1800693708886953   0.1532881045460418
 -0.3508289018310699   0.7722771932666554  -0.5101292660619042   0.1121121368998261 -0.07307790463439792  0.04863783425818542
  0.3866701313478644  0.09733262444917148  -0.3054682447594709  -0.7598581799827042   0.3157689400756478   0.2657202363044717
 -0.5870445174925734  -0.4036932462848966  -0.1860974107341778  0.06941274271412884   0.3430330996782269   0.5790409439564339
  0.3647499426668623   0.3790646548532262   0.3950252274469237   0.4148486373727859    0.435457773428362   0.4533207165757901

0.4005539894245588
0.4009002012907347
0.4007827067645961
 0.400790470104395
0.4009208575023325
0.4009577786398277

-0.0004352477923640676

  2.776837503338678  0.9819813971630617 -0.4240775931734134  -2.775759763627719  0.1725203091695819 -0.7292809616409488

 1.852920009759096e-07 -7.119994888926486e-08 -1.164940408299313e-06  3.603402512577759e-05    -0.0274915947774234   -0.07232309263458743

cov:
0.05458241695335047  0.0553901990344579 0.05620932118790221 0.05732166250123811 0.05843156553735145 0.05939789294392307
 0.0553901990344579 0.05665224377006373 0.05799416857974577 0.05973045792186837 0.06150121557152601    0.06304038559317
0.05620932118790221 0.05799416857974577 0.05996086489837173 0.06242665157938175 0.06497324633917921 0.06718513965812664
0.05732166250123811 0.05973045792186837 0.06242665157938175 0.06576686617983467 0.06923000976396167 0.07223947555822208
0.05843156553735145 0.06150121557152601 0.06497324633917921 0.06923000976396167 0.07369244168282178 0.07754822887099853
0.05939789294392307    0.06304038559317 0.06718513965812664 0.07223947555822208 0.07754822887099853 0.08214283340397295

cov.inverse():
 136204.2973703025  -128098.674534437 -61993.82539064279  36605.66696775817 -17185.33201901346  34555.94527885781
-128098.6745344478    214364.55477458 -56121.19686017808 -28513.29092788494 -16509.91311857954  14679.03247127498
-61993.82539050742 -56121.19686032974  244651.6398704164 -108197.1571031408 -18892.50718138398  784.4416325998695
 36605.66696765497 -28513.29092789535 -108197.1571030541  136166.1886664624 -5656.725502423494 -30501.43795579856
-17185.33201918416 -16509.91311811926 -18892.50718153411 -5656.725502695676  226922.7504708649 -168705.6362381155
  34555.9452790074   14679.0324709658  784.4416326466805 -30501.43795555315 -168705.6362382479  149210.9005569458

cov*(cov_.inverse()):
    0.9999999999995453   1.13686837721616e-13 -2.430056156299543e-12  9.094947017729282e-13                      0 -1.818989403545856e-12
-4.547473508864641e-13     0.9999999999986358 -3.765876499528531e-13 -9.094947017729282e-13                      0 -1.818989403545856e-12
                     0 -9.094947017729282e-13     0.9999999999974705 -9.094947017729282e-13 -1.818989403545856e-12                      0
-4.547473508864641e-13 -1.591615728102624e-12 -1.108446667785756e-12                      1                      0 -1.818989403545856e-12
                     0                      0 -1.797673121473053e-12 -4.547473508864641e-13      0.999999999998181  1.818989403545856e-12
-9.094947017729282e-13                      0 -2.131628207280301e-13  4.547473508864641e-13                      0                      1
