6
1

0.0005207883849476011
 0.000664293549832375
 0.001259729570727499
 0.001980879946598157
  0.06963735007898481
    0.588875239267718

-0.04487473813492208 -0.04852842310401091   0.6402518242409679  -0.7486833461874407   0.1500140190744141  0.05174836042998219
 0.05735675583169616  0.02099217037671835  -0.4259324717991416  -0.2203304992697741   0.8339730840817869  -0.2660722212653108
 -0.1195738993978134      0.8039987609809  -0.3389087944903448  -0.3611092591817681  -0.2088845761100545   0.2244910705074901
  0.7130178062398209  -0.3226685926488057  -0.3265312984956833  -0.3052657369123404  -0.1598738570358054   0.4026426183473082
 -0.5685081312872293  -0.2984972285555441  -0.1586516078508569 0.007479480951235714   0.1983193469349203   0.7232849165628356
  0.3857494726708555   0.3969567950517912   0.4025008552405187   0.4090045334692141   0.4164873460735375   0.4368859014539954

0.3821891881147271
 0.380802454306192
0.3800488061841764
0.3791241420272318
0.3781118346556934
0.3753137024754487

0.02083507560521772

  3.546392051605273   1.859991074852599   2.740519293738382  -5.420604212756291  -2.223020103819906 -0.4990999499583972

 1.411491624769693e-06 -6.405879542272873e-07   3.89164807661328e-06  1.115475570923606e-05   -0.01866298394255711   -0.05255182197111125

cov:
0.05317023931478191 0.05392195229140801 0.05427821546608699  0.0546902777549208  0.0551655049703343 0.05644836388805079
0.05392195229140801 0.05507633158331107  0.0556355994316873 0.05629034554948194 0.05704415041255446 0.05909203288107859
0.05427821546608699  0.0556355994316873 0.05630265366541084 0.05708230702833294   0.057979599844435 0.06042211494235752
 0.0546902777549208 0.05629034554948194 0.05708230702833294 0.05801101272784322  0.0590786916955247 0.06199010844872727
 0.0551655049703343 0.05704415041255446   0.057979599844435  0.0590786916955247 0.06034322969425062 0.06379329747576581
0.05644836388805079 0.05909203288107859 0.06042211494235752 0.06199010844872727 0.06379329747576581 0.06872616427345395

cov.inverse():
 153520.7321963546 -108420.7301960386 -195072.8836469602  66974.04153329239  70241.86472905839  13020.29781316915
-108420.7301962696  443573.2003534049 -279663.2658259864 -34372.59109458122 -79863.52705144061  58666.08611826766
 -195072.883645668 -279663.2658274138  2022069.129287128 -1452177.751802748 -392920.8531673552  297500.9019812458
 66974.04153223459 -34372.59109162313 -1452177.751813102  2282612.714476142  -770527.199780127 -92406.09690501422
 70241.86472877834 -79863.52705364551 -392920.8531528368 -770527.1997943643  1693092.404968587 -520144.1745711442
 13020.29781344525  58666.08611871111  297500.9019769434  -92406.0968992269 -520144.1745733478  243483.2455777444

cov*(cov_.inverse()):
    0.9999999999996589 -4.547473508864641e-13  7.275957614183426e-12  3.637978807091713e-12 -1.091393642127514e-11 -7.275957614183426e-12
 9.094947017729282e-13                      1 -1.818989403545856e-11 -1.818989403545856e-12  7.275957614183426e-12 -9.094947017729282e-12
-1.932676241267473e-12 -3.183231456205249e-12     0.9999999999890861  7.275957614183426e-12                      0 -3.637978807091713e-12
-3.410605131648481e-13 -3.637978807091713e-12 -2.182787284255028e-11      1.000000000010004  7.275957614183426e-12 -5.456968210637569e-12
-1.932676241267473e-12 -3.183231456205249e-12  3.637978807091713e-12 -1.818989403545856e-11      1.000000000007276 -1.818989403545856e-12
 3.410605131648481e-13                      0                      0  2.728484105318785e-12 -7.275957614183426e-12      0.999999999996362
