5
1

0.001185375414701384
0.002002901647260421
0.003205853693583717
 0.09136274075068977
  0.5714739428251322

-0.02488711313601404   0.2011130614268956  -0.7136676203993917   0.6593780073859482  -0.1217921963528972
 -0.5866571676201242   0.6302271398446208   0.3098849668653944   0.0470586252006037  -0.4005045729929507
 0.05498463084924095   0.5628053359923473  -0.4406709473304968  -0.5732513974256568   0.3967603756391112
  -0.705006721855575  -0.2478518557872479 -0.01707018372929376   0.1500345289103538   0.6470959964977144
  0.3938987329105258   0.4291700130346126   0.4474008939537268   0.4603027315301805   0.4986087880880296

 0.399221585642063
0.3992589776071774
0.3992440715876893
0.3992186342512191
0.3990592720867607

0.0008614246996492339

  2.648327744563177  -1.361702789419352 -0.6604579078372721   1.883144427289604  -2.508379939320614

 2.358888719494476e-06 -6.110783466774595e-06 -2.471175657962128e-05   -0.02386400290680678   -0.07204483599142691

cov:
0.05482153261298762 0.05666599645806909 0.05765334014166921 0.05833015622297005 0.06033438631692836
0.05666599645806909 0.06066988784297189 0.06274079025222767 0.06420234502522668 0.06854720852163576
0.05765334014166921 0.06274079025222767 0.06537674456231211 0.06723696101206658 0.07275899367217517
0.05833015622297005 0.06420234502522668 0.06723696101206658 0.06938773200222405 0.07576213610068507
0.06033438631692836 0.06854720852163576 0.07275899367217517 0.07576213610068507 0.08468941493287145

cov.inverse():
 86587.52174072653 -92693.80860491355 -35032.73954664377 -21639.62073528434   62795.4226711517
 -92693.8086048377  158621.8958108531  -77594.0635250613  70373.59974903596 -58643.13007348029
-35032.73954694853 -77594.06352469133  405309.8243339494 -306687.7700987339  13908.71491578128
-21639.62073501359  70373.59974874793 -306687.7700988976  341956.0042863397 -83969.45944287252
 62795.42267110995 -58643.13007348659  13908.71491601013 -83969.45944305335  65909.31220416431

cov*(cov_.inverse()):
     1.000000000000455  4.547473508864641e-13  1.591615728102624e-12  2.728484105318785e-12  4.547473508864641e-13
 9.094947017729282e-13                      1 -1.932676241267473e-12 -9.094947017729282e-13                      0
                     0  2.728484105318785e-12      1.000000000000114  9.094947017729282e-13 -1.818989403545856e-12
 9.094947017729282e-13  9.094947017729282e-13  -1.13686837721616e-12      1.000000000000909                      0
 9.094947017729282e-13  9.094947017729282e-13  2.273736754432321e-13                      0                      1
