5
1

0.0008503586534950952
 0.001444192465222916
 0.002277431510237223
    0.101582451903048
   0.6874561205054385

 -0.1023207038972834  -0.3176570354090272   0.8646524234077505 -0.07756019915161462  -0.3674031622234339
 -0.3877991999526232   0.7688929062820531  0.03201218461690184  0.08702390324470546  -0.4998175061813589
 0.06408400802762901  -0.3107171291636758  -0.1988433018882641   0.8392348851476217  -0.3943275978229642
 -0.8410273563527542  -0.1557777215254409  0.05884579829127501   0.2355345410674968   0.4576755830609999
  0.3573632323721654   0.4325342456325417   0.4564536340624238   0.4760457365495463   0.5002361274116585

0.3645764830836421
0.3401903531188706
0.3324500057588231
0.3253217745482562
0.3185223691524512

0.09197787996787241

  1.073251326984191 -0.8742892489173303   2.014617390394787   4.618869170659299  -6.793927329960985

2.926947664430905e-06 5.785140571356946e-06 3.368856951307975e-05  -0.02754550948313473   -0.1298764326293301

cov:
0.06765375235097587 0.07440124284475859 0.07657887353222839 0.07835471945430869 0.08051241843311351
0.07440124284475859 0.08866823482800371 0.09321105640832304 0.09693056478279963  0.1015194459119601
0.07657887353222839 0.09321105640832304 0.09850180238100413  0.1028338085416161  0.1081880566842307
0.07835471945430869 0.09693056478279963  0.1028338085416161  0.1076756061302725  0.1136523437705356
0.08051241843311351  0.1015194459119601  0.1081880566842307  0.1136523437705356  0.1204235119607667

cov.inverse():
 87443.79268598613 -101839.9271127726 -130762.4863603179  5144.511817060169  140011.4888904799
-101839.9271135323  441614.5635222654 -356122.8070760344  15874.30297868494  755.6309169747842
-130762.4863591089 -356122.8070786035   1042015.96956013 -123578.3697882028 -431870.1265205331
  5144.51181698589  15874.30297885869 -123578.3697882286  147748.6028593646  -45240.4914138832
 140011.4888901042  755.6309186109409 -431870.1265218661 -45240.49141380961  336450.1013136805

cov*(cov_.inverse()):
                     1  4.661160346586257e-12                      0  3.183231456205249e-12                      0
 3.637978807091713e-12     0.9999999999955804  1.455191522836685e-11  2.728484105318785e-12                      0
 1.818989403545856e-12 -3.353761712787673e-12                      1  9.094947017729282e-13                      0
 1.818989403545856e-12 -3.097966327914037e-12                      0      1.000000000000909                      0
                     0 -3.439026841078885e-12 -7.275957614183426e-12  9.094947017729282e-13                      1
