5
1

0.0008621689786880593
 0.001216986210916577
 0.003178287656329881
  0.07392987572486329
   0.5540375609020265

 -0.008238750783378169    -0.6220001762935489     0.7497470290105819    0.08825162076028824     -0.207699175730937
  -0.03560094011383799 -0.0002830692866733923    -0.2432692554561236     0.8106240511199904    -0.5314519828078808
    0.6098424879413223    -0.5953614771708365     -0.415333813366036    0.09987793168597132     0.3019256094461956
   -0.6761829712487524    -0.2650445697670951    -0.1013862412264345     0.3296326604442537     0.5946352703032366
     0.411744368927236     0.4340642672468067     0.4426263835385669     0.4652601499264395     0.4792386295387728

0.4000928696312991
0.4002873167273522
0.4002840882450549
0.4002952946927927
0.4003002024899436

4.412044277521998e-05

-1.640708028278084  9.911212629542225 -2.269854687861295 -4.924878174847984 -1.083743962040656

-5.993223885886669e-06  -4.15950831279505e-06 -6.846478799770977e-05   -0.01943136974181261   -0.05797451604649484

cov:
0.05454234772586501 0.05583642372991807 0.05631484404288044 0.05758566051502335  0.0583743038515635
0.05583642372991807 0.05822225470798064 0.05912426742976364 0.06151279337369682  0.0629903070003603
0.05631484404288044 0.05912426742976364  0.0601969883314797 0.06303042803963962 0.06478227223478447
0.05758566051502335 0.06151279337369682 0.06303042803963962 0.06704115920413389 0.06951351269263167
 0.0583743038515635  0.0629903070003603 0.06478227223478447 0.06951351269263167 0.07243282134871307

cov.inverse():
 37848.32728137844 -29008.69813254763 -27523.36703543485  -14473.9356533647  33231.58431624487
-29008.69813277006   555573.482668579 -602834.3522197051  -79903.0942246702  156074.8564895214
-27523.36703514588 -602834.3522191818  813251.3439974004 -48247.41447945291 -134621.9050258738
 -14473.9356534021 -79903.09422711031 -48247.41447637034  455163.4468390274 -312515.8750540942
 33231.58431621607  156074.8564912154  -134621.905028144 -312515.8750534894   257826.701680004

cov*(cov_.inverse()):
     1.000000000000455  1.818989403545856e-12 -3.637978807091713e-12                      0 -3.637978807091713e-12
 4.547473508864641e-13      1.000000000001819                      0  3.637978807091713e-12 -5.456968210637569e-12
 9.094947017729282e-13  1.818989403545856e-12      1.000000000009095 -3.637978807091713e-12                      0
 4.547473508864641e-13                      0  9.094947017729282e-12      0.999999999996362 -3.637978807091713e-12
 4.547473508864641e-13 -3.637978807091713e-12 -1.818989403545856e-12                      0      0.999999999996362
