5
1

0.0008434127225172912
 0.001297379787825946
 0.001383189071684657
  0.09501345922572722
   0.6278293683147084

-0.01365749348889747    0.473289066439525  -0.7536236652949855   0.4338461643264617  -0.1401421038338313
-0.01208921419363522  -0.5044631496436517   0.1843983147076641   0.7388761602749448  -0.4067309465262197
  0.6336288320985016  -0.5257307704633953  -0.4323343819611039 -0.03943075645467703   0.3655870043384698
 -0.6720083861238494  -0.2541896683277735  -0.1477585834893236   0.2084472470697993   0.6469230925611534
  0.3828662375876065   0.4248636954880838    0.435089664115185   0.4699302992051108   0.5126078251849558

0.4026863105257821
0.4006227673882183
0.4000441438351445
0.3985606434949618
0.3965607769234844

0.01263180396161271

   1.084970563205792 -0.02470458681985244   0.5648174596780063    1.908358463085803   -3.530640914099064

 6.192651432515251e-07  4.964680927591968e-06 -1.740521413270907e-06   -0.02430712598170803     -0.103426169138393

cov:
0.06185755181277124 0.06565943094996546 0.06655711251287423 0.06965455895639487 0.07343567170370552
0.06565943094996546 0.07173565270540652 0.07320285873448322 0.07821970826602523 0.08436104175575261
0.06655711251287423 0.07320285873448322 0.07481542981659534 0.08031463767528037 0.08704853251637779
0.06965455895639487 0.07821970826602523 0.08031463767528037 0.08743957206750411 0.09616830605598702
0.07343567170370552 0.08436104175575261 0.08704853251637779 0.09616830605598702  0.1073533745015498

cov.inverse():
  210248.374060469 -179559.0034377174 -130026.8087857359 -26710.44882063815  126641.5293014728
-179559.0034389732  610563.5034838564 -437878.5315077112  78041.20267325983 -71820.22824374786
-130026.8087835772 -437878.5315139237  916315.2717749296 -369778.5208710118  21290.14920879034
-26710.44882196765   78041.2026807431 -369778.5208772956  589765.2547508983 -271534.8768889985
 126641.5293019002 -71820.22824627324  21290.14921101444 -271534.8768891227  195798.1898695968

cov*(cov_.inverse()):
                     1 -6.366462912410498e-12  3.865352482534945e-12  3.637978807091713e-12 -3.637978807091713e-12
-3.637978807091713e-12      0.999999999992724   1.77351466845721e-11 -7.275957614183426e-12 -3.637978807091713e-12
                     0 -8.185452315956354e-12      1.000000000016826  3.637978807091713e-12 -7.275957614183426e-12
-3.637978807091713e-12 -9.094947017729282e-13  2.501110429875553e-12      0.999999999996362 -7.275957614183426e-12
-1.818989403545856e-12  9.094947017729282e-13  4.547473508864641e-13                      0                      1
