6
1

0.000893350194179501
0.001139949858739098
0.001876045544407279
0.003127340501939209
  0.1052537515895594
  0.6202802705627494

-0.00780537725924118  0.03275824878169637 -0.04672742757254395   0.3416175726547632  -0.8036654539204737   0.4838406689844462
  0.0689037806933341 -0.01622602654976613   0.5574700726392936  -0.7495934756546639  -0.1675437681316411   0.3070094627146265
 -0.6564098343821099   0.7399712418363777  0.09373419551919483 -0.03693786135027387 -0.04340061885786659 -0.09764513225742971
  0.2946387098592117   0.3804045081667969  -0.7058648840683986  -0.3896101573352426  0.08832479245280501    0.332622703069648
 -0.5877901598901261  -0.4043361973124727  -0.1463758950417897 0.007049834250528653   0.3539681576245735   0.5867247293704692
  0.3633293726184227   0.3780354800327054   0.3982291162185202   0.4101181230408434   0.4371185018319841   0.4552197868443109

0.3998247275703189
0.3999277163311662
0.3995545374429077
0.3994495777471668
0.3991085025442155
0.3988742409254076

0.002514032469767679

   1.846599642795301  -0.4504760525278904 -0.05544300535595564     2.09130633816907   -1.689651726057761   -1.740466230228531

 9.606055414168101e-07 -2.228928850279731e-06 -4.873272993819188e-06  -1.10624409920366e-05   -0.02769220176032636   -0.07488770937189558

cov:
0.05461976489920471 0.05547794083668087 0.05661945397094331  0.0572834438564183  0.0588002370240897  0.0598158296287576
0.05547794083668087 0.05679911724364475 0.05857500572853709 0.05961786299858541 0.06199276131782304 0.06358374795202422
0.05661945397094331 0.05857500572853709 0.06125842335403747 0.06282804619106626 0.06639958093162573  0.0687941706551831
 0.0572834438564183 0.05961786299858541 0.06282804619106626 0.06471620959649178 0.06900104751165112 0.07187442825949925
 0.0588002370240897 0.06199276131782304 0.06639958093162573 0.06900104751165112 0.07490340096022129 0.07885969860752809
 0.0598158296287576 0.06358374795202422  0.0687941706551831 0.07187442825949925 0.07885969860752809 0.08354444758522341

cov.inverse():
 135060.7680686128 -127706.5794622495 -8722.218188649129  -47935.7344387948  9713.120653703791  39747.80693706474
-127706.5794622119  171934.3529571818 -16620.57460124426  462.1995555684674 -36597.59886863238  8413.466010277223
-8722.218188640438 -16620.57460151923  295329.2705343847 -314436.3323869144 -32355.00784915177  76761.90188502896
 -47935.7344389787  462.1995563445769  -314436.332386231   594533.356497342 -250427.4107832676  17789.32239720587
 9713.120653973276 -36597.59886950872 -32355.00785198099 -250427.4107787366  832241.7098183946 -522585.9363836474
  39747.8069369322   8413.46601069078  76761.90188690824  17789.32239395106 -522585.9363825532  379918.6403475411

cov*(cov_.inverse()):
                     1   1.13686837721616e-13  9.094947017729282e-13  3.865352482534945e-12  3.637978807091713e-12 -3.637978807091713e-12
                     0      1.000000000000341  1.818989403545856e-12  2.273736754432321e-12  7.275957614183426e-12 -7.275957614183426e-12
                     0   1.70530256582424e-12      1.000000000004547 -3.865352482534945e-12                      0 -3.637978807091713e-12
-4.547473508864641e-13  1.591615728102624e-12  9.094947017729282e-13     0.9999999999990905 -7.275957614183426e-12 -3.637978807091713e-12
 9.094947017729282e-13  2.273736754432321e-13 -3.637978807091713e-12  -1.13686837721616e-12      1.000000000007276 -7.275957614183426e-12
 4.547473508864641e-13  1.023181539494544e-12 -9.094947017729282e-13  4.547473508864641e-13 -7.275957614183426e-12      0.999999999996362
