5
1

0.001105884931715877
0.001842805279345307
0.002667214648472415
 0.09877707379805718
  0.5641942691253717

-0.00637210292667872   0.1417060580847343  -0.7266294116752257   0.6678504669877047 -0.07657833400641199
  -0.676299746194835   0.6739475032494201   0.1921444678766858  0.03387475851827926  -0.2243800801327687
 -0.0823471890079962  -0.4231391191796526   0.4809948603177095     0.55183596728297  -0.5275350565063566
 -0.6131427969962603   -0.416898984918029  0.02489516239807369   0.1836424121273203   0.6449083983196006
  0.3998160834123328   0.4157675770910272   0.4506821238855842   0.4632286521368916   0.4995890914882923

 0.399771259438118
0.3998539584901822
0.3993378051679168
0.3991991719942986
0.3987048651736647

0.002768436498132635

  1.727803690044681 -0.1505417072552475  -1.115662734301358   2.930776242402164  -3.390832735520365

3.663215445231674e-06 -2.11982239156319e-06 1.985443755678397e-05  -0.02607988948991192  -0.06716431837794785

cov:
0.05455325803312497  0.0554064576733535 0.05720754915784333 0.05785493963545155  0.0597242059597997
 0.0554064576733535 0.05672345160027004 0.05954318475349885 0.06055759522188804 0.06349598456570385
0.05720754915784333 0.05954318475349885  0.0646628520553663 0.06650022353733635 0.07182529535874706
0.05785493963545155 0.06055759522188804 0.06650022353733635 0.06863608253100054 0.07481914103676787
 0.0597242059597997 0.06349598456570385 0.07182529535874706 0.07481914103676787 0.08350817234901811

cov.inverse():
 135710.5286195493 -130030.2924300267 -40048.27938989028 -16624.49522513984  51150.77611655092
-130030.2924299453  175355.6744634776 -74671.39475566871  51275.92379859826 -22052.34257490669
-40048.27939051003 -74671.39475510338  475117.3380440031 -357572.0248803098 -2862.306197129649
 -16624.4952244941  51275.92379806002 -357572.0248806979  407850.3489856186 -84964.46243875293
  51150.7761164437 -22052.34257485265 -2862.306196795389 -84964.46243903411   58782.8671642261

cov*(cov_.inverse()):
    0.9999999999995453 -2.273736754432321e-13  5.229594535194337e-12 -3.637978807091713e-12  4.547473508864641e-13
 4.547473508864641e-13      1.000000000000227 -3.751665644813329e-12  9.094947017729282e-13 -9.094947017729282e-13
 4.547473508864641e-13 -1.364242052659392e-12      1.000000000005514  1.818989403545856e-12                      0
 1.818989403545856e-12  1.818989403545856e-12 -7.105427357601002e-13      1.000000000001819                      0
 9.094947017729282e-13  4.547473508864641e-13 -1.790567694115452e-12 -9.094947017729282e-13      1.000000000000909
