5
1

0.001647596261938054
 0.00173051375063454
0.003306903459222668
 0.09432384720017178
  0.5717867242957845

 -0.07753978156248661   -0.2079094140148159    0.1419201475466847    0.7499849707087831   -0.6067474542761024
  -0.3432707265865997    0.7860000697320688   -0.4689593867897486    0.1618761091081708   -0.1350641236290164
   0.4420667830199406   -0.2745134581719633   -0.7476134145592377    0.3209389731203254    0.2594063964832391
  -0.7268251119099862   -0.2874606977936225 -0.007549614521381687    0.2923390975750093    0.5509741003628462
   0.3904548713889828    0.4254248164501839    0.4482777609404317    0.4720748844965658    0.4926977485545554

0.4004498126974884
0.4006484380497013
0.4006408924826035
0.4007529098594789
0.4007759204595762

-0.0002773278604873674

  3.365321928650323 -0.1665994324115463  -2.646804252883064  0.2426719359875448 -0.7914229760099135

1.635546617872853e-07  3.03228110364413e-07 3.701485317845359e-05  -0.02440655966310786   -0.0715167215752185

cov:
0.05454620910980188 0.05616453781402764 0.05727070727738696 0.05837367965435885 0.05933411438580872
0.05616453781402764 0.05990964523380556 0.06237061166151874 0.06491147405927385 0.06711865909103014
0.05727070727738696 0.06237061166151874 0.06570690202353806  0.0691650765169383 0.07217058777891988
0.05837367965435885 0.06491147405927385  0.0691650765169383 0.07362321490518405 0.07747572307726328
0.05933411438580872 0.06711865909103014 0.07217058777891988 0.07747572307726328  0.0820677198209873

cov.inverse():
 59493.11569097304 -95231.07875770389  19480.77088911755 -27027.64217205738  43255.23386144821
-95231.07875774679  229122.6932127239 -115187.4572431249 -23019.76429883408  4492.182349559905
 19480.77088916495 -115187.4572430992  131968.8608072542 -8080.181673295884 -28304.66052067605
-27027.64217202068 -23019.76429910167 -8080.181672978173  225385.9439196105 -167301.7188891384
 43255.23386140701   4492.18234975892  -28304.6605209208 -167301.7188890513  147896.9490894291

cov*(cov_.inverse()):
                     1 -1.932676241267473e-12  4.547473508864641e-13 -1.818989403545856e-12  1.818989403545856e-12
-4.547473508864641e-13     0.9999999999996021  4.547473508864641e-13 -1.818989403545856e-12  1.818989403545856e-12
 9.094947017729282e-13 -3.126388037344441e-12      1.000000000000909 -5.456968210637569e-12  1.818989403545856e-12
                     0 -2.273736754432321e-12                      0      1.000000000001819 -1.818989403545856e-12
                     0 -2.160049916710705e-12                      0                      0      1.000000000001819
