5
1

0.0005027388238103603
0.0007684843570884214
 0.002118730680993673
  0.05007150093024113
   0.5431329678368298

 -0.03786598111246571    0.5913399377985405   -0.7879954153938274    0.1022129865470502    0.1322836956629586
-0.009456049964592185   -0.2222717652437713   -0.1366153311586687    0.8414541808335598   -0.4730718321191983
   0.5403533101136494   -0.5996721978960246   -0.3997841895571134   0.02645272009662955    0.4334563538574849
  -0.7251440057543248   -0.2163261731359743  0.007495323204146799     0.270495228994991    0.5951010913751795
   0.4250426117005823    0.4410312712571886    0.4477900161023515    0.4556752699338558    0.4654829168313057

  0.40026985007091
0.4005821441736166
0.4006376044157405
0.4006790187590501
0.4007737055269027

-0.001156208471070093

0.5641440682990396  2.974550185688971  6.261572777913494 -4.491557999559679  -5.31128685033046

-1.101512563079402e-06 -1.646941175753004e-06 -2.874418381306661e-05   -0.01349181409528002   -0.04822567371074511

cov:
0.05461352995301573 0.05569043874180547  0.0561314616678574 0.05664302575778304  0.0572836004280842
0.05569043874180547 0.05749781125144132 0.05825498485223552 0.05913708257378483  0.0602360975287016
 0.0561314616678574 0.05825498485223552 0.05915189710139915 0.06019742169165464 0.06149843349062633
0.05664302575778304 0.05913708257378483 0.06019742169165464 0.06143628624840953 0.06297417695112666
 0.0572836004280842  0.0602360975287016 0.06149843349062633 0.06297417695112666 0.06480638373661482

cov.inverse():
 71078.29702851186 -157155.1509593734  72119.01561482363 -25679.94578813896  39760.88543482067
-157155.1509593376  1547316.842476128 -1738816.110195891 -81110.51386284266  429593.7806471505
 72119.01561434043 -1738816.110189905  2523966.680603026 -515679.5142547843 -341590.4862811383
-25679.94578735299 -81110.51387352687 -515679.5142417972  1240443.526992046 -617926.8919334462
 39760.88543448287  429593.7806518835 -341590.4862886217  -617926.891930358  490183.4643863853

cov*(cov_.inverse()):
                     1 -1.091393642127514e-11 -7.275957614183426e-12  7.275957614183426e-12  3.637978807091713e-12
 4.547473508864641e-13      0.999999999992724 -1.818989403545856e-11                      0 -3.637978807091713e-12
 4.547473508864641e-13                      0     0.9999999999636202 -7.275957614183426e-12  3.637978807091713e-12
 4.547473508864641e-13 -1.091393642127514e-11 -1.818989403545856e-11      0.999999999992724                      0
-4.547473508864641e-13  3.637978807091713e-12  3.637978807091713e-12                      0                      1
