5
1

0.001357365408682986
0.002107500192876835
0.003722660359540224
 0.08876076207840584
  0.5547864711712454

 0.1337529703790143 -0.1929474179484543  -0.427996833219018  0.8106859462133881 -0.3232467233993417
-0.6921061658738975  0.5642055085317788  0.2135686514389436  0.2335722232802742 -0.3201462898991504
0.06265667073651635  0.5796808854646216 -0.7496630163766287 -0.1610841993836577  0.2685171413991828
-0.5748994510386083  -0.357136487814184 -0.1238458228008207   0.220177873960393  0.6914680515109322
 0.4106871812972092  0.4252846554345958  0.4403120665266006  0.4623914982471244  0.4927356161166805

0.3995635283337728
0.3997388051613619
0.3995119662994306
0.3993664257821027
0.3991155769817447

0.001572493360205507

 4.146308837565266 -4.507503687674475  5.014511661532324 -3.475277952990731 -1.176341718587549

-5.820294936565979e-06 -2.121744596390198e-05 -8.132503643941594e-05    -0.0234268359945257   -0.05932636167668823

cov:
0.05451887211463072 0.05537424618714692  0.0562169953607786 0.05745049511702975   0.059153298255431
0.05537424618714692 0.05667971975515217 0.05797888885848628 0.05990539379086195 0.06255376586167902
 0.0562169953607786 0.05797888885848628  0.0598014832768603 0.06245100736555285 0.06609938712604484
0.05745049511702975 0.05990539379086195 0.06245100736555285 0.06619064346337861 0.07132347848090968
  0.059153298255431 0.06255376586167902 0.06609938712604484 0.07132347848090968 0.07849592506742871

cov.inverse():
 117883.1813752891 -99276.98951131884 -67729.82247578127  21712.00126820975  27584.80607580806
-99276.98951127272  116141.0261712483   40599.0502815111 -61975.13179238601  4385.099600430885
-67729.82247567177  40599.05028147667  150248.2298064282 -168379.1645591616  45160.18779602325
 21712.00126791757 -61975.13179220271 -168379.1645589441  370869.4095264911 -162167.5948128676
  27584.8060759445  4385.099600328084  45160.18779588074 -162167.5948127585  85052.30637872287

cov*(cov_.inverse()):
                     1  7.389644451905042e-13  4.547473508864641e-13  1.818989403545856e-12 -9.094947017729282e-13
 9.094947017729282e-13      1.000000000001364  2.728484105318785e-12                      0  9.094947017729282e-13
 6.821210263296962e-13  1.307398633798584e-12      1.000000000002728 -1.818989403545856e-12  1.818989403545856e-12
 1.591615728102624e-12 -2.273736754432321e-13  9.094947017729282e-13      1.000000000001819  9.094947017729282e-13
 4.547473508864641e-13  3.979039320256561e-13  1.364242052659392e-12                      0      1.000000000000909
