5
1

0.0004163850058286664
0.0007429248869190053
  0.00179952099945988
  0.04190367713118784
   0.5940969261037748

-0.04527530374035867 -0.07076345327976566   0.6183889051893082  -0.7433003174805368   0.2409200708186067
-0.07482033742226139  -0.3867779095111868   0.6273015342482997   0.3847765862341189  -0.5506764291650064
  0.6596816789037054  -0.7034215824033316  -0.1480164328581053 -0.02575685289875053   0.2178207521350891
 -0.6067976449827986  -0.3971258802568643  0.03664447532450749   0.3049852004475812   0.6162214400762778
  0.4347053767108887   0.4391861735454372   0.4481475929876808   0.4536212393132092   0.4599328718068088

0.4028431779897634
0.4029935711949775
0.4029439212080672
 0.402920338518962
0.4028595427558782

0.0008753596838354518

-1.106615327629566  2.471412158536438  7.875787917411897  2.546561207537184 -11.79222425943492

 2.023874938247467e-09   6.36988765678773e-06 -2.029876642979467e-05   -0.01143335199060319   -0.04750140329224463

cov:
0.06734469187792212 0.06780587812626017 0.06871978912435242 0.06927397772287601 0.06991130309383314
0.06780587812626017 0.06835741558262967 0.06944256951611626 0.07010371686312472 0.07086469238137598
0.06871978912435242 0.06944256951611626 0.07088810457257964 0.07177087200552991 0.07278890079038897
0.06927397772287601 0.07010371686312472 0.07177087200552991 0.07279105443162343 0.07396791578691105
0.06991130309383314 0.07086469238137598 0.07278890079038897 0.07396791578691105 0.07532977288800202

cov.inverse():
 156562.2696103493 -72248.46942096628 -276687.0355122985  136592.4931189938  55896.57667966565
-72248.46941769609  452810.4328368858  -659840.729245092   39266.2609247277  240108.9213090557
-276687.0355180947 -659840.7292199174  2925356.000991425 -2212659.368110227  223488.2029566895
 136592.4931191443  39266.26089068918 -2212659.368051033  3455180.975222293 -1418395.924602431
 55896.57668204265  240108.9213211873  223488.2029168689 -1418395.924577114  899063.9386447765

cov*(cov_.inverse()):
     1.000000000002274 -7.275957614183426e-12                      0  -2.91038304567337e-11  7.275957614183426e-12
 3.183231456205249e-12                      1 -4.365574568510056e-11  1.455191522836685e-11 -7.275957614183426e-12
 3.183231456205249e-12  3.637978807091713e-12     0.9999999999708962  1.455191522836685e-11  7.275957614183426e-12
 9.094947017729282e-13 -1.091393642127514e-11 -7.275957614183426e-12      1.000000000029104 -1.455191522836685e-11
 2.728484105318785e-12                      0 -1.818989403545856e-11  1.455191522836685e-11                      1
