10
1

                  nan
                  nan
    3162.277660168379
    3162.277660168379
2.817233880488511e-10
1.359960439445407e-09
6.363079410861928e-09
3.194244796694624e-08
   0.8515835882197696
    2.732463347590571

                    -0    0.01003806325552912     0.5576481075778004     0.1072211597683115    -0.7427919817582866      0.293631028066053     0.1965626975436197                     -0   -0.02890407282306737                     -0
                     0   -0.00631089849200423   -0.01508910121658884   -0.04337863325812597    0.04455195449343052   -0.05797212779669213     0.1776014736697776                      0    -0.9802871304170117                      0
                     0                      0                      0                      0                      0                      0                      0                     -1                      0                      0
                     0                      0                      0                      0                      0                      0                      0                      0                      0                      1
                     0   0.004242341375568655  -0.001106107461367168    0.02393542918641078    -0.2379717942253166    0.01100136618538278    -0.9530764091516218                      0    -0.1852069861249525                      0
                     0    0.03250258602729491     0.4826695947920469     0.3432708700620278     0.5911150187555938     0.5300673096856691    -0.1236112882592343                      0    -0.0497059870714074                      0
                     0    0.03058165632958611     0.5922020006154191    -0.7094326971484619     0.1960392143343145    -0.3151380476377542   -0.07785674747287684                      0     0.0355213348156832                      0
    0.8892357635942646    -0.4483362475385071    0.04620194470866938     0.0493351311576093    0.01084928928950061   -0.05945688982772963  -0.004813585634523895                      0    0.00312915229411269                      0
    0.2087169726286503     0.2257956970183957    -0.3151393119233459    -0.5726633265045932   -0.04087865556271687     0.6901528284902876   0.007602437650228182                     -0   -0.01255662732971575                     -0
    0.4070589417782846      0.863632253296911    0.06065583880923908     0.1858551306747563  -0.002740406111093701    -0.2239857839466227   0.006617357954651472                      0 -0.0003974188265386661                      0

22.33130732891428
32.47709846496582
 51.7432941540546
 93.7699483235677
69.61799932554635
 129.094004313151
85.15043953756305
159.2149963378906
107.5051199416546
217.4080047607422

2.075431582203335

0.007502044303760087   -1.069354675323631   -9.590067298072727   -7.876931055372893   -86.18698879206468   -22.94557344910239   -402.7947704987981                    0   -644.2010487532443                    0

 3.111350941956848e-17  -1.24495680879601e-17                      0                      0  4.153171445756451e-17  2.096213931069055e-17 -5.309714728457136e-17   6.83731957731284e-18   0.005201855565045155  0.0008438002190579164

cov:
     1.268744136670704      2.658968224236336     0.1366484535328399     0.4781810757102836   -0.01451618151705934     -0.576286286650005    0.02126249316190416                      0  -0.003108430381767166                      0
     2.658968224236336      5.605834342328308     0.3395173734209934      1.104657189154151   -0.02436435685213109     -1.331292311418398    0.04391482106121648                      0  -0.004618725700427538                      0
    0.1366484535328399     0.3395173734209934    0.09949079681443763     0.2150446626991654   0.008101228918037696     -0.259163936897183   0.001259415583652295                      0    0.00268967580362289                      0
    0.4781810757102836      1.104657189154151     0.2150446626991654     0.4957265370111522    0.01317383971731846    -0.5974314328179582   0.006025412398711141                      0   0.004663188921097914                      0
  -0.01451618151705934   -0.02436435685213109   0.008101228918037696    0.01317383971731846   0.001267917981925891   -0.01587662824242708   -0.00036077086825111                      0  0.0003803724993925255                      0
    -0.576286286650005     -1.331292311418398     -0.259163936897183    -0.5974314328179582   -0.01587662824242708     0.7200024414083139  -0.007261605933757033                      0  -0.005619904182312758                      0
   0.02126249316190416    0.04391482106121648   0.001259415583652295   0.006025412398711141   -0.00036077086825111  -0.007261605933757033   0.000368861558391198                      0 -8.886327582045782e-05                      0
                     0                      0                      0                      0                      0                      0                      0                      0                      0                      0
 -0.003108430381767166  -0.004618725700427538    0.00268967580362289   0.004663188921097914  0.0003803724993925255  -0.005619904182312758 -8.886327582045782e-05                      0  0.0001155198778873582                      0
                     0                      0                      0                      0                      0                      0                      0                      0                      0                      0

cov.inverse():
nan nan nan nan nan nan nan nan nan nan
nan nan nan nan nan nan nan nan nan nan
nan nan nan nan nan nan nan nan nan nan
nan nan nan nan nan nan nan nan nan nan
nan nan nan nan nan nan nan nan nan nan
nan nan nan nan nan nan nan nan nan nan
nan nan nan nan nan nan nan nan nan nan
nan nan nan nan nan nan nan nan nan nan
nan nan nan nan nan nan nan nan nan nan
nan nan nan nan nan nan nan nan nan inf

cov*(cov_.inverse()):
nan nan nan nan nan nan nan nan nan nan
nan nan nan nan nan nan nan nan nan nan
nan nan nan nan nan nan nan nan nan nan
nan nan nan nan nan nan nan nan nan nan
nan nan nan nan nan nan nan nan nan nan
nan nan nan nan nan nan nan nan nan nan
nan nan nan nan nan nan nan nan nan nan
nan nan nan nan nan nan nan nan nan nan
nan nan nan nan nan nan nan nan nan nan
nan nan nan nan nan nan nan nan nan nan
