10
1

0.1568074181404898
0.1729385121237091
0.2176929949913033
 0.448004810727095
  0.61635407100275
0.8391804909499074
0.8796194256512399
 1.521554362122444
 2.218582191001124
 3.302838250857339

 -0.09521479788640486   0.03169715132113888    0.3358553049987044  -0.06929751753333639   -0.9281062367587347  -0.05987321136023837  -0.01096477764439956 -0.006652773543781267  -0.08483305468572196 -0.001174720624684245
  0.02427860386051649  -0.00877126129463824  -0.01816662152696973  0.008722656282001608   -0.1001963819679678 -0.009029862106758338  -0.01192238000794696  0.002532641241888711    0.9943122128183811    0.0011472375210469
  -0.3934409442450965    0.1458644172526731    0.8041087365104618   -0.2079505495169358    0.3431449697914297   0.06065128484771459  -0.07977304689398713  0.007806328491697577   0.06150507330771077   0.04958733234931503
   0.8286721349986539   -0.2417375538319949    0.4614443391847318    0.1321819370403237    0.0563814875958709    0.1160255347028191   0.07291222234162249  -0.02123560371479777  -0.00738012292600194  -0.04472246645481982
  -0.0831382358365936  0.005010566220161731   0.04451637988126123   0.02711536975169545   0.03037872550785643   -0.1949073099652949    0.7153637150856296   -0.6627235079208617   0.01422600880908104  -0.01685758089277472
  0.03160640873081527  -0.05308190848667461   0.09276648027219113    0.0974960971773422   0.07989735128313864    -0.892903054404851   -0.1245878088793558    0.1470195011739931 -0.001898969176044022   -0.3705027987118791
 -0.09624415254584712   0.03009547992666021 -0.005953193716567466   0.02998311000039831  -0.01654818716198097    0.3678075451827608   0.02658011644678813  -0.04353386227203837  0.005410218396109901    -0.922339251457151
   0.2781150695377993    0.1826246659197477   -0.1254624808829175     -0.83516417856346  0.005985865802904126  -0.08982903726315741   -0.2489153509618203   -0.3161793139548842 -0.002447956735193552  -0.07759452747565131
 -0.05973739242712595   -0.0686917594554893   0.02807214810681554    0.3943295625773343 -0.003413999022131265   0.01250406649383849   -0.6305862441512192   -0.6605713325250128 -0.008242674297471478   0.03463511646814919
   0.2253020007416237     0.936688861525772   0.01406419583767609    0.2650878073433089 -0.004936973846449793  -0.02050451520264644   0.02204464784534971   0.02003032539196326 0.0002144073256394857  0.007183501224316313

22.49704391008271
44.37664612758532
49.86344509333382
112.5159022937581
 67.6518921655243
158.1595428872265
79.67123429543642
 187.252128019702
107.5105296404934
259.2653526315093

2.484544701875535

   0.09213555012500677   -0.03717789918563126   -0.09564060377808342    0.03800507096883628 -0.0002522148336976733 -9.473745883081176e-05  0.0008668847002877619 -0.0001552809025772177   0.001125595326847121 -0.0003744899049178164

-0.001095910633985209 0.0001724525365274745 -0.005999293959776109   0.00928837095477841  -0.00391940488680657 -0.000148681962359695 -0.006133275649453704  -0.00240741754065491   0.04373252734342939  -0.05802892273426526

cov:
    0.9062723405511355       2.39335475119251   0.007588381596352362    0.02294897726774333 -0.0001452172409905863    -0.1347178107260066    0.06560967145098491    0.06366640522778971 -0.0009736935281455196     0.0101208416371987
      2.39335475119251      9.687074024481946    0.06108704141121201      2.211457782040125   -0.05113617074114331    -0.2154071589911851     0.3357628667009729     0.2876433490125587   0.004623078859397806    0.02373628775351565
  0.007588381596352362    0.06108704141121201     0.1254817152240094     0.3481702651080489     0.0135296572815609   -0.02608099344874568  -0.003983065781976214  0.0005090895951857652  0.0001160657802655543   0.005922333784377138
   0.02294897726774333      2.211457782040125     0.3481702651080489      3.160086083836156     -0.027392533083587    0.08645981075253967    -0.6767287743379055    -0.6112353276161728   -0.01090160795877817     0.1893453113204263
-0.0001452172409905863   -0.05113617074114331     0.0135296572815609     -0.027392533083587     0.0331626885491044   -0.05385644950900418   0.006678911577946278   0.006852059524051004 -4.588187177178996e-05   -0.01095217877765592
   -0.1347178107260066    -0.2154071589911851   -0.02608099344874568    0.08645981075253967   -0.05385644950900418     0.7075686695662468    0.04244995683161031   -0.03560950335468418   0.001495502093249436    -0.0124967888193706
   0.06560967145098491     0.3357628667009729  -0.003983065781976214    -0.6767287743379055   0.006678911577946278    0.04244995683161031      2.313227253118187      2.043075249636733     0.0305177290816505   -0.05294285685877401
   0.06366640522778971     0.2876433490125587  0.0005090895951857652    -0.6112353276161728   0.006852059524051004   -0.03560950335468418      2.043075249636733      2.567234314664618    0.02482196185462704   -0.05708316050487929
-0.0009736935281455196   0.004623078859397806  0.0001160657802655543   -0.01090160795877817 -4.588187177178996e-05   0.001495502093249436     0.0305177290816505    0.02482196185462704     0.0303864976596988  -0.004157880454021382
    0.0101208416371987    0.02373628775351565   0.005922333784377138     0.1893453113204263   -0.01095217877765592    -0.0124967888193706   -0.05294285685877401   -0.05708316050487929  -0.004157880454021382     0.7759229558744207

cov.inverse():
   7.146560896106243   -2.304025947948769   -6.105896223478513    2.442678012864308   0.8961841120806016   0.1454833245719487   0.8088574821956569  0.00282886383710378   0.5905109321560964  -0.4986518768707073
  -2.304025947948767   0.8845816981064086     2.34178785531727  -0.9455989173601035  -0.1849337730358913  0.04242151291084251  -0.3330740015911859 0.004766581031904889  -0.2022883144430981   0.1904824230248563
  -6.105896223478518    2.341787855317271    19.32780706281719   -4.112762532457101   -6.650237538880003    0.345170631051055   -1.251336683525155 -0.05333905375147421   -0.734602092448253   0.6825529227560181
    2.44267801286431  -0.9455989173601038   -4.112762532457101    1.553299641139746     1.12787401184173  -0.1139906968645877   0.5001435797201045 0.004237414292455949   0.2555194954733616  -0.3006977749359374
  0.8961841120806046  -0.1849337730358926   -6.650237538880007    1.127874011841731    37.87981659410499     2.63696332585237 -0.06104355729780742   0.2574329695545678   0.3150132119758335   0.3631029651633153
  0.1454833245719483  0.04242151291084265   0.3451706310510553  -0.1139906968645879    2.636963325852371    1.703746137147117  -0.2180535236609158   0.1566141250714902 -0.02143411021126685  0.08317633421426938
  0.8088574821956592  -0.3330740015911866   -1.251336683525158   0.5001435797201053 -0.06104355729780771  -0.2180535236609159    1.648040874073959   -1.175694914744527  -0.4361256575878716 -0.09361324142567286
0.002828863837102737 0.004766581031905215 -0.05333905375147312 0.004237414292455631   0.2574329695545696   0.1566141250714902   -1.175694914744526    1.326682710259548  0.09398790128342753  0.02323142537777406
  0.5905109321560964  -0.2022883144430982  -0.7346020924482535   0.2555194954733617   0.3150132119758342 -0.02143411021126677  -0.4361256575878722  0.09398790128342814    33.43026903327902   0.1021376151166837
 -0.4986518768707077   0.1904824230248564   0.6825529227560183  -0.3006977749359375   0.3631029651633156  0.08317633421426934 -0.09361324142567284  0.02323142537777404   0.1021376151166838    1.359967098624102

cov*(cov_.inverse()):
    0.9999999999999993 -3.263448539181368e-16 -6.938893903907228e-18 -4.206704429243757e-17  -9.75781955236954e-17   6.03900610074426e-17 -2.236709081837596e-16  1.575074706078317e-16  6.179952383167375e-17  9.020562075079397e-17
 2.286365541337432e-15     0.9999999999999998  2.116362640691705e-16   6.42715047849407e-16  8.847089727481716e-17  7.025630077706069e-17  -9.71445146547012e-17  2.049142105997603e-17  6.808789643208968e-17  1.040834085586084e-16
-1.530893467549532e-16   7.37257477290143e-18     0.9999999999999999 -2.190088388420719e-17  9.931291899967221e-17  1.322726650432315e-17  2.251887912252393e-16 -6.055269133331542e-17  1.496198998029996e-17 -2.255140518769849e-17
 2.872702076217593e-15  4.579669976578771e-16 -2.137179322403426e-15     0.9999999999999998  1.942890293094024e-16 -1.734723475976807e-17  1.387778780781446e-16  1.656660919557851e-16  8.326672684688674e-17 -1.110223024625157e-16
 3.469446951953614e-18 -4.293440603042598e-17 -7.632783294297951e-17  3.903127820947816e-17                      1 -1.821459649775647e-17  4.141652298894627e-17 -6.559423143537302e-17 -1.517883041479706e-17 -1.908195823574488e-17
 1.040834085586084e-17  1.700029006457271e-16  5.186823193170653e-16 -1.296705798292663e-16 -1.856154119295184e-16     0.9999999999999997 -1.604619215278547e-17  1.653408313040394e-17  -2.42861286636753e-17  3.469446951953614e-18
-3.157196726277789e-16  1.856154119295184e-16  5.342948306008566e-16 -2.498001805406602e-16  5.898059818321144e-17  6.331740687315346e-17     0.9999999999999999    3.9118014383277e-16   1.48318857196017e-16  2.775557561562891e-17
 2.463307335887066e-16 -8.847089727481716e-17 -2.775557561562891e-16 -1.110223024625157e-16  -1.52655665885959e-16 -1.509209424099822e-16  1.118029280267052e-15     0.9999999999999989  1.301042606982605e-17                      0
  4.77048955893622e-18 -1.517883041479706e-18 -1.517883041479706e-17  1.734723475976807e-18   7.37257477290143e-18  7.589415207398531e-19  9.215718466126788e-19  9.784924606681678e-18                      1 -8.673617379884035e-19
-1.665334536937735e-16  5.551115123125783e-17  2.220446049250313e-16 -1.387778780781446e-16 -2.775557561562891e-16 -4.163336342344337e-17 -1.387778780781446e-16  6.938893903907228e-17  1.387778780781446e-17                      1
