12
1

0.05651532925172319
 0.3524698632216441
 0.8520672144981114
 0.9970450358093025
  1.203081087318459
  1.317509083205391
  1.548190897066224
  1.933388659371506
  2.013290589495779
  2.838611291561575
  6.352187276132577
  9.263264780454776

    0.1934173856720794   -0.06797307475599003    -0.7396626159507096     0.2633761947039986     0.5499928106975362    -0.1972511507287469   -0.00491776350621756 -5.379973083598683e-05  0.0004459889590872979   0.001326272032393706  -0.003630198575595879   0.007882819021840813
    0.5776210536218563    -0.1773862081150129    -0.3258839201342441    0.09643964563701972    -0.6296268882025507     0.2144492422584078     0.1006630564821591   -0.01828270420999751     0.1518816866027225   -0.02517234821263942     0.1987932815406282   -0.05727870667873314
   -0.1537111324988885   0.005565827628348331   -0.07989655573182715   -0.05373525700445891   -0.03022913447606165  -0.008503982208989536      0.335359876049892     0.4897681570952845     0.3689058617273407    -0.6289659823108297    -0.1571388133763788     0.2395065990780392
   -0.6060445959790839  -0.009893451906651776    -0.3400963736372671     0.1418290864524959    -0.2575421557650233      0.146429081158255     0.4935868579159998    -0.3577468850954804   -0.04021128776368409     0.1735541622009661   -0.07470830658537521    0.01146517802512565
    0.4782601108912033    0.09268164720836075     0.2093675108230955    -0.1717982030333247     0.2219190577825137    0.03897320737939632     0.6189174215036338    -0.2490621312134049    -0.1873733903084793    0.03943997949213426    -0.3605127447421867     0.1638186924681541
   0.04633109461348079    0.03034730567524622     0.1579572445179673     0.3727776819392303   -0.06039320897741094    -0.2197549576218169    -0.2210097389521814    -0.6437469300740875     0.2747172106446195    -0.4536805712915021    -0.1872237537852179     0.0384114970786531
  0.003995649490910637    0.01269272299427182   -0.07212673460815189   -0.03934052105747613      0.106032959536076     0.5503442431979989    -0.3080925739042265   -0.05749240574157306     0.3600289786272695     0.2786147360785826    -0.2916128736731164      0.537065821925357
   0.04357822567865909    0.04417673568109141     0.1434774392308708     0.5019255072548173    -0.2405166518880489    -0.4933813778410072    0.06640980257981835     0.3063050441827642    0.04744299398914381     0.4213794722259544    -0.2252359225272012     0.3059169167846555
   -0.0113861712568926  -0.004073854671492775    0.08756343251664464     0.3283988135047823    0.03470186891939725     0.2079678442989389   0.004011204003105833  -0.005415489459430225     -0.537169303280163    -0.2579693086661174     0.4318157379600554     0.5461469637232594
   0.03413627288964273      0.107564901710711     0.2229831793727067     0.6053405450098395     0.1961638847381314     0.4950941501102321     0.1291677608468555     0.2020947218141774    0.06803749500802697   0.003589012011559407   -0.07741223872340192    -0.4683440214869577
  -0.06048063929181487    -0.8444182994232985     0.0442880134234555    0.03734049594125133   -0.02429835554034048    0.05429075466129298    -0.1037982143885567    0.06612094002450897    -0.2864588564039965   -0.09223287348296398    -0.4092631437975594   -0.05655300807098362
   0.01671227229538896     0.4770034913862516    -0.2659441933116011   -0.02640879161418997    -0.2675342437166267    0.07847459727219026    -0.2739319022204988     0.1140011557714867    -0.4706746201064003    -0.1897603437795891    -0.5190846231720375   -0.08946739228695529

22.68790737667416
  64.112116700217
  46.372613996784
130.9598536277966
55.08002723808923
155.5798076438596
66.01813654489789
186.7386629561667
77.91440158151481
220.2465092235638
92.15482759566189
261.4235017859089

2.827644884685042

   0.08802746151176434   -0.03107656066364974  -0.009249199360592625   0.002853014673485011   -0.07911943725274216     0.0266207816187242 -6.790298763602147e-05  -0.003309450565549398  -0.001018031580158731 -0.0005919073902869126  -0.000526605116992168   0.003157852535710546

-7.029607241727852e-05    0.01426233944506107  -0.008538408863638967   -0.02391008543598837    0.03174064725076604   0.006978595698261893    0.01990088076777324    0.03077203436934884     0.0172529127208331   -0.04190775838692688     0.9746075832484379      1.073611805387267

cov:
  0.9472568968650857    2.841032242405528 -0.06187817552441967  -0.0575768162728704 -0.04771208548867345 -0.03116879976868852 -0.01322271104074019  0.04268469166974011  -0.0348668651081424 -0.00819753557429426 -0.01413472624106341 -0.01059152189978468
   2.841032242405528    48.41462169934955   -12.13421025353676   -1.759490534418014   -9.946759629516841    1.710643332868511   -7.496424283090789    2.575906408649013   -9.430188911314621   -4.561299196227177   -7.484693975738853   -2.057038128987525
-0.06187817552441967   -12.13421025353676    6.910486873821043    2.150355790891503    6.442907532394912   -1.195842982017052    6.324627422870394    -2.10666116720038    10.12833987428794    4.124634894788226    10.92376482025581    1.408876038802761
 -0.0575768162728704   -1.759490534418014    2.150355790891503    4.758712236896359   0.9749295849110994    1.489616417856152    1.014184980191557   0.9755488413470349   0.5129919834894174   0.4748164607139212    0.328243406844254  -0.9408786684447639
-0.04771208548867345   -9.946759629516841    6.442907532394912   0.9749295849110994    6.918057716804852  -0.4783482112069045    6.537393978580413   -2.583468549222072    11.06811226481042    4.139607895333276    12.29528786213005    1.352210749993122
-0.03116879976868852    1.710643332868511   -1.195842982017052    1.489616417856152  -0.4783482112069045    4.546883177800623    -1.89050621327892    1.249342344010716   -3.710352084053247   -1.888836430343537   -4.259560804260223   -1.996822498669691
-0.01322271104074019   -7.496424283090789    6.324627422870394    1.014184980191557    6.537393978580413    -1.89050621327892    8.216495711108351   -2.660520814173177    11.86997878856356    4.886203195932914    13.67781390287755    1.735847207487201
 0.04268469166974011    2.575906408649013    -2.10666116720038   0.9755488413470349   -2.583468549222072    1.249342344010716   -2.660520814173177    3.089992713941947   -5.335522310249229   -1.439348699052351   -6.213539146541158   -1.545229246947104
 -0.0348668651081424   -9.430188911314621    10.12833987428794   0.5129919834894174    11.06811226481042   -3.710352084053247    11.86997878856356   -5.335522310249229    24.13164090841921    9.205973476863818    24.39408079325738    3.375369953279095
-0.00819753557429426   -4.561299196227177    4.124634894788226   0.4748164607139212    4.139607895333276   -1.888836430343537    4.886203195932914   -1.439348699052351    9.205973476863818    5.229510189139615    9.157192647670488    1.795050794756038
-0.01413472624106341   -7.484693975738853    10.92376482025581    0.328243406844254    12.29528786213005   -4.259560804260223    13.67781390287755   -6.213539146541158    24.39408079325738    9.157192647670488    31.35431231774407    5.406484084448343
-0.01059152189978468   -2.057038128987525    1.408876038802761  -0.9408786684447639    1.352210749993122   -1.996822498669691    1.735847207487201   -1.545229246947104    3.375369953279095    1.795050794756038    5.406484084448343    4.917107581628412

cov.inverse():
    14.96040944157338    -4.902326566055383    -46.00699797954272      16.2830724711683     30.61162336902263     -11.0316791138237 -0.002185741035535781  -0.06906635247774229    0.6282879410081633 -0.002223736490823066    0.6549945936775511    0.2095139447257462
   -4.902326566055382     1.728811796153082      16.2272516254135    -5.736528357074818    -10.79092154070486     3.891539363549111  -0.00412262613451707   0.01263061810439981   -0.2230255151739943  0.003399243686816791   -0.2333996027607698  -0.07274693574588499
   -46.00699797954216     16.22725162541332     172.3323565992668    -61.23476443763355    -125.6031743736924      45.0358961916877    0.7546664901211079   0.05298498146830002   -0.5482219936783497   -0.2640429677578813    0.3013638260117306    -1.683708308837739
    16.28307247116818     -5.73652835707476    -61.23476443763354     22.05772498249769     44.77347291322851    -16.15039617690117   -0.3787121349501932   -0.1577606085208415      0.16480437224353   0.09037666472100671   -0.1379814394799339    0.6195700345582542
    30.61162336902188    -10.79092154070463    -125.6031743736913     44.77347291322817     98.02803702419314    -35.00711859867193    -1.410046610048316    0.1221193899820344   -0.7246007135941932    0.3427486835435784    -1.650191985645248     1.656184281261998
   -11.03167911382349     3.891539363549033     45.03589619168734    -16.15039617690105    -35.00711859867194     12.83509486878612    0.5191348428956302  -0.05317436561129719    0.2367671874138675  -0.03888845803424193    0.5513169024369001   -0.5052378578895308
-0.002185741035554863 -0.004122626134510791    0.7546664901211877   -0.3787121349502219    -1.410046610048383    0.5191348428956541    0.8259071891807011   0.02486874004472313    0.1150800678970508   -0.1798481078345855  -0.03795588696028129   0.05280113577147939
  -0.0690663524777365   0.01263061810439783   0.05298498146827536   -0.1577606085208327    0.1221193899820544  -0.05317436561130436   0.02486874004472298     0.775239735382268    0.1679164525451446   -0.2937295073145001  0.007814556564498865    0.1228041267022591
   0.6282879410082318   -0.2230255151740188   -0.5482219936786205    0.1648043722436262   -0.7246007135939897    0.2367671874137947    0.1150800678970484    0.1679164525451449    0.5736116892457246   -0.3509956184192475   0.08395260474873313    0.0462951204998168
-0.002223736490828844   0.00339924368681888    -0.264042967757864   0.09037666472100059    0.3427486835435686  -0.03888845803423833   -0.1798481078345852   -0.2937295073145001   -0.3509956184192484    0.7974257896339257   0.03569196666927382   -0.1339108523757801
   0.6549945936776209   -0.2333996027607954    0.3013638260114636   -0.1379814394798396    -1.650191985645056    0.5513169024368314  -0.03795588696028312  0.007814556564499439   0.08395260474873519   0.03569196666927441    0.5749247206257919   -0.2182367676129746
   0.2095139447257196  -0.07274693574587539    -1.683708308837657    0.6195700345582253     1.656184281261948   -0.5052378578895129   0.05280113577148055    0.1228041267022587   0.04629512049981366   -0.1339108523757801    -0.218236767612977    0.3907551112243237

cov*(cov_.inverse()):
    0.9999999999999688 -2.363018634932157e-15 -5.012656956182582e-14 -4.344701681757712e-14  1.054677178924379e-13  1.214219697009966e-14  1.193056070603049e-15 -1.743397093356691e-16  1.051350846659194e-15 -9.974659986866641e-17  2.404760418572849e-15 -5.013350845572973e-16
-4.157785227221211e-14     0.9999999999999974  9.547918011776346e-14 -2.087219286295294e-14  3.073097332162433e-13 -5.062616992290714e-14 -9.853229343548264e-16                      0                      0 -1.110223024625157e-16 -9.436895709313831e-16 -7.771561172376096e-16
-1.054711873393899e-14 -1.905420266012925e-14     0.9999999999998344  6.294964549624638e-14 -7.549516567451064e-15 -2.109423746787797e-14 -3.469446951953614e-16 -5.828670879282072e-16  1.984523656517467e-15  5.551115123125783e-17  3.996802888650564e-15 -1.554312234475219e-15
-3.677613769070831e-14 -4.773959005888173e-15 -1.443289932012704e-14      1.000000000000009 -6.972200594645983e-14  7.049916206369744e-15  5.342948306008566e-16 -2.775557561562891e-17  5.204170427930421e-16 -5.551115123125783e-17  1.859623566247137e-15 -1.165734175856414e-15
  3.33066907387547e-14  -1.70835567914196e-14  1.820765760385257e-14   1.69864122767649e-14      1.000000000000005 -2.742250870824137e-14 -7.771561172376096e-16  1.665334536937735e-16  1.068589661201713e-15  1.110223024625157e-16  9.436895709313831e-16 -9.992007221626409e-16
 2.831068712794149e-15  5.745404152435185e-15  5.595524044110789e-14   3.33066907387547e-15 -3.153033389935445e-14     0.9999999999999849 -1.387778780781446e-16   3.33066907387547e-16 -1.387778780781446e-17 -1.665334536937735e-16 -4.996003610813204e-16  1.110223024625157e-16
-1.115774139748282e-14 -8.049116928532385e-15 -2.575717417130363e-14 -6.217248937900877e-15 -2.220446049250313e-14 -2.220446049250313e-15      1.000000000000003 -7.216449660063518e-16  2.747801985947262e-15  8.326672684688674e-16  3.552713678800501e-15 -2.331468351712829e-15
 8.326672684688674e-16   2.92821322744885e-15 -5.551115123125783e-14 -3.663735981263017e-15  -1.77635683940025e-15 -1.110223024625157e-15  4.163336342344337e-17                      1  -4.85722573273506e-16 -1.110223024625157e-16 -1.609823385706477e-15  1.443289932012704e-15
 7.316369732279782e-14 -5.498379529456088e-14  -5.53335155473178e-13  1.221245327087672e-13  4.103384299014579e-13 -1.338928967697939e-13 -4.996003610813204e-15                      0                      1  8.881784197001252e-16  5.551115123125783e-15 -8.881784197001252e-16
  1.27675647831893e-14 -1.099120794378905e-14 -1.332267629550188e-14 -2.020605904817785e-14 -8.881784197001252e-15 -7.438494264988549e-15   9.71445146547012e-16 -2.775557561562891e-17  1.915134717478395e-15     0.9999999999999996  1.998401444325282e-15 -2.220446049250313e-15
 4.729550084903167e-14 -4.235500838944972e-14 -3.392841563254478e-13   1.27897692436818e-13 -1.936228954946273e-13 -3.730349362740526e-14 -1.942890293094024e-15 -2.220446049250313e-16  5.440092820663267e-15 -4.440892098500626e-16      1.000000000000003 -3.108624468950438e-15
-5.773159728050814e-15 -6.272760089132134e-15 -5.329070518200751e-15 -3.108624468950438e-15 -4.085620730620576e-14 -3.108624468950438e-15 -2.775557561562891e-16                      0  4.718447854656915e-16 -2.220446049250313e-16  1.998401444325282e-15                      1
