10
1

0.1741729944696962
0.8879027090730419
 1.009643583812406
 1.107179309580096
 1.385121021689201
 1.756143357689373
  1.89581174466374
  2.25710973133396
 4.375376154314774
 9.107077821837393

  -0.5208585357578429    0.2830497394664446    0.6992368455218663   -0.3801443977687359  -0.04723102929362386   0.01378079846367157  -0.03990198477239162   0.04078532975008432  -0.07843117721938293   0.05761562131747573
  -0.6716140024363114   0.09140727858741282   -0.5092320178874952    0.0494341852152835    0.3354984794000186   -0.2540882847001836    0.1817459660499771   0.01720715535227062   -0.1812828261842505    0.1884333380836306
  0.03495170668946986 -0.003595107446212394   0.01179660665925543  0.004381117716730152   -0.2734688351064615    0.2164455651399189    0.3786921851797354   -0.6826011387214299   -0.1402742706723827      0.49794001257675
   0.4198119848886176   0.04889613669309401    0.3159317641469073   0.04802237227392459    0.4254864593329608   -0.5289269475167349    0.3066728112976951    0.1223285974061343   -0.2572097923634809    0.2885761913589857
 -0.02831980980972123  -0.01609206801379581  -0.01953225973409429  -0.01309342074907112   -0.3466022404088812   0.03074633292745852    0.6746041072202356    0.2328248890537054   -0.3517575302575112   -0.4942430032919644
  0.04358793183559964   0.05284340088258489   0.05037095492151701   0.05777256792078137    0.3521858000812212    0.1043876071422475   -0.2866404265799579   -0.4842331549029609   -0.5691731106173785   -0.4624917749179756
  -0.1003152857025761    -0.114950464225325   0.02707567319143305   0.02457919214900905   -0.3929053312421006   -0.7624583925243617   -0.1283324052914795   -0.3688311303067617    0.1751321867418314   -0.2376798562137567
   0.2884896577773851    0.4517579713179386   -0.3846832507049835   -0.6868586785302951   -0.1649429537574388   -0.1093091445084526   -0.1386268402157131   0.03568281109411314   -0.1719473878305176   0.06100139322953411
   -0.062772651921419    -0.540558996048217  0.001649163575306883  -0.04860366350985067   -0.3143806718023546  -0.04694934060582373    -0.337570994160776    0.2641368065760574   -0.5675614746702814    0.3075753997185114
  0.01566935079487635    0.6297376562305848   0.01275887279356067    0.6103038189370515   -0.3237315776859852  -0.03604435036198634   -0.2025488393627919    0.1461669415614578   -0.2123599175526171    0.1302403325667264

 35.5598245687203
62.93156208784082
50.55846766939519
89.92037242898579
72.64543852011215
129.9419939913025
87.25889309143065
156.0146969987507
 103.227359671923
185.5084241351171

1.794865369370347

     0.107574383596578   -0.05994067578109646    -0.1041273654552625    0.05772011142844666  -0.001166073479814671  0.0003646747610242984 -0.0009928754434293831   0.001006597207575204  -0.001700436936017056   0.001253546020583663

-0.005078362066055524  -0.01730607062406518  0.003259332702494469   0.01475132592912448 -0.001621765381391326 -0.001777110753630604  -0.02142528528324084   0.02578245702062735     0.478076962558146  -0.07680711788995297

cov:
    1.144492717166302     2.153549441540411   -0.1311210313287657   -0.1536172964574615  -0.04518237166521696  0.006013620839927285  -0.01451418281397371  0.009098253253750304 -0.007332925012699699  0.005241225647884356
    2.153549441540411     39.59323836559661   -0.2501959411560887      30.8009923972498    -13.75398609137996    -1.367931219607135    -7.389568759695685     5.060686058879333    -5.796768890183402      3.82752168663658
  -0.1311210313287657   -0.2501959411560887      1.12040976659153     1.992987375829491   0.02602010424050335   0.01552260928751002   0.01389840599970846  0.006367352083993927   0.00596102199295666 -0.005150593327792974
  -0.1536172964574615      30.8009923972498     1.992987375829491     33.36295450445667    -15.44272756580091    -1.488067431422152    -9.505480141237978     6.907676802346669    -9.718467101399121     6.027753511534881
 -0.04518237166521696    -13.75398609137996   0.02602010424050335    -15.44272756580091     12.27768157701705     2.108398396781476     7.110381857147576    -5.445606822646544     8.487694787856425    -5.175915790752282
 0.006013620839927285    -1.367931219607135   0.01552260928751002    -1.488067431422152     2.108398396781476     2.777256404144614     1.133601098443372  -0.05902359989108138    0.7289108247206414   -0.3414528633093113
 -0.01451418281397371    -7.389568759695685   0.01389840599970846    -9.505480141237978     7.110381857147576     1.133601098443372     7.155354928418903    -3.503227145763023     7.147117993046137    -4.012268801384496
 0.009098253253750304     5.060686058879333  0.006367352083993927     6.907676802346669    -5.445606822646544  -0.05902359989108138    -3.503227145763023      4.92377661259994    -4.958422798534563     3.629674077872884
-0.007332925012699699    -5.796768890183402   0.00596102199295666    -9.718467101399121     8.487694787856425    0.7289108247206414     7.147117993046137    -4.958422798534563     11.53162719287434    -4.882738326086078
 0.005241225647884356      3.82752168663658 -0.005150593327792974     6.027753511534881    -5.175915790752282   -0.3414528633093113    -4.012268801384496     3.629674077872884    -4.882738326086078     4.951170766529704

cov.inverse():
    9.68038871794295   -4.889409954187674   -11.48468702632092    6.463083612621338   0.6741509596094969  -0.1776106733963753    0.631069523846682  -0.6952382508836926    1.392508920244398    -1.02399496647735
  -4.889409954187678    2.718355189480258    6.443789446435247   -3.593861815404563  -0.3705492414967739   0.0945350228540518  -0.3510969016786484    0.388188138235084  -0.7758163985447488    0.570716152657995
  -11.48468702632091     6.44378944643525     16.5578653301396   -8.728449707617459   -1.180170060715081   0.3518435036590809  -0.9558075608645203   0.9368904114130659   -1.750114910951949    1.277563784695898
    6.46308361262134   -3.593861815404562   -8.728449707617452    4.867160670961975   0.6553137763708339  -0.1972878255992379    0.532256331053286  -0.5257331323462681   0.9767744098160809  -0.7116858735720825
  0.6741509596094962  -0.3705492414967728   -1.180170060715078   0.6553137763708327   0.5949107773396257  -0.2770710530424638  0.01456717386349472   0.1063020429515273 -0.01155958666571556  0.01199069540154534
 -0.1776106733963749  0.09453502285405155   0.3518435036590802  -0.1972878255992376  -0.2770710530424638   0.5305818316368288 -0.09639322702497109  -0.1206291012460639    0.047112249071584 -0.02861778703900778
  0.6310695238466879  -0.3510969016786515  -0.9558075608645275   0.5322563310532904  0.01456717386349563 -0.09639322702497137   0.5904321383489542  -0.1386010009553742  -0.1169190715889932  0.09511667107735128
 -0.6952382508836937   0.3881881382350856   0.9368904114130693  -0.5257331323462704   0.1063020429515267  -0.1206291012460637  -0.1386010009553741   0.6707891127848576 -0.02184079698226837  -0.1811311577356629
   1.392508920244397  -0.7758163985447464   -1.750114910951942   0.9767744098160777 -0.01155958666571581  0.04711224907158412  -0.1169190715889943 -0.02184079698226769   0.5189757893984062  -0.1684796460553378
   -1.02399496647735   0.5707161526579941    1.277563784695895  -0.7116858735720811  0.01199069540154547 -0.02861778703900785  0.09511667107735196  -0.1811311577356633  -0.1684796460553381   0.6839020165831198

cov*(cov_.inverse()):
     1.000000000000003   3.80858539150708e-15 -1.389860448952618e-14 -5.458307417161024e-15 -1.388944298116868e-15  2.054563116860031e-17 -4.040821496853475e-16  -1.75694962051276e-15 -4.401101878770408e-15  1.385610376436475e-15
-1.154631945610163e-14     0.9999999999999929 -8.881784197001252e-16 -6.217248937900877e-15 -1.047772979489991e-15  5.273559366969494e-16   1.77635683940025e-15 -5.551115123125783e-16 -1.110223024625157e-16 -2.220446049250313e-15
-3.334138520827423e-15  4.062722380737682e-15      1.000000000000006 -3.519753932756942e-15 -3.560248883899275e-16   5.00901403688303e-17 -4.898425415289509e-16  5.344032508181051e-16 -6.102974028920904e-16  4.666406150377611e-16
-2.575717417130363e-14 -3.241851231905457e-14 -3.552713678800501e-14     0.9999999999999787 -2.359223927328458e-16  -3.05311331771918e-16 -9.992007221626409e-16 -1.110223024625157e-15 -6.661338147750939e-16 -7.105427357601002e-15
   1.4210854715202e-14  2.220446049250313e-15  4.440892098500626e-15  3.108624468950438e-15     0.9999999999999991  2.775557561562891e-17 -2.220446049250313e-15  2.220446049250313e-16 -2.664535259100376e-15  3.108624468950438e-15
  3.05311331771918e-15  5.828670879282072e-16 -9.992007221626409e-16                      0 -2.315855840429037e-16                      1 -6.245004513516506e-17 -5.551115123125783e-17  2.220446049250313e-16 -1.110223024625157e-16
 8.881784197001252e-15 -3.552713678800501e-15  8.881784197001252e-16  3.996802888650564e-15  4.232725281383409e-16  8.326672684688674e-17     0.9999999999999989  1.110223024625157e-16 -1.332267629550188e-15  4.440892098500626e-16
-1.021405182655144e-14 -3.108624468950438e-15  6.217248937900877e-15 -4.440892098500626e-16  2.775557561562891e-16  2.081668171172169e-16  2.220446049250313e-16      1.000000000000001  1.332267629550188e-15 -4.440892098500626e-16
  1.06581410364015e-14  7.993605777301127e-15  2.486899575160351e-14 -3.108624468950438e-15  -4.85722573273506e-16 -1.387778780781446e-16 -4.440892098500626e-16  9.992007221626409e-16      0.999999999999997  2.220446049250313e-15
 5.329070518200751e-15 -5.773159728050814e-15  -1.06581410364015e-14  8.881784197001252e-16  6.175615574477433e-16  3.608224830031759e-16  7.216449660063518e-16  -3.33066907387547e-16   2.55351295663786e-15     0.9999999999999987
