10
1

0.1549324023816518
0.9019367900310674
 1.124754996528354
 1.246827007496584
 1.693375130353391
 1.967078492049846
 2.793242353719002
 3.038170323274864
 6.513965318160835
 14.78262855158106

  -0.5859626231335554    0.2105258561548415    0.7309180033765972   -0.2638715599898286   -0.0437593541167232   0.01516937515939401  -0.04472926132410995 -0.006965328114592362  -0.06090672785329451   0.02352652166468274
   0.7602244533012259  -0.03073148646243666    0.5930278936006742   -0.0546138927522744   -0.2035654682483026   0.07882634608609144  -0.04970920525143117  0.001401215594107725    0.1110555342439328  -0.06317280739480774
 -0.02744939436683309 -0.005534772693111814  -0.04788579404019705 -0.005239805699209237   -0.3481911683442597     0.491364423027745    0.5010045089142039   -0.4777989708083768   -0.1007893266813601    0.3804779145290645
   0.1964450555170449    0.0545136063629881    0.1508831191670804   0.03232952820341793    0.5458292625618701   -0.3601390518911377    0.2559918510853956    -0.139155058855697   -0.5532434771369134     0.340621005008616
  0.03839664342901893   0.02180124402423582   0.02637597565504775   0.01649561143395519     0.522238031956801    0.6089236127478588   -0.4117045134820431   0.08008838077839441    0.1696882242540492    0.3858150197339976
   0.0133836835349405   0.01370227473101959   0.02390487900652974   0.01344053493748838    0.1148104613276005     0.445354669540272    0.4229460057145586     0.585611098932443   -0.3485157615541545   -0.3795680317894184
 -0.05347799962036069   -0.1297246887174714    0.1135614697146767    0.2413862834082888    0.3483208444663187    0.1689621051372838 -0.008286343115286823   -0.6015138557325647  0.006337281491986695   -0.6303528508327665
   0.1815034594343088    0.5306820223932192   -0.2729692923366324   -0.6726956054596767   0.01410638269280434   0.09081749922062858   -0.1648472662202178   -0.1974514899254138   -0.1985308061848236   -0.2106619849490952
 -0.04329833233395491   -0.6718735182407394  -0.01734572139614894   -0.2615651830840947   -0.1961073896655718   0.09414407870288741   -0.3888563166494198  -0.04407979180057733   -0.5267957733044646 -0.002597152343679529
 0.005557227779891908    0.4485566829302823  0.006447750439030545    0.5887789525697462   -0.3026235820720902   0.08734585147789321   -0.3900698559080641  -0.01378362806611121   -0.4477660628429283   0.00381219384771053

22.68415702225404
60.66450976032471
35.54336246944914
95.61437836071981
68.91858159974159
185.8374277284334
81.46208022564747
219.9687701729196
96.42440417290439
261.1970375012148

2.715004159139263

   0.1551964650058797  -0.05720431432512439   -0.1418127280798357   0.05213276244450947 -0.003993242382356202  0.001415559278954178  -0.00456519059512586 -0.000667472370888427 -0.005803063034850522  0.002308894032241233

-0.005270792750990767   0.02697222780555137  0.005256744963153136   0.01226439525432276  0.006710289430584986 -0.009285489075025638  -0.05152369819210363   0.02838099450718964     1.116382284823589     2.340990950544841

cov:
   0.9569525338134252     2.720305016582789  -0.05665643417143131  -0.04965722667315465  -0.01196434605408845    0.0263606360843144  -0.02476644761124541 -0.001373295037062036 -0.006463208157650306 -0.006288781961263773
    2.720305016582789      65.8618124406463   -0.3206374286572024     61.63487622576582    -24.26394292611102     6.177503331033741    -27.93257837646031   -0.4252821097380657    -29.90837567078914   0.08570038541606489
 -0.05665643417143131   -0.3206374286572024     1.151665736623517     2.910344202251468   0.09128799773906847  -0.01403959926110682    0.1575181556079611   0.03465219068389452    0.1721055522695791 0.0004186170355742615
 -0.04965722667315465     61.63487622576582     2.910344202251468     83.29624893572941    -36.12194762950131     9.974665078990222    -44.84945544179701    -1.160646454879263    -50.56156132372661    0.6559719170515961
 -0.01196434605408845    -24.26394292611102   0.09128799773906847    -36.12194762950131     24.07650368625992    -5.514035115143347     28.56369222057353   0.09014976803912204     33.64212956684711    -1.429998497049897
   0.0263606360843144     6.177503331033741  -0.01403959926110682     9.974665078990222    -5.514035115143347     4.684976294142462    -8.973003867217912   -0.4676726468072717    -10.85922888643563   -0.8838398819387178
 -0.02476644761124541    -27.93257837646031    0.1575181556079611    -44.84945544179701     28.56369222057353    -8.973003867217912     41.51686094171247     2.747137374137102     46.10234412174622   -0.6182299130222063
-0.001373295037062036   -0.4252821097380657   0.03465219068389452    -1.160646454879263   0.09014976803912204   -0.4676726468072717     2.747137374137102     4.971094828681474     2.096099708769767      2.26042713599987
-0.006463208157650306    -29.90837567078914    0.1721055522695791    -50.56156132372661     33.64212956684711    -10.85922888643563     46.10234412174622     2.096099708769767     57.00414590559839    0.3923010140996379
-0.006288781961263773   0.08570038541606489 0.0004186170355742615    0.6559719170515961    -1.429998497049897   -0.8838398819387178   -0.6182299130222063      2.26042713599987    0.3923010140996379     4.864334054194213

cov.inverse():
   15.04433453184189    -5.14849468461347   -17.27382153204435    6.380194506673194   0.9599740631051613  -0.3425773665965757    1.060061355529106   0.1675057290743456    1.520499037681053  -0.5945206470491905
  -5.148494684613486    1.893939893928079    6.376554561124162    -2.34821257781535  -0.3535538781313511    0.122592791393247  -0.3892477069574231  -0.0619295889632838  -0.5613741179728351    0.219011335939899
  -17.27382153204439    6.376554561124157    22.71518439435501   -8.047541898797908    -1.40446697505062   0.4739045801582543   -1.388624186476244  -0.2050352787120228   -1.817945856950023   0.6872427780477539
   6.380194506673202    -2.34821257781535   -8.047541898797904    2.964879018164853   0.5210423157680052  -0.1782569401452788   0.5104895289486154   0.0740689013332602   0.6674623835344009  -0.2520954848785925
  0.9599740631051278   -0.353553878131338   -1.404466975050574   0.5210423157679889   0.5336085254177201  -0.1778294823233605 -0.01474687429553677   0.1000236214873292 -0.05966926676165338  0.01834113873687344
 -0.3425773665965586   0.1225927913932404   0.4739045801582314  -0.1782569401452706    -0.17782948232336   0.4768666606695926  0.06063989370281694 -0.08827301981277109   0.0540469321283539   0.1001312518556575
   1.060061355529118  -0.3892477069574278   -1.388624186476262   0.5104895289486218 -0.01474687429553347  0.06063989370281544     0.43950560725141  -0.1421373039756727 -0.07760197113837147  0.07435704223535726
  0.1675057290743352 -0.06192958896327993  -0.2050352787120096  0.07406890133325543    0.100023621487329 -0.08827301981277115  -0.1421373039756736   0.3364471467519175  0.06178110052928389  -0.1746900296419858
   1.520499037681066  -0.5613741179728404   -1.817945856950044   0.6674623835344078 -0.05966926676164793   0.0540469321283514 -0.07760197113837207  0.06178110052928538   0.4277863309789545  -0.1587905266203045
 -0.5945206470491932   0.2190113359398999   0.6872427780477572  -0.2520954848785937  0.01834113873687162   0.1001312518556584   0.0743570422353577  -0.1746900296419863  -0.1587905266203041   0.3619070958410548

cov*(cov_.inverse()):
     1.000000000000028  1.342719338492948e-14  4.037308681814622e-14 -8.560209832642052e-15 -1.619635415367471e-15  5.500157621018964e-16  7.853960537484994e-16 -1.092875789865388e-16  8.023096076392733e-16  2.263814136149733e-16
 7.917277944358148e-14      1.000000000000002  3.548550342458157e-14  6.886852199627924e-15 -2.263163614846242e-15 -4.059252933785729e-16  -3.60215329786584e-15 -4.250072516143177e-16  4.111294638065033e-15 -1.550842787523266e-15
 6.602791230436722e-16 -6.138752700612926e-15     0.9999999999999992 -4.953245387635807e-15 -2.638499160367673e-15  7.155531050496988e-16  6.262893849362516e-16 -1.314188558323992e-16  2.033109466371974e-15 -1.040834085586084e-16
 4.701794509287538e-14 -3.611000387593322e-14 -1.117994585797533e-13      1.000000000000011     1.271552307891e-15 -2.234323837058128e-15 -6.931955010003321e-15  7.355227538141662e-16  1.217081990745328e-14 -4.440892098500626e-16
-2.442490654175344e-15  2.109423746787797e-14  9.992007221626409e-15  3.164135620181696e-15      1.000000000000001  2.775557561562891e-17  4.579669976578771e-15   3.05311331771918e-16 -3.247402347028583e-15 -1.110223024625157e-15
-6.217248937900877e-15  3.164135620181696e-15  2.775557561562891e-15 -5.551115123125783e-16 -3.538835890992686e-16                      1 -5.273559366969494e-16 -1.110223024625157e-16   6.38378239159465e-16  2.775557561562891e-16
-3.558264793923627e-14  1.262878690511116e-14 -5.162537064506978e-15 -5.329070518200751e-15 -3.601285936127852e-15  8.465450562766819e-16      1.000000000000007 -1.595945597898663e-15 -5.995204332975845e-15  2.498001805406602e-16
 4.440892098500626e-16 -1.665334536937735e-16  2.220446049250313e-16                      0  1.387778780781446e-17 -5.551115123125783e-17                      0                      1 -1.665334536937735e-16                      0
-7.466249840604178e-15 -8.493206138382448e-15  1.731947918415244e-14 -1.318389841742373e-15  1.093743151603377e-15  8.326672684688674e-17  1.162264728904461e-15  -1.52655665885959e-16     0.9999999999999956 -3.885780586188048e-16
-4.440892098500626e-16  2.220446049250313e-16  2.220446049250313e-15 -4.440892098500626e-16  6.938893903907228e-17  2.220446049250313e-16  1.110223024625157e-16 -2.220446049250313e-16 -2.220446049250313e-16      1.000000000000001
