12
1

0.1530350437889768
0.7468726851690408
0.7813008375119107
0.9235774551485186
 1.063721553042995
 1.188642835818057
 1.440481156385024
 1.752169827482113
 2.093983399364411
 2.552595648480979
 4.544110455410149
 7.668686741552744

   -0.526465864653211     0.244090089859566    0.7309327292019799   -0.3404836881685585  -0.03336106177871053   0.02525386473186873  -0.05708722126746398  0.008903877244405885  -0.04748945838267239   0.03413442774129251  -0.05372442037524475   0.04081979558366383
   0.3813044260871389  -0.09133872859305837    0.2511401282544091  -0.04682516866031767   -0.2946536754807961    0.8149722260682053  -0.07032771157534427  -0.06643403350672458   0.04925862543042139   0.01793219978527657   0.07608410397239762   -0.1100157191479083
  -0.4311295599077255    0.0796324988189288   -0.3024947767936999   0.05396501385800985    0.2157444073121742    0.4017782681246114    0.4213338240122764   -0.4927834982557864   0.01395850546022338    0.2398225237138596   -0.1154721587284608    0.1183129721001366
   0.4188058878273514   -0.0304301782461417    0.3295388456905931  -0.01897436195339191   0.02090471689564995   -0.3360586636325217    0.3065660656261172   -0.4629677786593964   -0.2662978715742891    0.4112968599435022    0.1565875568431119    -0.168600355037266
  -0.2401648281031755  -0.01079764797730923   -0.1869116836703915 -0.009580630866259187    0.1392537033963425    0.1626099743612787   -0.1852407631634466     0.261099070497764   -0.6001256347323061    0.2380939227016337    0.4522628863590124   -0.3707759777391177
   0.1613056942018363   0.01889282413982363    0.1280097032666576    0.0327087495532733    0.3603488294998147   0.09898453137708108   0.03292692722497093   -0.1010016150402259   -0.3660828828281119   -0.4460497170631885    0.3148104278053816    0.6108599102809007
  -0.2323784221350256   -0.1112998459068681   -0.1720561074650331  -0.09889005914947425   -0.7456093254968922   -0.1480658028455258   0.06548481519298395   -0.2132314194285502 -0.006794592414656446  -0.09826121879383293    0.4566047334233779    0.2200638580739211
  0.08593902747887998   0.08341595048231272   0.01946477606199241   0.02796264215975405   0.02465703346960387   0.03739941213276969   0.07784172874152062    0.4333004783912043    0.2348754022620002    0.6469039012270187    0.2135867069138106    0.5190469707856378
 -0.02909605215698882  -0.04621117121869242  -0.03810506156515626  -0.07019299081379343    0.2627425614784667  -0.03475460382320017   -0.6961692712180816   -0.4511493550583741    0.3586180620049927    0.1548824484078878    0.2816296594986178   0.01729776112052341
   0.2543862469232925    0.4583601662798336   -0.3456072016473368   -0.7111855117699978  -0.06708722738926805   0.00184340133958784   -0.1055964226831372  -0.04541597211910699   -0.1804093790719252   0.04810372537614749   -0.1960297518556068   0.09464639498216723
 -0.07028280063740121   -0.5499934567080115  0.003109746506206281  -0.01813473369123533   -0.1410359346971889 -0.006919055355607086   -0.3154842599255656  -0.07315603061145476   -0.4065814483731426    0.2363430131787079   -0.4993008303908983    0.3113519582022716
  0.02422859463934729    0.6247145050152321   0.01887838018324713    0.5965253154071251   -0.2566593104521958 0.0001332574462166422   -0.2814455946386346   -0.1256636397809323   -0.2199225650827974   0.07670577171439581   -0.1693300848636307   0.09563752963565143

 35.5617140950576
 72.0165448587418
50.53431816251226
103.6869640884058
64.57211321047741
133.3338286208079
74.52511351094729
154.7587240794657
88.34421698320584
184.4066991289663
104.6886527154236
219.4766169930305

2.109751257860971

   0.1261062327586721  -0.05967412341423581   -0.1201587886899648    0.0569063951226785  -0.00113481327795765  0.001018124442152864 -0.001592905736448335 4.508771904373956e-05 -0.001399668115171372   0.00111155856814523 -0.001301912555760309  0.001074114095533588

-0.004397921514334861   0.01210522087257408  -0.01202942241702207   0.01153509684423706 -0.008255580990956182  0.007900489552644191  -0.01554665790525831   0.01746109367780035 -0.001096957745613833   0.04359823347855292    0.5166393134103974  -0.06444881296516156

cov:
    1.149302424267823       2.4825979222937   -0.1357991161756865   -0.2551900852939165 -0.007003571392217653   0.02459390856722885  0.001805157609215587  -0.01737891695218654   -0.0109296400965728   -0.0348178043453086   0.01070071465518513 -0.005374784425650266
      2.4825979222937     30.63403934795057   -0.3476590790342802     20.04627762485583    -7.870014847180755    0.1273246168266189    -6.907628900016881    -3.684299131706561    -4.009587346043774    0.4200644187465631    -1.254769057307635    0.3757072658478032
  -0.1357991161756865   -0.3476590790342802     1.127248751347552     2.291576073734032   0.04074821359143625  -0.01408358120488175   0.04533476620150555   0.01367331239620208   0.08190224770568708  -0.01672898945362009    0.0604416462489508  -0.03245665217282886
  -0.2551900852939165     20.04627762485583     2.291576073734032     24.28094227043757    -8.536034285548057   0.04301112505177904    -9.043655371141051    -3.965314694883495    -6.822202734493559     2.384835518835818     -5.00518988515823     2.835382512374078
-0.007003571392217653    -7.870014847180755   0.04074821359143625    -8.536034285548057     6.054787916682989    0.1981679782588106     4.375695289301132      1.90006452974603     4.731927263785946    -1.641306786210635     3.936469951036044    -2.389678019593444
  0.02459390856722885    0.1273246168266189  -0.01408358120488175   0.04301112505177904    0.1981679782588106     0.665235134072068   0.09048091039437586    0.2085090141900151  -0.03088812521908178   -0.0212072823715647 -0.002434478447023052 -0.008679612345272366
 0.001805157609215587    -6.907628900016881   0.04533476620150555    -9.043655371141051     4.375695289301132   0.09048091039437586      9.17049779713208     3.734824162616239      5.41416213704167     -3.07603461691937      5.37177800345115    -3.478459757055526
 -0.01737891695218654    -3.684299131706561   0.01367331239620208    -3.965314694883495      1.90006452974603    0.2085090141900151     3.734824162616239     3.040907880561044     1.872935806302131      -0.4416980950565      1.64736443132828    -0.807851304362848
  -0.0109296400965728    -4.009587346043774   0.08190224770568708    -6.822202734493559     4.731927263785946  -0.03088812521908178      5.41416213704167     1.872935806302131     7.862105548157896    -2.343309732633311     6.698400740281786    -3.591686454967917
  -0.0348178043453086    0.4200644187465631  -0.01672898945362009     2.384835518835818    -1.641306786210635   -0.0212072823715647     -3.07603461691937      -0.4416980950565    -2.343309732633311     3.449373336863443    -2.777435265826203     2.450532153745637
  0.01070071465518513    -1.254769057307635    0.0604416462489508     -5.00518988515823     3.936469951036044 -0.002434478447023052      5.37177800345115      1.64736443132828     6.698400740281786    -2.777435265826203     8.408655773706039    -3.666707669721328
-0.005374784425650266    0.3757072658478032  -0.03245665217282886     2.835382512374078    -2.389678019593444 -0.008679612345272366    -3.478459757055526    -0.807851304362848    -3.591686454967917     2.450532153745637    -3.666707669721328     4.249236257936652

cov.inverse():
     12.71369983144383     -5.581084789300657     -15.82310098368133      7.565129208412057     0.4982049729250901    -0.4646332084071258      1.127544054902295    -0.1543614677560872      1.045397817128894    -0.7947811859372936      1.305046152763953     -1.018272289224533
    -5.581084789300662      2.633046872255989      7.515204625998114     -3.569155205394694     -0.234361774313926     0.2035741861986985    -0.5333110504490456    0.07745081381599936     -0.492099266613582     0.3803216655260367    -0.6170987774542613     0.4781081731451027
    -15.82310098368133      7.515204625998115      23.27831933538959     -10.63025059400932     -1.199897613407555     0.8209881144291632     -1.863555871588195     0.2877425436757499     -1.495432017988329      1.042136211247221     -1.599648272799044      1.197239241362209
      7.56512920841208     -3.569155205394695     -10.63025059400932      5.049809181323136     0.5719151647712766    -0.3838914976723446     0.8862962906140477      -0.13660820515317     0.7045864130043361    -0.4946371272125083     0.7602370597528877    -0.5683966977496276
    0.4982049729250952    -0.2343617743139276     -1.199897613407559     0.5719151647712786     0.6756099556015769    -0.2359894281243946     0.2003432815982174    -0.1021455989647449    -0.0957788605070064 -0.0003771396635507326  -0.003996270325372612    0.07042658597510429
   -0.4646332084071259     0.2035741861986984     0.8209881144291624    -0.3838914976723443    -0.2359894281243945      1.656351942353594   -0.03021499308572581    -0.1748771041596153     0.0235560135558946    0.07538035604329221   -0.02951751021151761   0.007497186662582137
     1.127544054902304    -0.5333110504490496     -1.863555871588206     0.8862962906140531     0.2003432815982177   -0.03021499308572621     0.7025579290562568    -0.4866071523501136    0.07218319004594764     0.1624638619123561    0.01796332289074725    0.02098377551048693
   -0.1543614677560934    0.07745081381600218     0.2877425436757585    -0.1366082051531739    -0.1021455989647453     -0.174877104159615    -0.4866071523501141     0.8581849102364946  -0.002849329923713624    -0.2350394311359082    0.01834164879601977   -0.05771204766051202
     1.045397817128898    -0.4920992666135833     -1.495432017988332     0.7045864130043377   -0.09577886050700658    0.02355601355589444    0.07218319004594691   -0.00284932992371292     0.6583948904320399    -0.1450506016474941    -0.2035358670280982    0.03252262135840842
   -0.7947811859372913     0.3803216655260354      1.042136211247217    -0.4946371272125062 -0.0003771396635501362    0.07538035604329205     0.1624638619123571    -0.2350394311359087    -0.1450506016474935     0.6833809852129791    -0.0239937585197117    -0.1457798466955011
      1.30504615276395    -0.6170987774542589     -1.599648272799035     0.7602370597528839  -0.003996270325373351   -0.02951751021151735    0.01796332289074587    0.01834164879602033    -0.2035358670280991   -0.02399375851971136     0.5870070355500742   -0.09907182140429412
     -1.01827228922453     0.4781081731451013      1.197239241362205    -0.5683966977496258    0.07042658597510459   0.007497186662582101    0.02098377551048771   -0.05771204766051248    0.03252262135840901    -0.1457798466955011   -0.09907182140429426     0.6520915321092374

cov*(cov_.inverse()):
    0.9999999999999837  3.982057739104761e-15 -9.292913660807756e-15  -1.94319386970232e-14 -1.559028513925531e-15  4.973777466277252e-18  4.733355634528591e-16  3.371868756429919e-16   -5.4245345194881e-16  2.630274470449834e-16 -2.917696466375741e-15 -8.651933336434325e-16
-7.049916206369744e-15     0.9999999999999971 -1.221245327087672e-15 -4.801714581503802e-15  -2.42861286636753e-16 -8.456776945386935e-16   9.26342336171615e-16  2.602085213965211e-16  7.598088824778415e-16  8.326672684688674e-17  1.873501354054952e-16 -5.828670879282072e-16
-2.220446049250313e-15 -7.632783294297951e-16      1.000000000000007 -3.157196726277789e-16 -6.106226635438361e-16  1.669942396170798e-16 -2.682316174729138e-16 -1.849648906260271e-16 -2.476317761956892e-16  1.925543058334256e-16  6.505213034913027e-18  1.769417945496343e-16
 2.708944180085382e-14  3.552713678800501e-15  1.909583602355269e-14      1.000000000000032  4.718447854656915e-16  7.216449660063518e-16 -1.318389841742373e-15 -5.551115123125783e-17  4.579669976578771e-16  7.216449660063518e-16  2.775557561562891e-15  2.886579864025407e-15
-2.664535259100376e-15  1.998401444325282e-15 -2.087219286295294e-14 -6.661338147750939e-15     0.9999999999999987  3.157196726277789e-16 -2.844946500601964e-16  7.494005416219807e-16  -6.38378239159465e-16 -1.110223024625157e-16 -5.551115123125783e-16 -4.440892098500626e-16
 -9.71445146547012e-17 -6.765421556309548e-17 -7.233796894823286e-16 -2.133709875451473e-16 -8.998878031629687e-18                      1  5.608035737181272e-17  -2.51534904016637e-17  3.089976191583688e-17 -1.019150042136374e-17 -1.420304845956011e-17 -4.163336342344337e-17
 1.332267629550188e-14 -2.220446049250313e-16   -1.4210854715202e-14 -3.552713678800501e-15 -8.049116928532385e-16 -1.249000902703301e-16                      1 -3.885780586188048e-16   1.77635683940025e-15 -7.771561172376096e-16  1.609823385706477e-15 -4.440892098500626e-16
 2.109423746787797e-15  1.720845688168993e-15 -9.436895709313831e-15 -5.440092820663267e-15 -4.787836793695988e-16  6.418476861114186e-17 -3.018418848199644e-16     0.9999999999999997 -1.318389841742373e-16 -6.938893903907228e-17  -1.52655665885959e-16  1.110223024625157e-16
  1.77635683940025e-15  2.442490654175344e-15 -2.664535259100376e-15  -1.77635683940025e-15 -4.440892098500626e-16  5.204170427930421e-17  4.579669976578771e-16  1.110223024625157e-16     0.9999999999999998 -4.440892098500626e-16  1.387778780781446e-15 -4.440892098500626e-16
-3.108624468950438e-15 -1.110223024625157e-15   1.77635683940025e-15 -2.220446049250313e-15  8.326672684688674e-17 -5.551115123125783e-17  1.595945597898663e-16 -2.220446049250313e-16  8.326672684688674e-17                      1 -7.771561172376096e-16                      0
 5.773159728050814e-15  1.998401444325282e-15 -6.217248937900877e-15 -4.440892098500626e-16 -2.775557561562891e-16  4.024558464266192e-16                      0  1.942890293094024e-16 -8.326672684688674e-17 -2.220446049250313e-16                      1  4.440892098500626e-16
-8.881784197001252e-16  4.440892098500626e-16  2.664535259100376e-15  1.332267629550188e-15  5.551115123125783e-17 -2.012279232133096e-16 -2.775557561562891e-17 -5.551115123125783e-17   3.05311331771918e-16 -4.440892098500626e-16  -3.33066907387547e-16                      1
