10
1

0.02659223618660482
 0.1729470681297708
 0.3138991645182125
 0.4768143453532336
 0.6269477663278322
 0.8076736836869922
 0.8830479591599505
  1.554800408282822
  2.247804275285535
  3.311075049693758

    -0.137292969274534    0.05454846952212944     0.7146919687954009    -0.2852595609351947    -0.5768606417126385     0.2305176209776584  0.0008829703219252096  -0.001124557069127944    0.01040176622102655 -0.0008143408164982999
   0.02305089982492331  -0.007845384829290215   -0.01943907535357984   0.005446366364561831   -0.01136700609706996   0.009129115333289693   -0.01270685286558786   0.003541289388087808     0.9993041676095413   0.002047334976742596
   -0.5848268403001528     0.1969576774795326     0.4205902398088379   -0.03391239163416507     0.5997608686621042    -0.2405423321442196    -0.1283833660075519    0.01514714110304164     0.0305787855847511    0.07693204928402189
    0.6982390344823065    -0.2013392239799089     0.5420435958409165     0.1887894342797312     0.3159259548133306    -0.1932148224283727    0.05909514507857955    -0.0394412118526807   -0.00188750032616717   -0.01671743916042312
   -0.1228103033178438    0.02633012529925574   0.006859022065317866    0.01046240695506284    0.01302349456292857   -0.06185664882592275     0.7217471635879733    -0.6774271309690693    0.01540146316411723   0.002880686593605334
   0.02723958890043886    0.02538975994913615   -0.05978564160570216    -0.1574799874637069    -0.3427945854967291    -0.8557221435397545   -0.02642111019414953    0.03791664456388071   0.002009376987908857     0.3439924361197277
  -0.07415751678025206    0.01742820751745253    0.01285144588687317    0.01761182057657147    -0.1065957232270377    -0.3364667901037081   -0.02063250222939246    0.01737615533700314   0.005447941929923607    -0.9318753802711548
    0.2737941995512664     0.1936176138762622    -0.1153852764814199    -0.7852485517860089     0.2160636649076352    0.04316359453397051    -0.2798090971237671     -0.353694246144252  -0.002847222392892832    -0.0753156380022925
  -0.07267235299447303   -0.09337484410376161     0.0287495758501887     0.4073370210013595    -0.1619926891410379   -0.01191176869021656     -0.615826802774664    -0.6420439250836862  -0.008081737271937794     0.0365785731088641
    0.2224654501211992     0.9326225414594862    0.01425740322097045     0.2721166988468435   -0.07493167966202376    0.01685780517340656    0.01687323934732425    0.01529730663172281  0.0001232271524963609   0.007475033958989499

22.49493631677671
44.37090976065622
49.86335624356482
112.5162851083534
56.65855494224451
129.4685954233907
 79.6705203795732
187.2514675491245
107.5104983875103
259.2657680683167

2.484589364066579

   0.09485240297578974   -0.03824523383234914    -0.1098996346084118    0.04372297976899105    0.01166606732856042  -0.004755687379681319  0.0008242469242837393 -0.0001257567961307308  0.0009130438468419272 -0.0003266352714519112

-8.057297106551119e-05  0.0001670738623345082   -0.01011679684045416   0.006201216488570941  -0.004643218470894491  0.0008030527306192799  -0.006001254064261045  -0.002263489421169119     0.0457215392972732   -0.05679811620377505

cov:
   0.9057529134591701     2.391893955836427  0.007437791698214691   0.02200701200538367   0.03481741136388709   0.06446754888187865   0.06473175309432683   0.06419715974324272 -0.001012984475223249  0.007725405395912718
    2.391893955836427     9.684289072433026   0.06084331651025641     2.210982424967752   -0.5984201071358835    0.1829831642549496    0.3336537395444943    0.2897209492500405   0.00445261343816766   0.01924058175698813
 0.007437791698214691   0.06084331651025641    0.1256695149746648    0.3487946283579674  -0.01967146777171336  -0.01496825261440311  -0.00403065590788276 0.0004177893337832707 0.0001160994761274756  0.005869684546350943
  0.02200701200538367     2.210982424967752    0.3487946283579674      3.16549383281651   -0.9216126006516807   0.01933856611908068    -0.677594944846711   -0.6125482089312504  -0.01095156241343501    0.1914538451413891
  0.03481741136388709   -0.5984201071358835  -0.01967146777171336   -0.9216126006516807    0.4509541399818235    0.2092609552760033    0.3520171897938479    0.3128700841046982  0.005530618976407982  -0.07152290492371313
  0.06446754888187865    0.1829831642549496  -0.01496825261440311   0.01933856611908068    0.2092609552760033    0.5900275309994431   0.01404345613983889 -0.003316494239086364 -0.003080692684068569    0.0426337444575393
  0.06473175309432683    0.3336537395444943  -0.00403065590788276    -0.677594944846711    0.3520171897938479   0.01404345613983889     2.316522395543067     2.045981996935303   0.03055036614888425  -0.05280615594841301
  0.06419715974324272    0.2897209492500405 0.0004177893337832707   -0.6125482089312504    0.3128700841046982 -0.003316494239086364     2.045981996935303     2.569706289499068   0.02486325796668241  -0.05763104886501706
-0.001012984475223249   0.00445261343816766 0.0001160994761274756  -0.01095156241343501  0.005530618976407982 -0.003080692684068569   0.03055036614888425   0.02486325796668241   0.03043088522891716 -0.004155418042450773
 0.007725405395912718   0.01924058175698813  0.005869684546350943    0.1914538451413891  -0.07152290492371313    0.0426337444575393  -0.05280615594841301  -0.05763104886501706 -0.004155418042450773    0.7760761993776513

cov.inverse():
    32.3719735964646   -12.35065124173411    -139.623498951978     56.0677872708198    109.4165438446799   -43.89278053670429   0.5151336937511536     0.19110213685131   -1.442129997941997   -0.255097150245017
  -12.35065124173411    4.881575090177013    55.48613149955316   -22.29329116797394   -43.57719354827211    17.42988503104077  -0.2002524363706545 -0.08114616610885225   0.6042276870740528  0.09191191895140426
  -139.6234989519783    55.48613149955324    725.4291707400739    -287.946286653309   -579.6762263635547    231.5534842381597   0.5180823495577308   -1.169996176436577    9.989587658208288  -0.5788515268741553
   56.06778727081984   -22.29329116797396   -287.9462866533089    115.5750663136392    232.7521246825548    -92.8828727333146  -0.1984559189031117   0.4530382133784029   -4.025826835375375   0.2120998565520939
     109.41654384468   -43.57719354827215   -579.6762263635547    232.7521246825547    474.8926992374165   -189.2849078447572   -1.379564302925015    0.897534688744561   -8.682866875532017    1.047340394490093
  -43.89278053670434    17.42988503104079    231.5534842381598   -92.88287273331463   -189.2849078447573    77.17720519836526   0.4736091832820457   -0.324370981223828    3.615306696898473  -0.4894562423432712
  0.5151336937511933  -0.2002524363706703   0.5180823495575227  -0.1984559189030287   -1.379564302924846   0.4736091832819784    1.623505829272374   -1.159573657656857  -0.4225065966364633 -0.08618572444027807
  0.1911021368512719 -0.08114616610883713   -1.169996176436378   0.4530382133783235   0.8975346887444001  -0.3243709812237638   -1.159573657656857    1.314840807157434  0.08193782735636765  0.01691007863462277
   -1.44212999794201   0.6042276870740578     9.98958765820835   -4.025826835375399   -8.682866875532063    3.615306696898491  -0.4225065966364587  0.08193782735636275    33.54952776899658  0.07512825255894909
 -0.2550971502450171  0.09191191895140426  -0.5788515268741561   0.2120998565520941    1.047340394490094  -0.4894562423432713 -0.08618572444027836  0.01691007863462298  0.07512825255894907    1.360052545875687

cov*(cov_.inverse()):
     1.000000000000004  8.435092901937224e-16  8.447235966269062e-14 -1.684069550478284e-14  -2.35454017394332e-14  1.402957611196243e-14  8.413408858487514e-17  3.003240017784847e-17  9.778419393646764e-16 -1.214306433183765e-17
 1.419524220391821e-14      1.000000000000001  9.908740494779522e-14  2.010024091614326e-14  7.056508155578456e-14 -1.255419379564415e-14  1.270684946153011e-16  1.318931942828616e-16  3.239596091386687e-16  1.179611963664229e-16
-6.359929943799969e-16  2.609349368520864e-15     0.9999999999999921 -1.670733863756713e-14  -1.27675647831893e-14  1.813219713264758e-15  1.844227895397843e-16 -2.437557534290535e-16 -2.748452507250754e-17  1.561251128379126e-17
-2.126077092157175e-14  1.386044057305469e-14  5.029310301551959e-14     0.9999999999999729 -3.191891195797325e-14  4.941880238362728e-14  2.081668171172169e-16 -8.630249292984615e-17  1.040834085586084e-17  5.551115123125783e-17
-1.398187121637307e-15 -1.502270530195915e-15  -2.58265631103427e-14  1.599415044850616e-15     0.9999999999999764 -2.706168622523819e-16 -1.543903893619358e-16  1.973247953923618e-16  2.680147770384167e-16  6.938893903907228e-17
 5.037636974236648e-15 -1.345278055620014e-15 -6.224187831804784e-15 -5.453970608471082e-15  4.232725281383409e-16      1.000000000000006  1.301042606982605e-17  9.324138683375338e-17  8.890457814381136e-17  6.938893903907228e-18
 3.509345591901081e-15 -6.756747938929664e-16 -8.381836891224737e-14   1.02990532768743e-14  1.682681771697503e-14 -1.709743457922741e-14     0.9999999999999997 -2.184667377558291e-16 -5.594483210025203e-16  8.326672684688674e-17
-1.429412144204889e-15  2.404326737703855e-15 -3.681083216022785e-14 -7.407269242420966e-15 -4.322930902134203e-15 -6.283168429987995e-15  6.045511313779173e-16     0.9999999999999988 -6.496539417533143e-16  5.551115123125783e-17
 8.348356728138384e-17  1.073360150760649e-17 -1.093743151603377e-15 -1.566672139241554e-16  8.092485015431805e-16 -6.982261990806649e-17  4.087442190270352e-17  -7.07712968089913e-17                      1  2.602085213965211e-18
 1.360023205165817e-15 -6.938893903907228e-16 -7.771561172376096e-16  3.913536161803677e-15  7.438494264988549e-15 -1.887379141862766e-15 -5.551115123125783e-17 -1.214306433183765e-17 -1.249000902703301e-16                      1
