10
1

0.02352116575799703
  0.171824761933401
 0.2127150269156979
 0.4635170905210281
 0.6251239091491427
 0.8134314085318086
 0.8805762861447858
  1.632583233168361
  2.198229079667245
  3.558378652953976

    0.2346547115516505   -0.09450500063031878    -0.7430858298221162     0.2968985648843753     0.5050782880042136    -0.2013609924220065 -3.764364172497764e-06  0.0003989342629254522  -0.005487806284881165  0.0002478440466421294
   0.08194598645229861   -0.03214385770318684   -0.02858083736139214   0.008779998527832775   -0.06768620381660846    0.03216699272982027  -0.006506123159813356   0.003070488469776804     0.9928177991847967  -0.001611692696661484
   -0.6774926451281087     0.2643364366879848     0.1958338333925481   -0.05506602666156906     0.5902962173303031    -0.2399434378151466   -0.08499891084929392   0.007030786823818077       0.11812265691448     0.0499711918251407
    0.5523155727876595    -0.1791506636966458     0.6261008003571155     0.1905292278607489      0.434243234407483    -0.2126852266793031   -0.01160538453886054   -0.01434731640995432   0.001448068461935601     0.0201029664285173
   -0.0505767773829138    0.02093810036701349    0.01293599304110161    0.01376742338502749    0.01178741079650134   -0.06840859940869591     0.7277998604126569    -0.6796382883359384    0.01499192425732025  -0.001557745739560417
   0.02553199268620133  -0.004879320968770479   -0.04595051170994714    -0.1300473318456017    -0.3491789268851141    -0.8655423654014761   -0.02342037467128693     0.0497229969051072    0.00202138342920757     0.3258620350430987
  -0.03213332688301855    0.01319465176398154    0.01599827746282512    0.02364105084073038   -0.09934402358648681    -0.3182717925515278   -0.01758220574951473    0.01733725044655968   0.005172956175065732    -0.9413691431408063
    0.2793919154674108      0.110193503683892    -0.1155775001532926    -0.8221174032342518     0.2115513330128418     0.0182183304778982    -0.2653693778680211    -0.3185084244204607   -0.00256875491136478   -0.06001141867540048
   -0.1286551946093093    -0.1612634087323457    0.02689529238810766     0.3473629584724401    -0.1387737892819693    -0.0104426849625408    -0.6216950829635614    -0.6551953131651768  -0.008023127576908236    0.02898814966492345
     0.274442708444734     0.9215650054654835   0.006101895262046952     0.2413331731505471   -0.08574064280741564   0.005473788900999736    -0.0715695670996032   -0.06576823726987807  -0.001034547159395382    0.01703092610589175

35.75201726709545
77.36060397817505
 49.8657930767266
112.5238646809356
56.65779735026515
129.4680106358495
 79.6679187549086
187.2449587235539
107.5105143131258
259.2627279625177

2.484554918579652

    0.1726135668956001   -0.06922001579419514    -0.1659573212568723    0.06605322682978908   -0.01061489152762363   0.004314098118360504  0.0009374806876802547 -0.0005886431788491763   0.003676314819445318 -0.0004764554195927421

0.0001016462499182633 0.0007733202460472053 -0.008070086543835637  0.002338267581991483 -0.004180968670529412  0.002351644954759123 -0.005762203598617144  0.008709022192803558    0.0416708488736325 -0.007554001351976739

cov:
    1.330498465832612     3.354483904290301  -0.01488746472308252   0.03177492251925748  -0.02446053634172448   0.01590935683314178  -0.07294614368859374  -0.04647142167219612 -0.001959047701989449   0.02631360546670205
    3.354483904290301     10.92210388769949 -0.004973834457779584      2.29671047238829   -0.8396347589951915   0.08163621798847578   -0.4233299873385976   -0.3553341123875013 -0.005990147462399625    0.1476468001436867
 -0.01488746472308252 -0.004973834457779584    0.1275174980574859    0.3463742439194041  -0.01689222269409143   -0.0152046656082402 -0.002715625075941062  0.001281318621496068 0.0001531427097405857  0.005124748708648776
  0.03177492251925748      2.29671047238829    0.3463742439194041     3.141638692917758   -0.9138352445223532     0.019421081091094   -0.6754107275571662   -0.6110402087140029  -0.01097675980258047    0.1875908472096892
 -0.02446053634172448   -0.8396347589951915  -0.01689222269409143   -0.9138352445223532    0.4503661920805108    0.2091388832647214    0.3517470566821375    0.3140619844776936  0.005563056053944041  -0.07133130893663912
  0.01590935683314178   0.08163621798847578   -0.0152046656082402     0.019421081091094    0.2091388832647214    0.5902430823047039   0.01326830319156432 -0.000967009615636122 -0.003031789096935543   0.04108299513314784
 -0.07294614368859374   -0.4233299873385976 -0.002715625075941062   -0.6754107275571662    0.3517470566821375   0.01326830319156432      2.32817808563589     2.058898631142891   0.03037055068633513   -0.0529735964643158
 -0.04647142167219612   -0.3553341123875013  0.001281318621496068   -0.6110402087140029    0.3140619844776936 -0.000967009615636122     2.058898631142891     2.581956487769381    0.0247212531575662  -0.05658184156856166
-0.001959047701989449 -0.005990147462399625 0.0001531427097405857  -0.01097675980258047  0.005563056053944041 -0.003031789096935543   0.03037055068633513    0.0247212531575662   0.03018646268557446 -0.004059276790528325
  0.02631360546670205    0.1476468001436867  0.005124748708648776    0.1875908472096892  -0.07133130893663912   0.04108299513314784   -0.0529735964643158  -0.05658184156856166 -0.004059276790528325    0.7749468065616987

cov.inverse():
   111.3658989094849   -44.55886477615335   -316.5929585842672    127.1679373429746    206.3281570431882   -82.27956973149155    1.116010808171505   0.1073662769534925   -1.339030496354489  -0.5507978111988948
  -44.55886477615341    17.95030846163498    127.5826256612519   -51.23206907505906   -83.10839567303253    33.13573734104153  -0.4357223529942276 -0.05102764061733803   0.5463237387279629   0.2138724939582242
  -316.5929585842692    127.5826256612525    1000.777242376714    -398.420270756974   -674.4924644045965    268.8170200928872  -0.3569756510350096  -0.5656380513203092    6.925771024538005 -0.09580032763561112
   127.1679373429753   -51.23206907505928   -398.4202707569739     159.878856405545    270.6855430038258    -107.795495775782   0.1547024222797379   0.2104242583667686   -2.791760189812216  0.01765605812398184
   206.3281570431897   -83.10839567303304   -674.4924644045976    270.6855430038264    470.0573788092269   -186.9666924285074   -1.087022109201619   0.3649065792501673   -5.743461746636796   0.8653937811984128
  -82.27956973149219    33.13573734104173    268.8170200928875   -107.7954957757822   -186.9666924285073    76.08099752610937    0.366455613938266  -0.1189067339996295     2.44384718107042  -0.4169242797058082
   1.116010808171467  -0.4357223529942123  -0.3569756510348834   0.1547024222796875   -1.087022109201707    0.366455613938301    1.625247255354483   -1.164664445985258  -0.4116972880832833 -0.08554557367160491
    0.10736627695344 -0.05102764061731694  -0.5656380513201463   0.2104242583667034   0.3649065792500581   -0.118906733999586   -1.164664445985259    1.316038982364615  0.09314828530733384  0.01573505442923008
  -1.339030496354563    0.546323738727992    6.925771024538204   -2.791760189812296   -5.743461746636921     2.44384718107047  -0.4116972880832818  0.09314828530733124    33.74969263885045  0.06859715330691635
 -0.5507978111988689   0.2138724939582138 -0.09580032763569075  0.01765605812401374   0.8653937811984664  -0.4169242797058297 -0.08554557367160491  0.01573505442923019  0.06859715330691592     1.36214511950019

cov*(cov_.inverse()):
    0.9999999999999766  3.037934487304383e-14  2.460111107882579e-13 -1.099603264345661e-13 -9.161768566023909e-14  5.422225168860706e-14 -3.196228004487267e-16 -7.480994990149981e-18  7.190428807923865e-16  -4.85722573273506e-17
 1.665334536937735e-15     0.9999999999999881  -9.35987398698046e-14  -4.47497941480357e-14  -1.22069021557536e-13  1.197653087814388e-14 -2.185751579730777e-16 -6.505213034913027e-18  1.042568809062061e-15  5.551115123125783e-17
 3.870601755773251e-15 -6.446666117598809e-16      1.000000000000009 -5.894387083461849e-15  1.440340902103543e-14 -3.686287386450715e-17   -1.1817803680092e-17 -8.035293350833195e-17 -1.198043400596482e-16 -8.673617379884035e-18
  6.12426775958852e-14 -1.953992523340276e-14 -9.285627822208653e-14      1.000000000000105  2.320366121466577e-14 -5.738465258531278e-14  9.367506770274758e-17  3.556183125752455e-17 -9.194034422677078e-17                      0
-2.096933737760764e-14  5.219782939214213e-15  7.691677156307364e-14 -2.139260990574599e-14     0.9999999999999928  1.235123114895487e-15 -1.908195823574488e-17 -2.276824562219559e-17  3.729655473350135e-17  2.775557561562891e-17
 5.925815393936773e-15 -1.120631365481017e-15 -2.830548295751356e-14  2.249285827038427e-15   3.95516952522712e-16     0.9999999999999865 -4.206704429243757e-17 -3.252606517456513e-17 -3.183217578417441e-16  4.163336342344337e-17
 5.141720382795256e-15 -2.232589113582151e-15 -2.010024091614326e-14  8.779110251266875e-15  5.115352585960409e-14  -2.80261924778813e-14                      1   6.49003420449823e-16 -5.143455106271233e-16                      0
-2.397734788495143e-14  8.283304597789254e-15  3.256075964408467e-14  1.247916700530816e-15 -1.972033647490434e-14  1.216388101354937e-14 -4.518954654919582e-16                      1 -1.647987302177967e-17  5.551115123125783e-17
 3.642919299551295e-16 -5.789639601072594e-17 -7.176334179681554e-16 -9.704964696460872e-17  1.535230276239474e-16   -1.6978606021123e-16  7.090682208055199e-17 -3.192975397969811e-17                      1 -8.673617379884035e-19
 1.387778780781446e-15 -4.163336342344337e-16 -1.627864509856636e-14  5.037636974236648e-15  2.775557561562891e-15  1.332267629550188e-15 -1.804112415015879e-16   1.43982048506075e-16  3.469446951953614e-17     0.9999999999999999
