10
1

0.0217244893206321
0.1591780148233495
0.1739242980691572
0.2439311245106622
0.5216603603708808
0.8350674285275279
0.8803168965009067
 1.627726042531137
 2.754425382050592
 3.952138938840193

    0.3886381543264744     -0.155673541005552     -0.755285880393384     0.3032026962873486     0.3740987293212819     -0.149147644285099  -0.004698406873977808  -0.001860426699356694   -0.01078172561655169  0.0009146460828892426
   0.09850414030802762   -0.03274871805139253   -0.06614032090826782    0.02588536275099885    -0.2396436415069829    0.03738539230145384     0.9512657413610571    0.06498936235064103     0.1272605921299204   0.005266219336822383
   -0.0494818756498886    0.01862091705080322   0.007892923338685905  -0.002970094373572706    0.04375820780644223    -0.0182085451347749     0.1490296086795563    0.01493274957154689    -0.9861298533833384   0.001566798579331479
    0.4559588688661698    -0.1630650603411583    -0.1386504625867598    0.04605696436086113    -0.7966839163739734     0.1716545243928611    -0.2535791810214214   -0.04819431517901976    -0.1048575429841807   -0.04873772172862457
   -0.7035789912102431     0.1793913849006923     -0.480847067289272     0.1561910716949245    -0.3749431238095534    -0.2058558631460194    -0.0355404950966586    -0.1704420340371098    0.01368078501742757    0.06104114212816355
   0.04125063992287047   -0.05436516017517945    0.05491482240380269   -0.01605314686130239    0.09989278903924016     0.1105313024435231    0.08308643381983014    -0.9043183956009191  -0.001959635553783558     -0.381018081487963
   -0.1089975855436989    0.02879338984168064   -0.06448246295301224    0.02314105886832033   -0.01426034124808727    0.01359309008530026   -0.01823358320705246     0.3739801824833996   0.005993007765396343    -0.9175942918270009
    0.2353653164009245     0.1530562640493919     0.2406896509658465    0.07998886996683771     -0.122825527422502    -0.9107648145114161   0.005433231764186184    -0.0757146400616525   0.003678839738197342   -0.08057792714251386
   -0.2265107425326935    -0.7263047810127073     0.2744861353274671     0.5843529843039196  -0.009633035836754126   -0.05857847269042228 -0.0002858390236854674    0.02719449997927484 -0.0008733323766198317   0.009928834714080244
    0.1166230627290075     0.6007042232564994     0.1849885763399946      0.729528967856815   0.007605534393267274     0.2426065202378722  -0.005535470209133305   -0.00718126314649432 -0.0002954072028522931    0.01105178860714364

22.49625695616332
44.37510510392077
35.74603704356912
77.34263068972629
49.86371286742214
112.5141556837427
67.65199835166759
158.1620021129216
 107.510437444861
259.2621997622997

2.484425709203986

    0.1104003022673316   -0.04452876322802335   -0.03731558278745815    0.01509087999569947   -0.07551688050809723    0.02998174482430699  -0.000650862567116849 -9.360147763568712e-05   0.001037772300591717 -0.0002847080534902171

 2.353469216547815e-05  0.0008593312850092682 -0.0003510157998401032   0.007667011073377306   -0.01175184284383105  0.0004119899803806751  -0.006843894019950681   -0.01750250252600859    0.03698949896634952   -0.04790274971770449

cov:
    0.9063374789616925       2.39493114368784      0.110374344811066     0.3436172569767519   0.007471535734316152    0.02083932651713007  -0.000198468902343803    -0.1331679402279569 -0.0009782966934199708   0.006369797118350515
      2.39493114368784      9.713561447362586     0.2952309853554679      3.665600647983667    0.06015020042067721      2.214112169769192    -0.0516953285759026    -0.2132049125278139   0.004765555033365035    0.01372638033942622
     0.110374344811066     0.2952309853554679         1.329382221851      3.353084921732378   -0.01596005255869974    0.02726167158899266  -0.003846129614877053   -0.04312367731538726  -0.002070722271319336    0.02489328243295469
    0.3436172569767519      3.665600647983667      3.353084921732378      10.92788642972738  -0.001675472236893071      2.302465945204744   -0.06604418936538949    0.03218341456463109  -0.005864224079916222     0.1431487959302766
  0.007471535734316152    0.06015020042067721   -0.01596005255869974  -0.001675472236893071     0.1262962497234198     0.3496259678239748    0.01365189277114575   -0.02602777725122708  0.0001237062161464996   0.006460914819125483
   0.02083932651713007      2.214112169769192    0.02726167158899266      2.302465945204744     0.3496259678239748      3.165097152693027   -0.02752733170080255    0.08675196939162637   -0.01086938409170387     0.1889591649814561
 -0.000198468902343803    -0.0516953285759026  -0.003846129614877053   -0.06604418936538949    0.01365189277114575   -0.02752733170080255    0.03339897510501429   -0.05419863618473079 -4.619775614081166e-05    -0.0109680884023157
   -0.1331679402279569    -0.2132049125278139   -0.04312367731538726    0.03218341456463109   -0.02602777725122708    0.08675196939162637   -0.05419863618473079     0.7084259859721431   0.001517888566816583   -0.01136918457672649
-0.0009782966934199708   0.004765555033365035  -0.002070722271319336  -0.005864224079916222  0.0001237062161464996   -0.01086938409170387 -4.619775614081166e-05   0.001517888566816583    0.03060543762938949  -0.004141536611862642
  0.006369797118350515    0.01372638033942622    0.02489328243295469     0.1431487959302766   0.006460914819125483     0.1889591649814561    -0.0109680884023157   -0.01136918457672649  -0.004141536611862642     0.7747486965279288

cov.inverse():
    325.853985157388   -130.0306777668655   -622.0155240415505    249.7229595295249    301.9166500552516   -120.8681828272977   -2.257891253288764   -1.346092865714771   -7.610045270268007   0.3389499593348955
  -130.0306777668655    52.07452507129657    249.2719646575447   -100.0909088340416   -121.1376242155426    48.48482099889386    1.076474234382413   0.6357156538662435    3.081864312746939  -0.1433024263017005
  -622.0155240415497    249.2719646575445    1210.105186161815   -485.6451437839488   -595.5315631761733    238.4739241748225    5.736947643811125    3.116722139631797    16.88473019515878   -1.431857725635803
   249.7229595295246   -100.0909088340415   -485.6451437839488    195.0247287403971    239.2489212294513    -95.7868267024093   -2.280508965296575   -1.233960198150328   -6.772854492251425   0.5703628118311966
   301.9166500552508   -121.1376242155424   -595.5315631761736    239.2489212294513    310.0668127361671   -120.5600135480488   -9.049588927902153   -1.320591609486699   -9.791842855867561    1.211946411045903
  -120.8681828272975     48.4848209988938    238.4739241748226   -95.78682670240934   -120.5600135480488    48.18602315257353    2.104923530738409   0.5536650107022747    3.874312991636323   -0.517691138023474
  -2.257891253289078    1.076474234382541    5.736947643811765    -2.28050896529683   -9.049588927902469    2.104923530738537    37.59056543122264    2.642970019546731   0.4715465487225302   0.3720805039471202
  -1.346092865714591   0.6357156538661713     3.11672213963145   -1.233960198150188   -1.320591609486526   0.5536650107022062    2.642970019546726    1.682661056715176 -0.03620031774897972  0.06554870727213072
   -7.61004527026793     3.08186431274691    16.88473019515865   -6.772854492251374   -9.791842855867493    3.874312991636298   0.4715465487225169 -0.03620031774897703    33.21855051606426  0.03729566116935547
  0.3389499593347973  -0.1433024263016615   -1.431857725635617    0.570362811831122    1.211946411045812  -0.5176911380234374   0.3720805039471218  0.06554870727213073  0.03729566116935903    1.353700607737732

cov*(cov_.inverse()):
     1.000000000000299 -9.147207730847429e-14 -3.544334964411533e-13  1.224693089996176e-13  2.585084923900638e-13 -1.250167504240896e-13   -3.9118014383277e-15 -8.352693536828326e-16 -5.509942545625646e-15   8.81239525796218e-16
 1.067028410073334e-14     0.9999999999999442 -2.157371503663796e-13  2.294345269326925e-14  2.525757381022231e-15 -6.990068246448544e-15  1.942890293094024e-16 -3.295974604355933e-16 -2.495616560627134e-15  7.632783294297951e-17
-1.593482290562775e-13  -5.79068043515818e-14       1.00000000000007  5.728056917675417e-15 -7.445433158892456e-14 -3.839116524684272e-14 -5.065392549852277e-16 -1.166601537594403e-16  1.982680512824242e-15  1.734723475976807e-16
 1.477359901080888e-13 -8.416878305439468e-14 -9.001133172148457e-13      1.000000000000007  6.002420782635909e-13  -1.25580101872913e-13  1.540434446667405e-15  2.810252031082427e-16 -8.559992992207555e-15 -1.387778780781446e-16
-1.833602714107485e-15  1.272853350497982e-15 -1.479198707965423e-14  -9.75781955236954e-16     0.9999999999999992 -1.567756341414039e-15  2.346213501258632e-16 -4.613280243925821e-17 -2.498272855949724e-16 -3.989863994746656e-17
-3.275713034156524e-13  1.391560477959075e-13  4.564681965746331e-13 -1.223604551015001e-13 -4.008460230409128e-13      1.000000000000154  6.494804694057166e-15  8.101158632811689e-16  7.067263441129512e-15 -1.498801083243961e-15
-1.147736419793155e-14  5.173162245797336e-15  3.054154151804767e-14 -1.345971945010405e-14 -1.163652507685242e-14  2.968979229134305e-15                      1  1.400789206851272e-16  3.565398844218581e-16  -2.42861286636753e-17
 6.770192045868484e-14 -3.407083642992248e-14 -1.531136328836169e-13  7.232148907521108e-14  5.328029684115165e-14 -1.470611826759338e-14 -7.528699885739343e-16     0.9999999999999994 -2.112459512870757e-15  7.112366251504909e-17
 7.507015842289633e-16 -5.582556986127862e-16 -2.410398269869773e-15  1.275889116580942e-15  1.127570259384925e-17 -2.016616040823038e-16 -7.589415207398531e-17 -6.142005307130383e-17                      1 -3.469446951953614e-17
 3.719247132494274e-15  1.110223024625157e-16   5.10702591327572e-15  2.997602166487923e-15  8.104628079763643e-15 -9.436895709313831e-16 -2.220446049250313e-16 -6.938893903907228e-17  1.422473250300982e-16     0.9999999999999999
