10
1

0.2862012603188467
0.7493141855438676
0.8437926518656693
0.9484896284410222
  1.42123582140819
 1.461741006178421
 1.854978631724456
 2.462155639817169
 4.478323363173304
  7.08258195446336

   0.4409092789308412   -0.1610109287555127   -0.7829269402360713    0.3356226114224496    0.1073652394571074  -0.06042214437637564    0.1179158431337041  -0.00755883784522522    0.1318534518494089  -0.08679062448042989
   0.1673782910515718  -0.04221474767291147  0.009174282247792393  -0.06841038716823193   -0.1216201494174971    0.9393896161129344    0.0822679448591314   -0.2411189310365016   0.05723702686433549 -0.003395840302284961
  -0.6020684947918632   0.06177717526370183   -0.2561353523263123   0.08571595364698588    0.3755716108451969   0.02990263333940119    0.3749757557066952   -0.4450230262359325   -0.1421982884400116    0.2447931737974134
   0.5297269170483779  -0.01088441035701298    0.2260241181257691   -0.2772159140951335  -0.03608359629957664   -0.3056708694242236    0.2730661676499304   -0.6324578850600813  -0.03279985141095302    0.1447574284267531
  -0.2003882708054067  -0.08486980540346234  -0.08268905568718905   0.04435761738120338   -0.5850652997849672  -0.08749077296828153     0.127107732527543 -0.007637626845803032    0.5955630261648068    0.4721975342909459
   0.2851583362797249    0.1374587460230532    0.1357020959302539   0.08667317185693107    0.4680572606133596    0.1057493037097507  -0.07674065748684726    0.3029244455762231   0.03849053037641952    0.7378808407978428
 -0.09229655549285982  -0.09454249479816777  -0.07839786714737622   -0.2397838415646653    0.3644334130406067  -0.01879563135753747   -0.6314737628511273   -0.3304164036812122     0.519374333515474  -0.08973152549990991
   0.0299972573976953   0.06412557865166206    0.3534914735898725    0.8531370055518268  -0.03816732720937212  -0.01517787460861893   -0.1930326408550082   -0.3127908665234415   0.04702100853498065  -0.05649148577437589
 -0.03682777483985232   -0.2883926001796218   -0.2279731482817217  -0.02611169427733798   -0.3128953665283153  -0.01198830378194429   -0.5200290740477426   -0.1837019574113673   -0.5725804494939163    0.3643454381073525
  0.04733841925682956    0.9198043544156186   -0.2488418685233368  -0.05459757739403972   -0.1943558895177586 -0.001597516806409932   -0.1888370574445505   -0.1057117144928091  -0.04534890008691018   0.01217231441616893

22.68157615845091
 54.2505366164044
53.50569119933936
131.3521736291136
64.27691436244666
158.1498449217669
74.50352859690392
184.0140884264842
104.5847628854883
260.7358419605407

2.49629793928535

   0.07914906066103243   -0.03174413024008429   -0.07711582561767145     0.0311942024542317  0.0005460563377781631  -0.000422511321813601  -0.002532745521210577   0.002412411804316148 -0.0006534380694522219  0.0009809835296871539

 0.009047105524257852  0.005868686262520508  -0.02042408891149466    0.0128205426271698   -0.0120283794886071   0.02623888449357388  -0.01774277383710131 -0.004088738916906653    0.4902617600673475   -0.3915572874647624

cov:
   0.9714205327861617     2.515546471673515  -0.02709965904303413 -0.007374600010927597  -0.01684454079993424   0.03572728407362511  -0.01570615190357399  -0.01320001887761292 -0.003324748169925978 -0.002919805131458058
    2.515546471673515      44.2244451686778    -9.949453947113708    -1.936924847007854    -7.035156724520133   0.02474005300907668    -5.608834257430943    -3.746442840576511    0.9687980117853906    -1.392100763160133
 -0.02709965904303413    -9.949453947113708     5.123262684839359     2.617659153020679     3.826654926245753   0.03367923074615076     4.428018843480154     1.619211200923724     3.067406170960103    -1.789190135820736
-0.007374600010927597    -1.936924847007854     2.617659153020679     4.879628948661714    0.2718718886092963 -0.000278693939039133    0.2642270061594691   -0.7643389221854339    0.3001280510698896   -0.2867285076662007
 -0.01684454079993424    -7.035156724520133     3.826654926245753    0.2718718886092963     5.594555371552936    0.2331403130792724     4.217027104134116     2.071346137571286     3.970579656731822    -2.264336480577642
  0.03572728407362511   0.02474005300907668   0.03367923074615076 -0.000278693939039133    0.2331403130792724    0.6254434854546513     0.134662494039038    0.2098925506950966   0.04235854409109041   -0.0302526445570922
 -0.01570615190357399    -5.608834257430943     4.428018843480154    0.2642270061594691     4.217027104134116     0.134662494039038       9.0277083137126     3.664222978499238     5.322170573642311    -3.553955597334706
 -0.01320001887761292    -3.746442840576511     1.619211200923724   -0.7643389221854339     2.071346137571286    0.2098925506950966     3.664222978499238     2.935843235029975     1.741936179081408   -0.8868356443087203
-0.003324748169925978    0.9687980117853906     3.067406170960103    0.3001280510698896     3.970579656731822   0.04235854409109041     5.322170573642311     1.741936179081408     8.358129015858422    -3.789420784377366
-0.002919805131458058    -1.392100763160133    -1.789190135820736   -0.2867285076662007    -2.264336480577642   -0.0302526445570922    -3.553955597334706   -0.8868356443087203    -3.789420784377366     4.392666202963194

cov.inverse():
    3.30492161472866  -0.9069034396109782   -3.831552671668458    1.568288607199165   0.3137653040904219  -0.2272315564048478   0.4968489750243241 -0.05991646963530459   0.7610954451463637  -0.5368503831065404
 -0.9069034396109797   0.3618592764826952    1.530146308357038  -0.6250918443225365  -0.1236647593630253  0.06541258768208102  -0.1996918972223783  0.02830725679736346   -0.304344194384875   0.2148279404904524
  -3.831552671668459    1.530146308357038    7.670715757044778   -3.250098275717269   -1.124717684959977     0.51530990543498   -1.192113371059731  0.08095963841372386   -1.240731397493007   0.7998969636671467
   1.568288607199168  -0.6250918443225369    -3.25009827571727    1.620611236761468   0.4870605882087654  -0.2626799758406499   0.4515241947954967   0.1311986029215943   0.5121293409361343  -0.3322209343730194
  0.3137653040904217  -0.1236647593630252   -1.124717684959976    0.487060588208765   0.6831015582191534  -0.2078404888248881   0.2131382064669083  -0.1282403279593911 -0.01351711441685986  0.02028388661968007
 -0.2272315564048481  0.06541258768208109   0.5153099054349803  -0.2626799758406501  -0.2078404888248883    1.730534601705105 -0.03142603417493348  -0.1836105005098171 -0.02282994945088022  0.03591625040094097
  0.4968489750243236  -0.1996918972223778   -1.192113371059729   0.4515241947954955   0.2131382064669081 -0.03142603417493327   0.6091528860566792  -0.4081596255604891  0.06765179648930145  0.05940939870678922
-0.05991646963530298  0.02830725679736278  0.08095963841372038   0.1311986029215959  -0.1282403279593906  -0.1836105005098174  -0.4081596255604886   0.9197804039584585  0.03143792876568124  -0.1343119079386691
  0.7610954451463661  -0.3043441943848753   -1.240731397493009   0.5121293409361346  -0.0135171144168597 -0.02282994945088021  0.06765179648930214  0.03143792876568069   0.5191165392386967 -0.06609949837180888
 -0.5368503831065404   0.2148279404904523    0.799896963667146   -0.332220934373019  0.02028388661968018   0.0359162504009409  0.05940939870678909  -0.1343119079386688 -0.06609949837180865    0.574131550155648

cov*(cov_.inverse()):
     1.000000000000001   7.98514900035574e-16 -6.158268339717665e-17 -1.852359411691484e-15  1.322862175703876e-16  1.518154092022828e-16 -6.631522588007588e-16  1.252253509220758e-16 -1.379728579650741e-15  2.432949675057472e-16
-3.219646771412954e-15     0.9999999999999994 -4.884981308350689e-15  3.441691376337985e-15  -7.28583859910259e-17  -1.52655665885959e-16 -6.938893903907228e-17 -1.110223024625157e-16 -1.373900992973631e-15 -1.110223024625157e-16
-6.661338147750939e-16 -6.106226635438361e-16      1.000000000000004  -3.33066907387547e-15  6.106226635438361e-16  6.938893903907228e-17 -1.387778780781446e-17  1.942890293094024e-16  1.665334536937735e-16  2.220446049250313e-16
 6.938893903907228e-16 -8.396061623727746e-16 -2.886579864025407e-15     0.9999999999999986  1.379105163401562e-16  6.591949208711867e-17  2.740863092043355e-16   9.71445146547012e-17  4.440892098500626e-16 -5.551115123125783e-17
-1.554312234475219e-15 -2.220446049250313e-16  5.329070518200751e-15 -4.107825191113079e-15     0.9999999999999996   3.05311331771918e-16  5.551115123125783e-17 -1.110223024625157e-16 -2.775557561562891e-16  4.440892098500626e-16
 1.249000902703301e-16  1.127570259384925e-17 -6.938893903907228e-17 -1.006139616066548e-16  6.505213034913027e-19     0.9999999999999999 -1.908195823574488e-17  5.204170427930421e-18 -5.204170427930421e-17                      0
-3.552713678800501e-15  -3.33066907387547e-16  5.329070518200751e-15 -2.886579864025407e-15 -1.665334536937735e-16  5.551115123125783e-17     0.9999999999999991  1.110223024625157e-16 -4.163336342344337e-16  4.440892098500626e-16
                     0  5.551115123125783e-17  1.443289932012704e-15  -1.27675647831893e-15 -2.012279232133096e-16 -6.245004513516506e-17 -4.649058915617843e-16     0.9999999999999998 -3.816391647148976e-16  1.110223024625157e-16
 2.220446049250313e-15 -1.998401444325282e-15 -8.881784197001252e-16 -6.661338147750939e-16  2.775557561562891e-16  1.665334536937735e-16  2.775557561562891e-16  1.110223024625157e-16      1.000000000000001  4.440892098500626e-16
-4.440892098500626e-16   3.33066907387547e-16   1.77635683940025e-15 -4.440892098500626e-16 -3.191891195797325e-16  8.326672684688674e-17  2.775557561562891e-16                      0  8.326672684688674e-16                      1
