14
1

0.05676289652349876
0.08148941771622706
 0.3536316496809084
 0.8558162135425671
  1.003191078175348
  1.172964229811223
  1.324552624083333
  1.546228523690671
  1.948795889225692
  1.995195887098628
   2.83636414930048
  3.142338133815487
   6.66112741359254
  10.63980338370505

    0.1880662867343348   -0.06607232014422597    0.01111708037075922  -0.003628676048668434    -0.7426658229498586     0.2645039067047256     0.5475550881242545    -0.1967091906358734   -0.00501018611737686 -0.0002589035920161846  0.0006435429023833509   0.001156691163977128  -0.003564375184469356   0.007950864058454623
    0.4260782820201213    -0.1502430496193795    -0.7987893896789791     0.2799947833234335      0.212861441669922   -0.07441737577554512     0.1600284338799903   -0.05133325984992426   0.001483258183697336    0.01237847451040262    0.00080327682225233    0.00260341652643441   0.001658358201459565   -0.01284576298038255
   -0.5460011591456497     0.1673554490925704   -0.07337561136659759    0.01937372247242419     0.3434561402869659    -0.1019607404135513     0.6436029298304996    -0.2168382102056267   -0.09931173328839196    0.01765912023054797    -0.1556089261945387    0.02762664803242523    -0.1996033772799167    0.05933270696801948
    0.1297588110219613  -0.001866474983710047    0.07850906464294601  -0.007965960673598673    0.06445236137229987    0.05975187493927075    0.01729556732632009    0.01310540073312161    -0.3142181427506948    -0.4994591515694402    -0.3754924827003374     0.6311103909667588     0.1573469595793922    -0.2376789319445071
   -0.5506832902037411   -0.01956893654363561    -0.4412943197165348    0.01191482875373282    -0.3104236988988048     0.1334069801025277    -0.2366815062805175     0.1393382884233511      0.428828582547379    -0.3141187629163816   -0.02736684185768681     0.1583869581137085   -0.05787094340048686     0.0118225458770698
    0.3561538764650189    0.06816985101064006     0.2674366398960031    0.03500947475193265     0.1547539022530496    -0.1302827308576891     0.1671470720348519    0.03367289207498062     0.6772836296236022     -0.292558899841788    -0.1719997674961171     0.0380225201533473    -0.3516733419890458     0.1635766000442082
   -0.0289136292850376   -0.02652757882176666  -0.007290109613845529  -0.007031837854886585    -0.1517546753123473    -0.3754135410956242    0.07057792469611153     0.2367244867851863      0.229603163813319      0.637274154054045    -0.2794603002752905     0.4524321530926586     0.1772997551408962   -0.01758086269131385
   0.03907990427930152    0.02979043101155139   -0.02962553095810531   -0.03109841106803256   -0.05329989332161903   -0.02686023090871125     0.1179652766131152     0.5578687213998187    -0.3070396066086996    -0.0747121534317961     0.3336201924322342     0.2558565533127917    -0.2920290789431856     0.5523980657949936
  -0.04166850175299413   -0.04179744053034663    0.00642825082633698  -0.007691343689739475    -0.1299482068311189      -0.46283197954315     0.2460667550659338     0.5110656587351144   -0.05409707230134747    -0.3076541579303823   -0.09099654773467727    -0.4442758833113292     0.2542319608430448    -0.2751479625358398
  -0.01134616699721949   -0.01887136298026398    0.03548054318848201    0.04405618792083176    -0.1054878133399536    -0.3713999618181065     -0.011658441569007    -0.1478008462906588   -0.01219280096567955   -0.02094369484251293     0.5468273040354227     0.2486010661756871    -0.4113987703208331    -0.5427797510740521
  -0.03346009315302366    -0.1042044150631778   -0.01487644145807844    0.01424100858540064    -0.2259128675583829    -0.6120491951088552    -0.1913332275704318    -0.4797587428429853    -0.1378614849381953     -0.204548370065459   -0.07199851947545154   -0.01209745058628013       0.08415726486932     0.4710856035472419
    0.1753899116177155     0.5261683335669581    -0.2848538624325187    -0.7319411808555337   -0.07332675825639946   -0.08148145131583082   -0.06881764353853748   -0.03480254407325668   -0.06320381339699911    0.02641887951646875    -0.1359461354519307   -0.06539736233226348    -0.1616032036545276   -0.06305617780617165
  -0.04243623292235125    -0.6661683800142764   -0.01624976062984301    -0.2551438002717932   -0.02281705962467033     0.0214369791913053   -0.08935087454199447    0.06144857129121264    -0.1645172302861868     0.0891670168661086     -0.385205652278273    -0.1340626574083175    -0.5183479709479075   -0.07911566521732895
   0.01121675137184184      0.452585627396599    0.01196409640399388     0.5618964407717598    -0.2233628909212188   -0.01585200583021404    -0.2172199595182875    0.07406768224407677    -0.2205385399590556    0.09238716524399807    -0.3683854457034944    -0.1505298888523414    -0.3948165418353974   -0.07026424020991073

22.68477637042614
63.81646646834537
35.53547659798568
100.1692365831863
46.50632524857694
131.0061892780469
55.21497586515801
155.6115822208115
66.11771066903808
186.7137021878401
78.06730277836017
220.3068449791778
92.33335687422097
261.4457865391132

2.825868811208758

    0.1073649221278022   -0.03793804155838411   -0.03642281974535065    0.01302075578729006  0.0007378612917141529  -0.000661727234157935   -0.07179551279286318    0.02403642789448611  9.848664402848967e-05  -0.002849033181327456 -0.0009596924986512798 -0.0005227729727192189 -0.0005496301970503263   0.002501189124810917

-7.248308553018847e-05  0.0004754517442309394   -0.01410770786485703   0.007955478924606744   -0.02132222485595275    0.02342300605432434  -0.005381579622141838    0.02373807465882452   -0.03050159277104423   -0.02187971541767567    0.04270480286923728    0.03783859457198185      1.158258157705789     0.9423895469671478

cov:
   0.9497708743395807     2.812105654123521  -0.06271657072620018  -0.07159573152010129  -0.04809895546844858  -0.05548490047530139  -0.03467717451386202   -0.0318003783077448 -0.002699963773007838   0.04264710250137226  -0.01764467781722736  0.000271740617951242  0.002549361204527704 -0.008773064834309797
    2.812105654123521     45.72203819050458   -0.3467312543425655     32.51490638710124    -10.90168821604393    -1.256182366284976    -8.684941145009821     2.154571165318139    -6.618902148264333      2.40179758730416     -8.14241573721824    -4.030215021908668    -5.891901922079081    -1.842704184998727
 -0.06271657072620018   -0.3467312543425655     1.142091924218292     3.015839084309739    0.1290633614245109    0.1060469923692639    0.1426624312333194    0.1138962638994891   0.07155719671390391 0.0005921109856345994    0.1534487890364634    0.0582046609176364    0.1571592212570343  0.001371100680303333
 -0.07159573152010129     32.51490638710124     3.015839084309739     43.93498561460394    -13.44993949406729   -0.7826505313012579    -12.34222907121411     4.129688657076405     -11.6661105176836      4.64102523205142     -18.0273316871043    -7.554096609873756     -18.1474812286424    -3.182607528616313
 -0.04809895546844858    -10.90168821604393    0.1290633614245109    -13.44993949406729     6.440135098379999     1.966538426511043     5.967166683428222    -1.406865094458015     6.040357004336672    -2.060216016114573     9.728915345961004     3.962742253354487     10.45148767618626     1.366700071537677
 -0.05548490047530139    -1.256182366284976    0.1060469923692639   -0.7826505313012579     1.966538426511043     4.785145465983843    0.7641502901403009     1.460144426988009    0.8742385939706959      1.04992726383077     0.285403284332512    0.3954681865716601   0.05914903869863179   -0.9946607406338187
 -0.03467717451386202    -8.684941145009821    0.1426624312333194    -12.34222907121411     5.967166683428222    0.7641502901403009     6.457529330994784   -0.6748753187521143     6.264014207831575    -2.554496252562375     10.68790329389021     3.978863792784936     11.85912015885881     1.317455845084133
  -0.0318003783077448     2.154571165318139    0.1138962638994891     4.129688657076405    -1.406865094458015     1.460144426988009   -0.6748753187521143     4.600775727952038    -2.064721083018859     1.315504937453911    -3.995160783797111    -2.008670993193939    -4.590892043609637     -2.08129370086678
-0.002699963773007838    -6.618902148264333   0.07155719671390391     -11.6661105176836     6.040357004336672    0.8742385939706959     6.264014207831575    -2.064721083018859     8.118599350197591    -2.664749525238197     11.72470170945413     4.822846960318815     13.51548837841397     1.730408249097745
  0.04264710250137226      2.40179758730416 0.0005921109856345994      4.64102523205142    -2.060216016114573      1.04992726383077    -2.554496252562375     1.315504937453911    -2.664749525238197     3.149403836697055    -5.390266986833443    -1.439577890718058    -6.271218037568728    -1.573639608263203
 -0.01764467781722736     -8.14241573721824    0.1534487890364634     -18.0273316871043     9.728915345961004     0.285403284332512     10.68790329389021    -3.995160783797111     11.72470170945413    -5.390266986833443     23.94358200324546     9.153232440568686      24.2349853015524     3.482216627390048
 0.000271740617951242    -4.030215021908668    0.0582046609176364    -7.554096609873756     3.962742253354487    0.3954681865716601     3.978863792784936    -2.008670993193939     4.822846960318815    -1.439577890718058     9.153232440568686     5.236349324140605     9.077943706282261     1.814675098846411
 0.002549361204527704    -5.891901922079081    0.1571592212570343     -18.1474812286424     10.45148767618626   0.05914903869863179     11.85912015885881    -4.590892043609637     13.51548837841397    -6.271218037568728      24.2349853015524     9.077943706282261     31.25792525155591     5.503058643920085
-0.008773064834309797    -1.842704184998727  0.001371100680303333    -3.182607528616313     1.366700071537677   -0.9946607406338187     1.317455845084133     -2.08129370086678     1.730408249097745    -1.573639608263203     3.482216627390048     1.814675098846411     5.503058643920085     4.930404063455454

cov.inverse():
   41.12112986699945   -14.18743277593041    -49.9646489480506    17.65694919140921   -30.96594499715692    11.02593821970031    39.59172973030977   -13.89253761836103   0.1127518675888626   0.7026493031712935   0.6801463505270798   0.1488182640420441   0.7262720669768741  -0.6145538049732872
  -14.18743277593041     5.02443094328968    17.75302278051707   -6.266585253983242    10.88861039956909   -3.870583511478173   -13.97790554567284     4.90615380779145 -0.04433998003124558  -0.2622320904685024  -0.2418572420642674 -0.05031407315055438  -0.2589124773644089   0.2196715269070131
  -49.96464894804824    17.75302278051628    96.43074016326344   -33.68172345862795   -28.19333525880132    9.847980533604197   -17.59918265957072    5.563777379153774  -0.2227405870001624   -1.475765780635974 -0.05888158963626795  -0.3214395695024599  -0.1164822862584293    1.527866968816995
   17.65694919140844   -6.266585253982967   -33.68172345862795    11.87353478339515    9.868830514585238    -3.45040814250796    6.233590061065504   -1.983268351218992  0.08586696537676519   0.5156634266640139   0.0217740867842276   0.1120874071097769  0.04283926083525123  -0.5414613730986337
  -30.96594499716176     10.8886103995708   -28.19333525879268    9.868830514582189    179.0961353391559   -63.60667991098995   -119.2293829075467    43.02879707964981    0.839898875631886   0.4879432226658979  -0.5845884335052952  -0.1313601516671547   0.3119375571052114   -2.087203569755494
   11.02593821970207   -3.870583511478786     9.84798053360108   -3.450408142506869   -63.60667991098995    22.88468807638353    42.55599631820554   -15.44852651052083  -0.4068612782390985  -0.3097575259136454   0.1753133886783372  0.04481761354974267  -0.1425068597539452   0.7613545370805015
    39.5917297303122   -13.97790554567371   -17.59918265957709    6.233590061067757   -119.2293829075425    42.55599631820402    100.3276366379381   -35.72842240232795   -1.357703519789524   0.3781301418888525  -0.6935884705972797   0.3863771600524945   -1.607109034034815    1.358290973428177
    -13.892537618362    4.906153807791769    5.563777379156044   -1.983268351219788    43.02879707964839   -15.44852651052033   -35.72842240232802    13.06776568149884   0.4975206708130836  -0.1298711364311423   0.2211891232655414 -0.05209422128737824   0.5369288168086744  -0.4059785241595445
  0.1127518675888442 -0.04433998003123907  -0.2227405870001318  0.08586696537675444   0.8398988756319057  -0.4068612782391056   -1.357703519789562   0.4975206708130966   0.8120178329359299  0.02582008674133118   0.1119677745683871  -0.1743696415459245 -0.04022498043800864  0.05027783186779235
  0.7026493031712508  -0.2622320904684873   -1.475765780635968   0.5156634266640118   0.4879432226660453  -0.3097575259136978   0.3781301418887429  -0.1298711364311032   0.0258200867413312   0.7908117754582865   0.1735982960587652  -0.2884660991853336  0.01189553088444017  0.09653519645961142
  0.6801463505271635  -0.2418572420642977 -0.05888158963630831  0.02177408678424196  -0.5845884335055429   0.1753133886784256  -0.6935884705970718   0.2211891232654673   0.1119677745683828   0.1735982960587668   0.5840276852751972  -0.3553512981960034  0.08839046909521729  0.03676987235774774
   0.148818264042008 -0.05031407315054168  -0.3214395695024485   0.1120874071097728  -0.1313601516670342  0.04481761354969958   0.3863771600523948 -0.05209422128734272  -0.1743696415459222  -0.2884660991853343  -0.3553512981960034   0.7899373300936509   0.0341031687487733  -0.1345811677817601
  0.7262720669768679  -0.2589124773644079  -0.1164822862583399  0.04283926083521965   0.3119375571050207  -0.1425068597538774   -1.607109034034714    0.536928816808637 -0.04022498043801076  0.01189553088443927  0.08839046909521973   0.0341031687487714   0.5740488923999945  -0.2247031352798903
 -0.6145538049732123   0.2196715269069869    1.527866968816882  -0.5414613730985943   -2.087203569755535   0.7613545370805161    1.358290973428261  -0.4059785241595733   0.0502778318677927  0.09653519645961313  0.03676987235774527  -0.1345811677817585  -0.2247031352798929   0.4192580160346451

cov*(cov_.inverse()):
    0.9999999999999822  -4.50941367580171e-15 -1.367534557816796e-13  1.523954573645625e-15 -3.174543961037557e-15 -2.290702350027374e-14  2.539635168830046e-14  6.891492584926162e-14  2.921924854848434e-17 -4.586175189613684e-17  1.836042168995577e-15  9.367506770274758e-17  3.412634758115374e-15 -9.883587004377858e-16
-1.307842723008434e-13     0.9999999999999459 -2.757793993168889e-13  1.720845688168993e-14  1.119104808822158e-13  4.196643033083092e-14  9.370282327836321e-14  7.238654120556021e-14 -2.775557561562891e-16  2.220446049250313e-16 -4.163336342344337e-16  4.440892098500626e-16  1.887379141862766e-15 -6.661338147750939e-16
-1.325578102145952e-14 -4.553865964873616e-15                      1 -3.992682920395119e-15  6.424114712411111e-15  2.939619034303398e-14  -2.42039461390009e-14 -1.557911785687871e-14 -7.028340583137282e-17  5.177336424161405e-16  -3.74442772795025e-16  1.952377062103272e-16  2.042094791876448e-16  3.941074896984809e-16
-2.535749388243858e-13 -9.436895709313831e-15  2.398081733190338e-13      1.000000000000008 -1.660893644839234e-13  5.284661597215745e-14  1.305622276959184e-13 -5.684341886080801e-14  5.273559366969494e-16 -3.996802888650564e-15 -2.095545958979983e-15 -1.110223024625157e-16 -6.328271240363392e-15  5.329070518200751e-15
 5.428990590417015e-14 -1.831867990631508e-15  3.108624468950438e-14 -2.275957200481571e-14     0.9999999999996914  4.218847493575595e-14 -6.705747068735946e-14 -5.506706202140776e-14  1.082467449009528e-15  1.387778780781446e-16  1.283695372222837e-15  5.551115123125783e-16  1.054711873393899e-15  4.440892098500626e-16
 1.254552017826427e-14 -4.135580766728708e-15   8.43769498715119e-15                      0 -1.070254995738651e-13      1.000000000000032  2.309263891220326e-14 -1.437738816889578e-14 -6.245004513516506e-17  -9.71445146547012e-17  1.387778780781446e-17  1.110223024625157e-16 -2.775557561562891e-16  1.665334536937735e-16
-3.885780586188048e-15 -6.106226635438361e-16  -4.39648317751562e-14  1.532107773982716e-14  1.261213355974178e-13 -9.259260025373806e-14     0.9999999999999081  2.120525977034049e-14 -5.689893001203927e-16  1.582067810090848e-15 -4.440892098500626e-16  6.661338147750939e-16  2.609024107869118e-15 -1.998401444325282e-15
 7.549516567451064e-15 -2.220446049250313e-15 -1.376676550535194e-14  9.547918011776346e-15 -4.174438572590589e-14 -7.549516567451064e-15  3.286260152890463e-14      0.999999999999984 -4.440892098500626e-16 -2.775557561562891e-17  2.775557561562891e-16  5.551115123125783e-17 -8.326672684688674e-16 -6.661338147750939e-16
 1.643130076445232e-14 -4.773959005888173e-15 -1.052491427344648e-13  6.772360450213455e-15 -6.616929226765933e-14 -7.105427357601002e-14 -2.353672812205332e-14 -2.209343819004062e-14      1.000000000000001  1.998401444325282e-15 -1.387778780781446e-16  1.387778780781446e-16  2.886579864025407e-15  -3.33066907387547e-16
 -1.06581410364015e-14  1.298960938811433e-14 -4.884981308350689e-15 -2.220446049250313e-16  3.108624468950438e-14 -3.197442310920451e-14  7.105427357601002e-15  2.442490654175344e-15  3.885780586188048e-16     0.9999999999999989  4.996003610813204e-16 -5.551115123125783e-17 -4.996003610813204e-16 -6.661338147750939e-16
 1.660893644839234e-13 -3.785860513971784e-14 -2.309263891220326e-14  6.883382752675971e-15 -3.517186542012496e-13  7.860379014346108e-14 -8.881784197001252e-14 -3.774758283725532e-14  -5.10702591327572e-15  4.884981308350689e-15     0.9999999999999997 -1.165734175856414e-15  2.442490654175344e-15  4.440892098500626e-15
 2.264854970235319e-14 -1.859623566247137e-14  1.332267629550188e-15  1.221245327087672e-15 -1.145750161413162e-13  7.771561172376096e-15 -1.731947918415244e-14 -9.547918011776346e-15  -7.91033905045424e-16  2.775557561562891e-16  2.220446049250313e-16     0.9999999999999999  1.998401444325282e-15  -3.33066907387547e-16
 1.025846074753645e-13 -4.241051954068098e-14 -2.131628207280301e-14 -3.730349362740526e-14 -2.362554596402333e-13  1.101341240428155e-13 -6.838973831690964e-14 -4.307665335545607e-14  1.831867990631508e-15   3.33066907387547e-16 -3.108624468950438e-15                      0      1.000000000000003  4.440892098500626e-15
-4.440892098500626e-16  2.220446049250313e-16 -8.881784197001252e-16 -4.440892098500626e-15  3.552713678800501e-15 -1.021405182655144e-14 -3.375077994860476e-14  6.217248937900877e-15  1.387778780781446e-16 -1.110223024625157e-16 -2.498001805406602e-16  1.110223024625157e-16  1.998401444325282e-15     0.9999999999999993
