10
1

0.01966245814946485
0.03013450900135147
 0.1739855314847314
 0.3540450497806104
 0.5428791912798733
  0.807504883586238
 0.8830593689056304
  1.684637078010338
  2.755358040472673
  3.962962049626536

   -0.2579785233427548     0.1034201650782319     0.6116024738994721    -0.2456917565255962    -0.6018071864148796     0.2405444776226424     0.2429271499855681   -0.09624536015901955   0.004342786417427708 -0.0004012019877613641
    0.3788457500945124    -0.1511376380519829    -0.4834623341400287     0.1936672957961828    -0.4354274096225184      0.173678355784732     0.5430966800229244    -0.2177061245076589   -0.01665788282825725   0.001347637641176888
  -0.04059277023402519    0.01446494381268073   0.004366137377387277  -0.001830140317271016    0.02703602766468335  -0.007700847776013474    0.02490164104576166   -0.01372150600082937    -0.9982593820176279 -0.0004058913288538706
    0.5006053592975497    -0.1577895503436386    0.04113987523677098   -0.02479898998658598    -0.4895836892639172  -0.002169277110915546    -0.6321314824685993     0.2715288329924452   -0.05512912275437465   -0.07832636720647995
   -0.6422831256370684     0.1665186606068924    -0.4718694268861747     0.1498345967826727     -0.437675071523394    -0.2515199364085032    -0.1914609126608827     0.1445554107334104   0.009496615974376406    0.04655404988287598
   0.03248506607289139    0.02670200577650002    0.01128624747399658   -0.00715216203747215   -0.05883859771772498    -0.1538356323981825    -0.3444850182396655    -0.8558318536742721   0.001751471690067847     0.3461280846463562
  -0.08216823997734744    0.01629542714169133   -0.03850097687000096    0.01522985175484939   0.006492857062466875   0.006440851777654106      -0.10761708670013    -0.3377705928073155   0.005843773139652114    -0.9303119711283332
    0.2299508919768193     0.1636744924103356     0.2392017541883056    0.09482467737155367    -0.1122273759592927    -0.8723277504485581     0.2697586550556605    0.04040557281836789   0.003788975710600368   -0.07846440225604874
   -0.2263633483534467    -0.7271459009355746     0.2746078454233274     0.5836798189055626  -0.009478991067550581   -0.05884475390884695  -0.003214209566993289   -0.01556885436581576   -0.00087416364004849    0.01099239025008721
    0.1149660363800574      0.597593008593964     0.1832965474065072     0.7273945568677738   0.007713919242500407     0.2460134145821471   -0.07831592273810939    0.01078358401694563 -0.0003429757585845466    0.01153469250877726

22.49413233127671
 44.3693233288425
35.74523693426825
77.34078477985857
49.86362377433732
112.5145386115236
56.65943221875605
129.4677977998173
107.5104058123078
259.2626133386268

2.48447051832364

    0.1114249662484337   -0.04492082056779435   -0.03485831476749186    0.01410052482462524    -0.0887622600942401     0.0352728048015903   0.009753225132759216  -0.003967765003011493  0.0008940653787087782 -0.0002453247832438685

 2.506347952808752e-06  0.0001085227350005881 -0.0002608549357068962    0.01218275106292762  -0.009711497171013916   0.001092133830226175  -0.006359896519305607   -0.01999591406259561    0.03713998318419485   -0.04686271461661253

cov:
    0.905810881216205     2.393453964539991     0.109503040507049    0.3411939053047131  0.007320131147816194   0.01988356975824302   0.03647173617333735    0.0657354830900034 -0.001018110778542224  0.003944124800174318
    2.393453964539991     9.710779315964723    0.2912520791623542      3.65649546833601   0.05990458047928035     2.213627935423841   -0.5962772985504367    0.1884734000442092  0.004593453344285487  0.009163609572208476
    0.109503040507049    0.2912520791623542     1.329975491773776     3.353562123651305  -0.01597564640601962   0.02695147738063071  -0.02513642367737718   0.01122437699017372 -0.002128751532150445   0.02645499159247067
   0.3411939053047131      3.65649546833601     3.353562123651305     10.92853811261108 -0.001558680871732851     2.304592410946888   -0.8424017930962521   0.07056363420370354  -0.00606817248052872    0.1490013813082378
 0.007320131147816194   0.05990458047928035  -0.01597564640601962 -0.001558680871732851    0.1264867890884484    0.3502570458970228  -0.01926459360138521  -0.01452959134317789 0.0001237524124491454  0.006408327307207691
  0.01988356975824302     2.213627935423841   0.02695147738063071     2.304592410946888    0.3502570458970228     3.170554664510968   -0.9205009660979253   0.02191185461380051  -0.01091968161674951    0.1910848273342022
  0.03647173617333735   -0.5962772985504367  -0.02513642367737718   -0.8424017930962521  -0.01926459360138521   -0.9205009660979253    0.4505366100309762    0.2088393521929965  0.005532166833637657  -0.07062463131781389
   0.0657354830900034    0.1884734000442092   0.01122437699017372   0.07056363420370354  -0.01452959134317789   0.02191185461380051    0.2088393521929965    0.5903213634001724 -0.003090889866402327     0.042850884605092
-0.001018110778542224  0.004593453344285487 -0.002128751532150445  -0.00606817248052872 0.0001237524124491454  -0.01091968161674951  0.005532166833637657 -0.003090889866402327   0.03065049725058943 -0.004139091116018364
 0.003944124800174318  0.009163609572208476   0.02645499159247067    0.1490013813082378  0.006408327307207691    0.1910848273342022  -0.07062463131781389     0.042850884605092 -0.004139091116018364    0.7749038624235655

cov.inverse():
   333.6845551485975   -133.0368650410625   -608.6017637901805    244.3117619697923    218.8675958720476   -87.57919505249514     62.3491513825863   -25.81774866755921   -8.749778654323999   0.5248807777805188
  -133.0368650410627    53.22272335333194    243.7486711537283   -97.86415227403799   -88.14088523082812    35.25583279512468   -24.71036984540934    10.18335925151825    3.532392886123509  -0.2173151276622234
  -608.6017637902241    243.7486711537456    1225.723600154139   -491.9920293107261   -719.6782293539235    288.3896278139064    95.28084216247377   -36.48935546780078    15.56140981404439   -1.406619529411717
   244.3117619698099   -97.86415227404495   -491.9920293107261    197.6034598515073    289.4540716933565   -115.9730120558896    -38.5211900290536    14.75788651029104   -6.236222911287954   0.5583534627481602
   218.8675958721778   -88.14088523088017   -719.6782293541344    289.4540716934412    1148.166324802345   -457.2904239683723   -635.7636811983967    252.9923552178817   0.5367625128381196   0.1788719162472149
  -87.57919505254915    35.25583279514622    288.3896278139941   -115.9730120559248    -457.290423968374    183.4058933377351    255.1810462832578   -101.4578701125773   -0.238643977003265 -0.09527803971036636
   62.34915138249672   -24.71036984537351    95.28084216264681   -38.52119002912308   -635.7636811984815    255.1810462832917    481.0059545206163   -191.6501540150806   -7.784440888648382   0.8563151381656664
   -25.8177486675246    10.18335925150441   -36.48935546786787    14.75788651031798     252.992355217915   -101.4578701125906   -191.6501540150808    78.08844525983604    3.245424437260636  -0.4223147534406721
  -8.749778654323297    3.532392886123224     15.5614098140419   -6.236222911286954   0.5367625128422547  -0.2386439770049229   -7.784440888650727    3.245424437261569    33.29901213691188  0.01395808580302765
  0.5248807777805349  -0.2173151276622291   -1.406619529411652    0.558353462748134   0.1788719162469438 -0.09527803971025775   0.8563151381658584  -0.4223147534407486  0.01395808580302574    1.354528104282551

cov*(cov_.inverse()):
    0.9999999999998185  9.032163038324992e-14    4.7419967258433e-13 -2.226027522034268e-13 -1.993903089511639e-13  1.710423252684889e-13  8.918560334691961e-14 -4.215378046623641e-14  4.566266527221419e-15 -1.146652217620669e-15
-1.459483575660947e-13      1.000000000000026 -1.016010192644856e-13  6.715808464896611e-14  6.616018496941045e-14 -4.714447148640444e-14  1.589180176342353e-14 -1.650502651218133e-14  3.563528595471044e-15  -1.43982048506075e-16
-1.937998372891769e-13 -3.436747414431451e-14      1.000000000000035 -1.186481468629097e-13 -3.502840378866168e-14 -2.746934624209274e-14  1.601149768326593e-14  1.379105163401562e-15 -2.261645731804762e-15  -9.71445146547012e-17
-1.208061428670248e-13 -1.179195630029994e-13  1.518507541931058e-13     0.9999999999998497  4.144254384108592e-14 -2.562706991060537e-13  4.227174166260284e-14  3.354261313148754e-14  6.250208683944436e-15  1.304512053934559e-15
 1.417052239438554e-14 -6.205539554438033e-15 -2.909304741560703e-14  9.860601918321166e-15      1.000000000000069 -2.220543627445837e-14 -3.818473315320148e-14 -1.048206660358986e-15 -7.535205098774256e-18  3.989863994746656e-17
-2.646632912828295e-13  6.130512764102036e-14  3.179678742526448e-13 -8.440470544712753e-14 -3.683789384645308e-13      1.000000000000032  2.792210906932269e-14   9.71445146547012e-15  9.200105954842996e-15  1.110223024625157e-16
-2.381428387820961e-14  9.171483017489379e-15  1.032507412901396e-14 -4.145989107584569e-14 -9.161074676633518e-15  5.502022448755639e-14      1.000000000000032 -9.704043124614259e-15 -5.809155240177333e-16 -1.942890293094024e-16
-7.424616477180734e-16  -1.36349265211777e-15 -2.634004125923184e-14  5.780098621954721e-15  2.776598395648477e-14 -1.241888536451796e-14 -1.882521916130031e-14      1.000000000000001  5.182486384480711e-17 -5.551115123125783e-17
-8.027432885082675e-16  2.360308129500943e-16  2.316723202167026e-15 -4.935288289154016e-16  2.049142105997603e-17  1.412010699336497e-15  7.441963711940502e-16  1.639313684798083e-16                      1  3.469446951953614e-18
 1.887379141862766e-15 -3.858025010572419e-15 -9.547918011776346e-15 -4.440892098500626e-16 -1.201816424156732e-14  -4.85722573273506e-16  1.154631945610163e-14  1.720845688168993e-15 -2.359223927328458e-16                      1
