10
1

0.04333184401217915
0.04482939172245285
0.04747727382335414
 0.7139890210843536
  1.083243829893574
  1.387905144584987
  1.573087791593789
  1.723954641009378
  3.192020604558743
  5.614398271633422

 -0.00833367142316041  0.003094894668304677   0.09776498824559536  -0.02381865151550176   -0.5338015052335179    0.1083549754012174    0.7529128892599783   -0.1543915392644628   -0.3132421121677686   0.06538819260059686
   0.5879506692933384   -0.1232139528390179    -0.767564838802562    0.1586381753194909  -0.03616042470865639   0.00804452234802327    0.1200983405423136  -0.02043803542718228   0.09135307082364411  -0.01585815158302228
  -0.2878918033139976   0.06159025160408516   -0.2574237233400069   0.05667123930484939    0.6944666953294139   -0.1454948674956626    0.3276103111715072  -0.07081599789683435   -0.4664585364470626    0.1023064642712809
   0.5361119673540063   -0.5105754563758077    0.4613113526306417    0.1532653577522186    0.1567334496650822   -0.2189798303911851  -0.04377165763287943   0.08076227865160651   -0.3595842213217452   0.07308468788371585
  -0.2515213796299153   -0.1133886855851774  -0.02474908824835317    0.4202429290360298   -0.1155774762053622   -0.5973468381951218    0.2452121991885377    0.4569140589399383    0.2874228838611983   -0.1580207981051145
   0.3049074497364415    0.7240049843796725    0.1209407915618402     0.264375011939431 -0.008680001174152683   0.08665317875061404   -0.0600901692888893    0.3772342918936361    -0.313844904342299   -0.2152397000364366
 -0.05954692000878389  -0.03089199376803319    0.1565664471506838    0.7474653787313801    0.1255274683379469    0.3168858339946791   0.04219286339489093   -0.4762480756424914    0.1876383367482612    -0.179744024871321
   0.1367074750588919    0.3500352619282661   0.08436010422870525    0.1484690796631833  -0.03494344773659959   -0.3367656643689401   -0.0270766340139145   -0.2429076414456114    0.1774271150175377    0.7897954685265732
  -0.1427627365821751   -0.2143192135070672  -0.04454299038322238    0.2159114455092262   0.02637427376209361    0.5668384464395314   0.02784213140876255    0.5615268263844088   0.01633653757273333    0.4967176011599191
   0.2917178478442823     0.117797076071404    0.2708470747844898   -0.2714795079878132    0.4192752364971362    0.1400284794055413    0.4923674223574703    0.1095590767013348    0.5464281013986962  -0.07451876322362616

27.21173652537307
129.8663863986484
32.73102725234057
156.6371072887386
38.71342179506955
185.4343541493261
45.88333975023994
220.1416035603251
54.32921674116463
261.0990162483981

4.853997453125896

  0.1639330819067918 -0.03576475157332828 -0.03857385314103075 0.004379604661393092   0.1068233268723214 -0.02470486787217111 -0.08156954856326044  0.01824604858168054  -0.1602542082210785  0.02941988957847372

-0.0001448820199513759  0.0002044982971351305  0.0001990511526750267    0.08971903656186705    -0.1107070313565536      0.141124110059212    -0.1319736044373758    0.01323692610170287   -0.04372085685153496      -1.72174291521273

cov:
   3.35515544789211   1.860684472224164   2.770209543446259  -2.786957411756529   3.855697645177733  0.4470148664410568   4.350074829311082  0.2709266228062611   4.678265342774925  -1.120272113312545
  1.860684472224164   2.429655264988133   1.230798216836455  -1.109342863899143   1.415864639480305 -0.8351217074246956   1.631018259459436  -0.591404715674497   1.781085545076267 -0.8241655528394679
  2.770209543446259   1.230798216836455    2.55311340192765  -2.003777247510118   3.645212448530644  0.9627043069062464   4.168857051442234   0.528743342667773   4.608944836894052 -0.7616510123598804
 -2.786957411756529  -1.109342863899143  -2.003777247510118   4.600140949936627    -3.3621983846269   0.218689528924379  -3.999110759450139  -0.266595442435111  -4.260927237005268   1.564638034888652
  3.855697645177733   1.415864639480305   3.645212448530644    -3.3621983846269   5.620889889770449   2.198104183262032   6.494613367215766   1.414362209203988   7.203050810938048 -0.9582625668872166
 0.4470148664410568 -0.8351217074246956  0.9627043069062464   0.218689528924379   2.198104183262032   4.935088836557973   2.217276867368108    3.33002642331708   2.262170177970535   1.675101895423798
  4.350074829311082   1.631018259459436   4.168857051442234  -3.999110759450139   6.494613367215766   2.217276867368108   7.735919840539315   1.915218433667085   8.616878839834889  -1.119976099824543
 0.2709266228062611  -0.591404715674497   0.528743342667773  -0.266595442435111   1.414362209203988    3.33002642331708   1.915218433667085   4.850184294231625   1.542711826409679   1.988073845499787
  4.678265342774925   1.781085545076267   4.608944836894052  -4.260927237005268   7.203050810938048   2.262170177970535   8.616878839834889   1.542711826409679     9.9484821273824 -0.8045527163533683
 -1.120272113312545 -0.8241655528394679 -0.7616510123598804   1.564638034888652 -0.9582625668872166   1.675101895423798  -1.119976099824543   1.988073845499787 -0.8045527163533683   4.744077865735131

cov.inverse():
  209.4957792944861  -44.30462148972431  -191.6019121491389   39.37515124446113  -96.71983747697779   20.33684810820239  -10.15418092686617   3.790623702644544   87.21150454297475  -17.88655982210901
 -44.30462148972461   10.08328661365613   39.78282059267195  -8.309106563317307    20.1588524278456   -4.03548596385492   2.824377707286075 -0.9536957456861899  -18.62794223167079   3.821153706268407
 -191.6019121491037   39.78282059266427   328.0891454942836  -68.10700532458151  -93.13885519441814   19.01434484523548  -44.12383598095055   7.903157037831309   1.740524913646104  -2.158103060530004
  39.37515124445401  -8.309106563315749  -68.10700532458169   14.72238332299924   21.41465016059885  -4.575644207108157   8.240029262080066  -1.340569634570795 -0.5297829030718929  0.4230349900709421
 -96.71983747696525   20.15885242784302  -93.13885519442222   21.41465016059964   366.4378217106419   -75.7605213875671  -115.3027329310833   22.40202661065878  -56.42601009947224   13.23662256490281
  20.33684810820016  -4.035485963854455   19.01434484523594  -4.575644207108241  -75.76052138756729   16.18933375604714   22.68689917058015  -4.672504026984551   12.39895382748302  -2.939487634556034
  -10.1541809269804    2.82437770731004  -44.12383598082713   8.240029262054716  -115.3027329310526    22.6868991705736   356.7660222193736  -73.34869170323809  -187.8311001283485   40.09873745224183
  3.790623702668093 -0.9536957456911169   7.903157037805539    -1.3405696345655   22.40202661065243  -4.672504026983201  -73.34869170323719   15.53507453998512   39.42783978315836  -8.524408340569673
  87.21150454304124  -18.62794223168466   1.740524913562081 -0.5297829030546395    -56.426010099494   12.39895382748749  -187.8311001283099   39.42783978315094   153.3475523752644  -32.82268118320246
 -17.88655982212339   3.821153706271404  -2.158103060512032  0.4230349900672559   13.23662256490744   -2.93948763455699   40.09873745223413  -8.524408340568202  -32.82268118320285   7.348769734695692

cov*(cov_.inverse()):
    0.9999999999999467  5.329070518200751e-14 -1.261213355974178e-13  4.279909759929978e-14  2.309263891220326e-14 -4.218847493575595e-14   1.35003119794419e-13 -9.414691248821327e-14 -9.947598300641403e-14  3.907985046680551e-14
-1.598721155460225e-14      1.000000000000022 -5.240252676230739e-14  4.884981308350689e-15 -8.171241461241152e-14 -2.309263891220326e-14   -1.4210854715202e-14 -2.131628207280301e-14   -1.4210854715202e-14  2.753353101070388e-14
-2.842170943040401e-14  3.996802888650564e-15      1.000000000000007  4.563016631209393e-14   1.35003119794419e-13  1.332267629550188e-14 -1.527666881884215e-13 -2.842170943040401e-14 -2.486899575160351e-14  1.332267629550188e-14
 7.460698725481052e-14 -4.618527782440651e-14  -6.17284001691587e-14     0.9999999999999849 -3.907985046680551e-14  1.687538997430238e-14   1.06581410364015e-13  1.598721155460225e-14 -9.237055564881302e-14 -2.486899575160351e-14
  1.20792265079217e-13  7.505107646466058e-14  7.860379014346108e-14  6.078471059822732e-14      1.000000000000096  2.220446049250313e-14 -3.268496584496461e-13 -3.552713678800501e-14  -1.77635683940025e-14  6.661338147750939e-14
 -1.77635683940025e-14  7.105427357601002e-15  1.953992523340276e-14  7.771561172376096e-16  2.842170943040401e-14     0.9999999999999902  9.947598300641403e-14 -3.019806626980426e-14 -2.842170943040401e-14  3.552713678800501e-15
 2.842170943040401e-14  5.861977570020827e-14  1.887379141862766e-13   6.06736882957648e-14 -1.119104808822158e-13 -1.021405182655144e-13     0.9999999999999147  -1.13686837721616e-13  -1.20792265079217e-13  3.375077994860476e-14
  -1.4210854715202e-14  8.881784197001252e-15 -3.996802888650564e-14  1.099120794378905e-14  7.815970093361102e-14   -1.4210854715202e-14 -2.842170943040401e-14     0.9999999999999858                      0   1.06581410364015e-14
  1.77635683940025e-14  2.797762022055394e-14 -4.574118861455645e-14  2.542410726391608e-14  8.881784197001252e-14 -1.509903313490213e-14 -2.060573933704291e-13  1.953992523340276e-14     0.9999999999999574  2.309263891220326e-14
  -1.4210854715202e-14                      0  8.881784197001252e-15 -1.199040866595169e-14  4.973799150320701e-14   -1.4210854715202e-14  8.526512829121202e-14                      0 -2.842170943040401e-14     0.9999999999999929
