16
1

0.01963971668655395
0.02997580137913136
 0.1426540603181754
 0.1597429674290428
 0.3072952558075604
 0.5268187138654185
 0.5523621972075029
 0.6663069347703885
 0.8094869848629046
 0.8393061286808726
 0.8911377289364462
  1.263080150945707
  1.561191589378017
   2.19761641294771
  2.783338763366545
  3.965652136682756

    0.2598555499673003    -0.1041989880174959    -0.6140035675505848     0.2466306947679972     0.5995810462260738    -0.2396567447192052    -0.2403579005499862    0.09524883773386095 -0.0004093233273061374 -0.0008490879632601382 -0.0007668955923985913   0.001065570636855005 -7.285914903415312e-05 -0.0008746422997549973  -0.003169252405501566  0.0003304804324994749
   -0.3772740070137492     0.1506823418070266     0.4804577590880175    -0.1924086268882514     0.4381857868600665    -0.1749379841354717    -0.5443666790501568     0.2181459748777183   0.007557669465519577   0.002701848649065255   0.001391057954107627  -0.001953807632371206  0.0008356542916087984  0.0002570976986768004    0.02220947635342875  -0.001179744823524435
    0.0235032175930687  -0.007067726630184895  -0.009703915283360207   0.005033042065725013   -0.01786953173312683   0.002382594522683458 -0.0009614127077193001   0.002143044006212079    0.09958036864913987   0.007243054790926779   -0.00919411591705746   0.002337449023973019   -0.02151761074791993   0.007733998650503953      0.994166010969706 -0.0002187978119554799
   0.02445570788531575  -0.004955721772385485   -0.02315288926126658   0.009656471574731325   -0.08211464908942032   -0.01399843437903638   -0.08381503067382991    0.02540041797945361     0.9835022872542251    0.06815788740267191   0.006079063170208555  0.0009935790098603262   -0.03473011743014486    0.02164315888748465    -0.1023402584866426   0.005551426877723171
    -0.502458020614136     0.1714151185029403   -0.05003212591365853    0.02540903911470709     0.4605737137966308   -0.04169231719548838     0.6262284138022137     -0.253956243642987     0.1034429194871864    0.04427464114027105    -0.1235438489008282    0.01038465104338752    -0.1066438965493336    0.02831802669158589   0.007646746936783252     0.0649373361066591
    0.6159385971584442    -0.1564231729872602     0.4598744875308912      -0.14532616757499     0.4387294069288025     0.2397704378536188     0.2037899169657824    -0.1518520648017533    0.04196827050235568     0.1591094497461882    0.09727450103624828   -0.06000305758509436   -0.07837610582904216    0.02347572078277503  -0.008824633309023203    -0.0455281805261336
   0.07572403501255601  -0.005633745805460046    0.04734292664813468   -0.02061543727658805    0.04275738275023518    0.03700090282328647    0.01768425412622928   0.003132170655480513    0.02297437996960663     0.1849857558461149    -0.4931403527356963     0.4809927881008721     0.5381154830688177    -0.4238275799768367   0.005051512041176411    0.09764910855661518
   0.09124207483454244    -0.0163976687656026    0.02588385786782778   -0.01228974429763453   -0.06452655197844522   -0.05152894238398301   -0.03569205690008206     0.1118692625188007   -0.04472519065370927    0.05446466632457611    -0.5060311821601962     0.4568655308738469    -0.6021996329987974     0.3364954676386279   -0.02062736871628687    -0.1546542157488494
  -0.02865723552231011   -0.02926069214658332  -0.007455147835049799   0.004554512320657193    0.06834918244427961     0.1656478757122659     0.3488194538384606     0.8542173003529896    0.02548255220617666   -0.05333036856192919    0.04223835716784861   -0.04847883101553969    0.08055598578745894   -0.05915503866004526  0.0001769784007519475    -0.3116999094499754
   0.03668402219888044   -0.04882255891325318    0.05221943158196562   -0.01736596455236888    0.09675015534321686     0.1005204631419351   -0.01890810613630883    -0.1856961772407165    0.08139852776459287    -0.8964505549972925   -0.08563074272914206     0.1248727604437877    0.03317641194463585    -0.1402884127711205  0.0003010403111866307    -0.2915131210377844
   -0.1009962961261831    0.03493624342933293   -0.05881855909770384    0.02157022692534956   -0.02205774882592635   -0.02132236804476969   -0.09679407556368835    -0.2741655828550179   -0.01550580787369639     0.3348259240148317    0.03915872340634925   -0.04522699875773632    0.07905332189851097   -0.08949293158909577    0.00390118122059496    -0.8769127172660723
    0.0308811883985199    0.02382321026255041    0.01007061746790224    -0.0150081284450057   -0.05270691962394998    -0.1523921388142794    0.01928419335377492    0.03594654621916248   -0.01171934763228292    0.04711626889044284    0.08561798314016091   -0.04501207265802765    -0.5396466387383875    -0.8156781223624221  -0.004623436453524703    0.04692809564897252
   -0.2561389018686846    -0.1617382711355946    -0.2117762630604618    -0.0454369110912479     0.1119083940250345     0.7635383790234526    -0.2095561003807238   -0.03927114527454499  -0.008036770281598812    0.09561038359275535      0.273359256925411     0.3281227640568488    -0.1393563429925829   -0.06000536763505775   0.002464352011059993    0.07567625047980081
   0.01313293494395016   -0.04574488993268692     0.1529262290236732     0.1921404654759634    -0.0298136467774889    -0.3762213511162845     0.1456215315083937   0.009484111677563007   0.002950537515803456  -0.009079635335931754     0.6004886014422867     0.6365530523357513    0.05435224284191471    0.06326691797271967   0.004875564410122274   -0.02907694955483079
   -0.2260144978868257    -0.7267578571639647     0.2575776760713104     0.5556712743845225  -0.007791446073441548   -0.02496471434441017   -0.01773383614653857   -0.01505139134925629 -0.0005760411030515156     0.0277666628464988    -0.1475962812662062    -0.1436726247794731   -0.01503717451691599    -0.0279399828556345  -0.001464134919733041    0.01385477515701836
    0.1135880790556212     0.5922450111430284      0.183590002405572     0.7286469776005745   0.007766957437233842     0.2492571258186788   -0.07987942664091936    0.01117810118083752  -0.005770264258515737  -0.006402208095800448   -0.02861049562056629   -0.02605919463144619   -0.03071425066335247   -0.01884036329169595  -0.001025154895009834     0.0120612291772045

22.49567951661344
44.37386721663654
 35.7466817248569
 77.3437905881366
49.86383059944172
112.5127873195453
56.66069813538441
129.4680973187759
67.65218692858943
158.1594483851442
79.67049499630006
187.2489938285437
91.53106168472004
218.3732232869547
107.5123398649857
259.2602768762093

2.484361403526709

    0.1122854473506439   -0.04527378448476214   -0.03501552897670863    0.01417269039978106   -0.08877447782665907    0.03529775511625715   0.008525000463988044  -0.003563470327311781 -0.0007093425026527498 -0.0002039306497054597  0.0007930131899240233 -4.941392140079409e-05  0.0002667112526670908 -0.0001439954021520911  0.0008710706315527735 -0.0003523215011754729

-2.000997686038165e-06 -0.0001071180095744139  0.0001181224298860742  0.0002321671986676138  -0.009293102883653955    0.00829177109510046   0.001270278271823199   0.005566330108521243  -0.001107236182253964 -7.213461816223365e-05  -0.007049590807428073   0.001885135169155179   0.002040298619007768   -0.03886331190208707    0.04627013150893337   -0.04402159386740299

cov:
    0.9052462250696115      2.390441343629061     0.1084517710178473     0.3392886561383063   0.007523190734022992    0.02388452712050244    0.03428921076760901    0.06500813579070347 -0.0001592964711830604    -0.1353922481192416    0.06342213403353097    0.06495855259307852   0.007995101060178015    0.02774204565158073  -0.003219561670232422   0.004293190588794934
     2.390441343629061      9.695573110598353     0.2855740385353457      3.640812366692232    0.06027893418528785      2.220428980628555    -0.6002304939053298     0.1876911284211528   -0.05214683337569664    -0.2156259135601994     0.3288795626957873     0.2884990765908038    -0.1743389842565733   -0.03830353212538948  -0.002913221128030431   0.008365498080450262
    0.1084517710178473     0.2855740385353457      1.331450098192827       3.35676422211563   -0.01570103592650677    0.03003372637457296   -0.02509957077738048    0.01509961672966462  -0.003987884558549829   -0.04337644209124324   -0.07847710312492626   -0.05045502108640654   -0.02676847377013884   -0.04565272649355614  -0.005250888356032103    0.02795828211043049
    0.3392886561383063      3.640812366692232       3.35676422211563      10.93205882036689  -0.001241042747606137      2.307927479505991    -0.8407721816566547    0.08057390259600204   -0.06697168961284443    0.03481220047710252    -0.4348301918988224    -0.3671822459233101    -0.3339118749879662    -0.2513194879948858    -0.0130967714625189     0.1512031465786654
  0.007523190734022992    0.06027893418528785   -0.01570103592650677  -0.001241042747606137     0.1270577938674198     0.3510858267287948   -0.01919428116616893   -0.01506661916677843     0.0137550435755803   -0.02637680233584086    -0.0037909276508919  0.0005774518029369543    0.01135212712530434    0.02072688250115552  5.799297760068074e-05   0.006024312478181808
   0.02388452712050244      2.220428980628555    0.03003372637457296      2.307927479505991     0.3510858267287948      3.166692117951141    -0.9185381096865101    0.02020550777394341   -0.02786285852988338    0.08880157628156804    -0.6759472667617802    -0.6140938699395138    -0.3195642281424092    -0.1226414914793624  -0.006916306237518519     0.1885810674331324
   0.03428921076760901    -0.6002304939053298   -0.02509957077738048    -0.8407721816566547   -0.01919428116616893    -0.9185381096865101     0.4499292782911414     0.2091241023850582    0.02629379204745227   -0.06392283335829413     0.3528708227810206      0.314482329062693     0.1471241776417301    0.06811734776319167   0.003749561867972666   -0.07043846945670414
   0.06500813579070347     0.1876911284211528    0.01509961672966462    0.08057390259600204   -0.01506661916677843    0.02020550777394341     0.2091241023850582     0.5902111743602801  0.0004714157894744537  -0.001553836774752371    0.01801172129389211 -0.0008528514412210331   -0.01878364513065577   -0.01881278956289529  -0.001926744654532315    0.04198260912196276
-0.0001592964711830604   -0.05214683337569664  -0.003987884558549829   -0.06697168961284443     0.0137550435755803   -0.02786285852988338    0.02629379204745227  0.0004714157894744537    0.03366164979656379   -0.05461572053884062   0.006820803936258589    0.00713047496976005    0.03158181334909262   0.002688328876375073  4.268044033236727e-05   -0.01105434776792722
   -0.1353922481192416    -0.2156259135601994   -0.04337644209124324    0.03481220047710252   -0.02637680233584086    0.08880157628156804   -0.06392283335829413  -0.001553836774752371   -0.05461572053884062     0.7089182764998296    0.04166787525077118   -0.03671168043042063   -0.06647087884206376   -0.02991145584773979   3.94392173852481e-05   -0.01393962580974737
   0.06342213403353097     0.3288795626957873   -0.07847710312492626    -0.4348301918988224    -0.0037909276508919    -0.6759472667617802     0.3528708227810206    0.01801172129389211   0.006820803936258589    0.04166787525077118      2.316426330427882      2.047489352555699    0.07821837741696445    0.06502700005069069    0.02073809490479634   -0.04900890308043649
   0.06495855259307852     0.2884990765908038   -0.05045502108640654    -0.3671822459233101  0.0005774518029369543    -0.6140938699395138      0.314482329062693 -0.0008528514412210331    0.00713047496976005   -0.03671168043042063      2.047489352555699      2.571568513214687    0.07926307782915376      0.242347956971012    0.01597856320759254   -0.05306456122955611
  0.007995101060178015    -0.1743389842565733   -0.02676847377013884    -0.3339118749879662    0.01135212712530434    -0.3195642281424092     0.1471241776417301   -0.01878364513065577    0.03158181334909262   -0.06647087884206376    0.07821837741696445    0.07926307782915376     0.8049487874742588      0.579204724397322    0.01146482639516792    -0.1017843464183679
   0.02774204565158073   -0.03830353212538948   -0.04565272649355614    -0.2513194879948858    0.02072688250115552    -0.1226414914793624    0.06811734776319167   -0.01881278956289529   0.002688328876375073   -0.02991145584773979    0.06502700005069069      0.242347956971012      0.579204724397322      1.229021095693699   0.003780743241245217    -0.0202321567193892
 -0.003219561670232422  -0.002913221128030431  -0.005250888356032103    -0.0130967714625189  5.799297760068074e-05  -0.006916306237518519   0.003749561867972666  -0.001926744654532315  4.268044033236727e-05   3.94392173852481e-05    0.02073809490479634    0.01597856320759254    0.01146482639516792   0.003780743241245217    0.02081397179510718  -0.002036291922792947
  0.004293190588794934   0.008365498080450262    0.02795828211043049     0.1512031465786654   0.006024312478181808     0.1885810674331324   -0.07043846945670414    0.04198260912196276   -0.01105434776792722   -0.01393962580974737   -0.04900890308043649   -0.05306456122955611    -0.1017843464183679    -0.0202321567193892  -0.002036291922792947     0.7740227738439778

cov.inverse():
    337.6484681463024    -134.7049204145979    -614.0817625874416     246.4797970382743     218.3651396392565    -87.34269977000122     63.69077610189703    -26.36656159175885    -2.846489406536313    -1.555081282098365   -0.4912737219724099     1.551470831294991   -0.0620734636218621   -0.8040952551876859    -10.47412848877114    0.3714687685808064
   -134.7049204145984     53.92897909670169     246.0846557061773    -98.78799335440179    -87.89580649374088     35.14456495589013    -25.32434425143883     10.43354868640712     1.310428380208957    0.7228176329155661    0.1871561995570929   -0.6140497602161396   0.03543870262789235    0.3076152366391028     4.274655544593089    -0.150016295324947
   -614.0817625874543     246.0846557061818     1235.165903699841    -495.7146119488521    -719.5739034521922      288.319726717583     91.64335011795166     -35.1114323087517     3.776072652965548     2.904977370973227     2.064900148168511    -2.747162693861935    0.5848582558133012     1.482009219815491     16.51973567246437    -1.225241421924466
    246.4797970382789    -98.78799335440347    -495.7146119488519     199.0709737700208     289.3979279232344    -115.9404825071203    -37.08514707577734     14.21178685925571    -1.479899431849584    -1.149358076091568   -0.8155070378861464     1.093202006567987   -0.2421126376612606    -0.580503213912661    -6.568015407713232    0.4847203675054306
    218.3651396392838    -87.89580649375169    -719.5739034522351     289.3979279232515     1148.969063608321    -457.5396518284844    -635.4104928387809     252.9308045041966    0.3918688636202651    0.1223718144829117    -0.971884054785807    0.6812438512090562   -0.0343333477948746    -1.242856505975196     5.387795185761276    0.1555496290896564
    -87.3426997700121     35.14456495589443        288.3197267176    -115.9404825071271    -457.5396518284843     183.5513044634401     255.2827398840093    -101.5160620140746    -1.729622935410544   -0.0254055350805567    0.3668755395426626    -0.268738481074791    0.0398313671812506    0.4211499473179638    -2.189464052641551  -0.09214665504815626
    63.69077610188045    -25.32434425143223     91.64335011798374    -37.08514707579008    -635.4104928387964     255.2827398840155     484.3733270294366    -192.9035875874954    -6.822993519853958    -0.968272299819815    -1.104031601886097    0.4995074941174409   -0.9912984764757512     0.451781890916737    -11.14538616236998    0.8477401282917679
   -26.36656159175215     10.43354868640445    -35.11143230876461     14.21178685926084     252.9308045042029    -101.5160620140772    -192.9035875874955     78.55968084493881     2.427999407778242    0.3750162061199733    0.3629673544800278   -0.1703032290822664    0.3906933556062962    -0.166254916174178     4.589929329304224   -0.4139789190263826
   -2.846489406536472     1.310428380209019     3.776072652965822    -1.479899431849693     0.391868863620219    -1.729622935410526    -6.822993519854023     2.427999407778267     38.59393439818562     2.654134299216235   0.08488196646926401   0.03774929978535661    -1.454343768553106    0.8333332101309965     1.120078120914009    0.2604995027156404
   -1.555081282098392    0.7228176329155765     2.904977370973231     -1.14935807609157    0.1223718144830136   -0.0254055350805972   -0.9682722998198939    0.3750162061200052     2.654134299216235     1.717013842227986   -0.2107440847384549    0.1492170887223198    0.0227099812088569 -0.006737041028598724      0.15450458886871   0.08611868052666916
  -0.4912737219723949    0.1871561995570862     2.064900148168371   -0.8155070378860899   -0.9718840547854645    0.3668755395425271     -1.10403160188631    0.3629673544801136   0.08488196646925739   -0.2107440847384549     1.706689199031916    -1.242962093924901   -0.1008634655234212    0.2432301253203053   -0.4297753260072236   -0.1043249222263703
    1.551470831294775   -0.6140497602160523    -2.747162693861339     1.093202006567748    0.6812438512083293   -0.2687384810744999    0.4995074941177892   -0.1703032290824051   0.03774929978535469      0.14921708872232      -1.2429620939249     1.410383948334661    0.2273868353558675   -0.3166627365988437    0.0435962866918948   0.04152935359331014
 -0.06207346362183463   0.03543870262788137    0.5848582558133346   -0.2421126376612741  -0.03433334779513818   0.03983136718135612   -0.9912984764755484    0.3906933556062156    -1.454343768553109   0.02270998120885625   -0.1008634655234227    0.2273868353558677     2.189836805111519    -1.022421365255176   -0.8580063095797166    0.1531156492762513
  -0.8040952551875807    0.3076152366390603     1.482009219815181   -0.5805032139125363    -1.242856505974776    0.4211499473177953    0.4517818909165204   -0.1662549161740919    0.8333332101309975 -0.006737041028599001    0.2432301253203061   -0.3166627365988441    -1.022421365255176     1.340452751000732    0.2853222695092311  -0.07498871797596675
    -10.4741284887711     4.274655544593068     16.51973567246398    -6.568015407713076     5.387795185762037    -2.189464052641855    -11.14538616237041     4.589929329304399     1.120078120914006    0.1545045888687097   -0.4297753260072261   0.04359628669189877   -0.8580063095797188    0.2853222695092354     49.55533997034343  -0.05392889180178869
   0.3714687685808867   -0.1500162953249789    -1.225241421924605    0.4847203675054865    0.1555496290896922  -0.09214665504817064    0.8477401282917923   -0.4139789190263926    0.2604995027156403   0.08611868052666892   -0.1043249222263709   0.04152935359331102    0.1531156492762514  -0.07498871797596714  -0.05392889180179122     1.381466873839282

cov*(cov_.inverse()):
    0.9999999999998277  2.210714250550083e-13  1.003026654788908e-12 -3.461267730764384e-13 -1.822124265707381e-13  1.112055326296657e-13  2.936323059699042e-14 -2.361370647629979e-14   1.33508655519865e-15  7.167118461215427e-16  1.140580685454751e-15 -1.886213624527344e-15  3.882527979670591e-16  8.022011874220247e-16  1.153461007263878e-14 -4.822531263215524e-16
 4.736662451154672e-15     0.9999999999999861 -8.357550762561061e-14 -5.696571686586438e-14   4.48996308882732e-14 -5.247083149917398e-14  4.504382977721377e-14 -3.250828425893637e-14  5.117434254131581e-16  4.143820703239598e-16  1.281526967877866e-16  -7.28583859910259e-17 -4.662069341687669e-17 -1.849648906260271e-16 -1.598114002243634e-16  1.058181320345852e-16
 1.065970228752988e-13 -8.784552946172752e-14       1.00000000000002  8.359285486037038e-14  1.372591276749269e-13 -7.678796834498236e-14 -1.941155569618047e-14  6.670011765130823e-15 -1.967176421757699e-15 -1.519617764955683e-15 -3.595214403961933e-16 -2.099015405931937e-16 -7.112366251504909e-17 -1.188285581044113e-16 -1.782428371566169e-16  6.730727086790012e-16
-8.516035099326302e-13 -7.344125307895411e-14 -4.527767050177545e-13     0.9999999999999392 -4.138286935351232e-13  9.034786807582407e-14 -3.852473895449293e-14   6.00908212078366e-15 -1.249000902703301e-15  1.441555208536727e-15 -2.151057110211241e-16 -1.383441972091504e-15 -1.769417945496343e-16 -8.864436962241484e-16 -4.874572967494828e-16  4.440892098500626e-16
 1.621099088300326e-15 -8.032853895945102e-16  3.624704703053538e-15  3.472916398905568e-15     0.9999999999999576  3.358858330360093e-15  2.349422739689189e-14 -3.263882220050363e-15 -2.211772431870429e-17 -2.168404344971009e-19 -3.961674738262033e-16  2.238877486182567e-17  8.749511531958021e-17  5.025277069470313e-17 -2.353260815379787e-16 -8.673617379884035e-18
-5.120903701083535e-15 -1.592823095641904e-13 -6.890599202336034e-13  1.752625822248888e-13 -2.930398979028581e-13      1.000000000000041  7.549516567451064e-14 -1.207367539279858e-14 -6.869504964868156e-16  1.085936895961481e-15 -1.165734175856414e-15  1.007874339542525e-15 -3.573530360512223e-16 -4.631711680858075e-16 -7.108896804552955e-15                      0
 6.674522046168363e-14  4.483566296009656e-14  1.838112995145025e-13 -4.633793349029247e-14  1.071955024745108e-13 -3.147308802464721e-14      1.000000000000004 -5.568462357885551e-15  4.961309141293668e-16 -4.562322741819003e-16  2.749536709423239e-16 -6.505213034913027e-16 -1.682681771697503e-16  4.501607420159814e-16   2.58864110702639e-15 -4.163336342344337e-17
  5.85122228446977e-15    5.9761223747401e-15  2.206568261442499e-14 -4.867634073590921e-15  3.585586688670261e-14  -1.56398331785379e-14 -2.506328478091291e-14      1.000000000000011  5.724587470723463e-16  2.602085213965211e-17 -1.162264728904461e-16  1.222980050563649e-16  5.637851296924623e-17 -4.380176776841438e-17   7.32920668600201e-16 -2.775557561562891e-17
-4.512015761015675e-15  7.150747008410896e-15  3.547336036024973e-14 -1.151682915701002e-14 -4.826868071905466e-15   4.84226374275476e-15   2.22738494315422e-15 -1.825796458465589e-15                      1 -1.615461237003402e-17  1.845312097570329e-16 -5.106592232406726e-17   9.75781955236954e-18  5.941427905220564e-17  2.770136550700464e-16 -8.673617379884035e-18
 1.473040439625706e-14  -3.88859951183651e-14  -1.84068038588947e-13  5.296197508330991e-14  9.846290449644357e-15  -1.02170875926344e-14 -3.204034260129163e-15  5.346417752960519e-15 -2.077331362482226e-16                      1 -3.924811864397526e-16  6.221152065721824e-16 -3.642919299551295e-17 -1.936385080059111e-16 -1.842059491052872e-15  5.551115123125783e-17
 1.752070710736575e-15 -1.384049125308096e-14 -4.365952044338428e-14 -5.502542865798432e-15 -2.249242458951528e-14  3.355649091929536e-14    5.8265892111109e-14 -1.723968190425751e-14 -2.133709875451473e-16  3.989863994746656e-17     0.9999999999999999 -7.320533068622126e-16 -2.081668171172169e-16  2.029626466892864e-16 -3.677613769070831e-16 -1.387778780781446e-17
 1.434616314632819e-14  -6.04724603725515e-15 -3.809452753245068e-14 -7.074202335033419e-15  2.843385249473585e-14  2.051570718863971e-14  2.000483112496454e-14 -1.575128916186941e-14 -3.573530360512223e-16  7.199102425303749e-17 -3.564856743132339e-16                      1 -2.307182223049153e-16 -8.760353553682876e-17  7.272828173032764e-16 -4.163336342344337e-17
 8.874845303097345e-15  1.440861319146336e-14  8.223977054910847e-14 -3.365363543395006e-14 -7.258083023486961e-15  8.971989817752046e-15  7.424616477180734e-15 -5.238864897449957e-15  1.700029006457271e-16 -7.112366251504909e-17 -3.018418848199644e-16 -1.786765180256111e-16                      1  3.512815038853034e-16  1.295838436554675e-15                      0
 2.643198160345861e-14  9.172784060096362e-15  1.159836116038093e-14 -6.765421556309548e-17  3.884956592536959e-14 -1.496285734203795e-14  3.750472155061857e-15  1.016547956922409e-15 -3.642919299551295e-17 -1.071191746415678e-16  2.211772431870429e-17  3.361026734705064e-17  2.970713952610282e-16     0.9999999999999997  3.096481404618601e-16  1.734723475976807e-17
-1.307873080669264e-15 -4.702184822069633e-16 -1.206066496672875e-15 -3.586540786582049e-16 -2.045943709588771e-15  7.960483400931695e-16  8.723490679818369e-16  -2.98806118737005e-16 -1.040834085586084e-17  3.092686697014901e-17 -7.670730370334944e-18  9.832358451727918e-17 -1.337905480847112e-16  9.437979911486316e-17     0.9999999999999997  8.673617379884035e-19
-1.443289932012704e-15  2.317590563905014e-15  1.088018564132653e-14  5.273559366969494e-15  3.011479954295737e-15   6.38378239159465e-16 -4.440892098500626e-16  1.332267629550188e-15  1.110223024625157e-16  8.326672684688674e-17 -2.220446049250313e-16  2.081668171172169e-16   3.33066907387547e-16 -1.942890293094024e-16 -1.249000902703301e-16                      1
