12
1

0.02655978451861061
 0.1604934611680042
 0.1730955840109232
 0.3142380224835034
 0.4681269731082965
 0.6168459765491772
 0.8071672679772712
 0.8410546375566702
 0.8880437258615024
  1.558954104134264
  2.248763237649383
  3.312513518115923

   -0.1371617096969552    0.05459403508101531     0.7145036073153878    -0.2853346254937724    -0.5770347137939801     0.2305639883802731   0.005754750796965083   0.001504865953628032  0.0007012106891046109 -0.0009758629415369721     0.0104279412730505 -0.0007224615621600786
   0.02128614246838397  -0.003098410705113262    -0.1005569795942876  -0.008538672385936948    -0.1010069748606725     0.0330672768594202      0.983168634075432    0.06933093567662336   0.001198550719601723    0.00696926692600367    0.08071164112945022    0.00806927869183236
    0.0208793662127187  -0.007548135260004023   -0.01118962900268826   0.006212175909658359  -0.002929169311987125   0.006375800097456102    -0.0833290256773605  -0.007620238859956178   -0.01263451394616056   0.002779182085448371     0.9960537729962029    0.00133412062754044
    0.5736644190391518    -0.1960571133711168    -0.4188609791241636    0.03496860228914939     -0.596480120472893     0.2400621944899991    -0.1183756596284549   -0.04881017084892419     0.1352980475787378   -0.02129561694750199   -0.03011975833304862   -0.07952065084510883
   -0.7110829227140222     0.1987999599742907    -0.5227849708129525     -0.177546426412023    -0.3002492101259201     0.1814215255580487   -0.06575992750397465    -0.1487806205543478   -0.01867637845872036   0.003380383899679053   0.002701638930100525    0.01103908980215322
    0.0777387551059317  -0.006087813303946414   -0.05998871454370396   -0.03729968685507577   -0.04312820297957095    0.08472326540030176   -0.03109186798953849     0.1842159778726486    -0.7112008752836581     0.6625146304530343   -0.01485581930139584   0.006032552112806098
  -0.02210696718542534   -0.02946477727845396    0.06798928836980557     0.1635348516206576     0.3439059196122528     0.8448921031870463    0.02400086918171021   -0.07141818498954264    0.01618549747727878   -0.02639721788511352  -0.002192225300241347    -0.3585007421761948
   0.04130592269670531   -0.05021527128099521    0.09063318087029917    0.08057168052448177   -0.02296106361115604     -0.197907692016088    0.07868173721870723    -0.9088853235936972    -0.1286217531691135     0.1519520643588639  -0.001604800670638487    -0.2635763746045324
  -0.08620173836109372    0.03521278585376714   -0.01468660586953201   -0.01234552863874696    -0.1080396906860496    -0.3046239152948712   -0.01545735216063059     0.3108676000404165     0.0124570109397239   -0.02523118957730642   0.006121123998348902    -0.8881362813863338
    0.2739522438122758     0.1903772976476889    -0.1132319286040743    -0.7815559138440653     0.2160320194821896     0.0419266965780831   0.007142180504913649   -0.09052636693854577    -0.2814338843267731    -0.3519609690954484  -0.002916093896049354   -0.07274450310587455
   -0.0728247318124314   -0.09302778146044248    0.02866654105708412     0.4076568558809166    -0.1621152204555953   -0.01173564356681519  -0.003996269277030287    0.01640625226640017    -0.6155722119174462     -0.641885589458186  -0.008075236463785065    0.03634329088404747
    0.2225884195283864     0.9324315895218207    0.01430162040997857     0.2719085030586832   -0.07483008075321117    0.01682466061249427  -0.005094707130840219   -0.02008269880615687    0.01680788122476941    0.01535244843648554  0.0001175646238692171   0.007540463092796873

22.49554951551989
44.37157841229323
49.86332783459381
112.5150188830057
56.65935102974783
 129.469358911152
67.65195018188209
  158.15881718816
79.67014805117103
187.2518415917986
107.5104885795458
259.2649186848199

2.484574431400293

   0.09489927630044005   -0.03827105744261423    -0.1101513691685641    0.04383503042043022    0.01188629090226013  -0.004844086300945472 -0.0003930547185011177 -0.0001088413015486026  0.0008375953211515409 -0.0001358392181047413  0.0009055320577805891 -0.0003315093930409183

-8.061904305963041e-05  0.0002873713265241773  0.0001388326689876926    0.01002552937914083  -0.006510681417469848   0.004166892742839256 -0.0007580201828395328   7.17953174459385e-05  -0.006288490093339802  -0.002113470943944098    0.04573071427989869   -0.05678454102444552

cov:
    0.9058931899737815      2.392675371483754   0.007483331614871586    0.02303524204027734     0.0342121594993369    0.06391996541212859 -0.0001039302535165879    -0.1361234478829062    0.06506287021987292    0.06395444069920007  -0.001012193666157538   0.008396831658793425
     2.392675371483754      9.687669132846834    0.06102687491095312      2.213918083581805    -0.5996258505753466      0.182474338689226   -0.05118647093574649    -0.2187548696465682     0.3341611652701819     0.2896284061743233   0.004425485129220515    0.01998120015525729
  0.007483331614871586    0.06102687491095312     0.1257635048367382     0.3490181713856046   -0.01965623830897903   -0.01495226977561358    0.01356610728142406   -0.02621243867163328  -0.004045115389136833  0.0004316915556463342  0.0001170318303304746   0.005843456593692841
   0.02303524204027734      2.213918083581805     0.3490181713856046      3.165921313014021    -0.9210449211622738    0.02058873580216461   -0.02745464965484403    0.08640449101130668    -0.6787256310111228    -0.6124230218432659   -0.01097469877011973     0.1902298633744018
    0.0342121594993369    -0.5996258505753466   -0.01965623830897903    -0.9210449211622738      0.450496900075978     0.2086484202358941    0.02588233658043795   -0.06275498469760694     0.3526704884861983     0.3127347819852408   0.005544315726591592   -0.07071511086731104
   0.06391996541212859      0.182474338689226   -0.01495226977561358    0.02058873580216461     0.2086484202358941     0.5897450818234727  0.0003339109185742496  -0.001735939607004327    0.01441761026996892   -0.00368391697730067  -0.003073539821021029    0.04349559435990646
-0.0001039302535165879   -0.05118647093574649    0.01356610728142406   -0.02745464965484403    0.02588233658043795  0.0003339109185742496    0.03323810094471764   -0.05396253982016499   0.006721150121482373   0.006888208293659164  -4.61492325566656e-05   -0.01096805138841714
   -0.1361234478829062    -0.2187548696465682   -0.02621243867163328    0.08640449101130668   -0.06275498469760694  -0.001735939607004327   -0.05396253982016499      0.707703192706283     0.0422485277412503   -0.03541051554175906   0.001512611720722447   -0.01377446577067133
   0.06506287021987292     0.3341611652701819  -0.004045115389136833    -0.6787256310111228     0.3526704884861983    0.01441761026996892   0.006721150121482373     0.0422485277412503      2.318158617046135      2.047762716267028    0.03056886161155813   -0.05325153273789258
   0.06395444069920007     0.2896284061743233  0.0004316915556463342    -0.6124230218432659     0.3127347819852408   -0.00368391697730067   0.006888208293659164   -0.03541051554175906      2.047762716267028      2.571540644703332    0.02488742227929784   -0.05727032757258298
 -0.001012193666157538   0.004425485129220515  0.0001170318303304746   -0.01097469877011973   0.005544315726591592  -0.003073539821021029  -4.61492325566656e-05   0.001512611720722447    0.03056886161155813    0.02488742227929784    0.03045418338314474  -0.004169315863027494
  0.008396831658793425    0.01998120015525729   0.005843456593692841     0.1902298633744018   -0.07071511086731104    0.04349559435990646   -0.01096805138841714   -0.01377446577067133   -0.05325153273789258   -0.05727032757258298  -0.004169315863027494     0.7757625159843621

cov.inverse():
    32.40672820465964    -12.37242295008626    -139.7759785119526     56.16119684532656     109.6367997998563    -43.97732304986732   -0.8389912883429425  -0.09925684020747383    0.5252189523374357    0.1805206119215051    -1.454473227970653   -0.2632093442618513
   -12.37242295008621     4.899455236404354     55.65177939139828    -22.37233642818968    -43.73757579133646     17.49197928042718    0.5168134933286932    0.1415704534482367    -0.217226711514598  -0.06749106107856355    0.6093089698378166    0.1001264551049129
   -139.7759785119517     55.65177939139807     727.1564955331003    -288.6291475755132    -580.7908108475467      232.002778507294     2.698192592335459     1.663945373471355    0.2876697398138952    -1.008890076835562     9.998314746929683   -0.5047730608441203
    56.16119684532634    -22.37233642818963    -288.6291475755133     115.9197215131088     233.4736115070558    -93.15994097133365    -2.644029099021695   -0.6444467763275324   -0.1233711255153612    0.3906627078847936    -4.050151576779084    0.1725386444825287
     109.636799799856    -43.73757579133638    -580.7908108475464     233.4736115070558     476.6516050273765    -189.9415966219052    -7.732882552898343    -1.083519111355143    -1.282517414489944    0.7933446570272544    -8.765944827025532     0.957052506061886
   -43.97732304986705     17.49197928042712      232.002778507294    -93.15994097133364    -189.9415966219052     77.42473874718165     2.791391497879413    0.4183858175758829    0.4319055542835683   -0.2824312588643382     3.644809228753858   -0.4577583218052315
  -0.8389912883428567     0.516813493328659     2.698192592335009    -2.644029099021517    -7.732882552897982     2.791391497879267      37.9796280718439     2.657793894240793  -0.02617204108520563    0.2365892625736604    0.4317253630752129     0.364554871696093
 -0.09925684020747348    0.1415704534482367     1.663945373471358   -0.6444467763275337    -1.083519111355146    0.4183858175758839     2.657793894240792      1.70771980749602    -0.213732075104257     0.153661167159312 -0.003176533729051011   0.08525106416170633
   0.5252189523374102   -0.2172267115145877    0.2876697398140298   -0.1233711255154156    -1.282517414490055    0.4319055542836125  -0.02617204108519897   -0.2137320751042564     1.653912774959771    -1.179375803952807   -0.4179752312766184  -0.09307591823303679
   0.1805206119215405  -0.06749106107857789    -1.008890076835754    0.3906627078848706    0.7933446570274109   -0.2824312588644006    0.2365892625736591    0.1536611671593115    -1.179375803952807     1.328676890482674   0.08146916314262989   0.02338318671408158
   -1.454473227970658    0.6093089698378192     9.998314746929722      -4.0501515767791    -8.765944827025567     3.644809228753873    0.4317253630752192 -0.003176533729048789   -0.4179752312766201   0.08146916314263561     33.52955590125629   0.07805234734491885
  -0.2632093442618568     0.100126455104915   -0.5047730608440933     0.172538644482518    0.9570525060618648    -0.457758321805223    0.3645548716960927   0.08525106416170636  -0.09307591823303665   0.02338318671408123   0.07805234734491925     1.366148162370975

cov*(cov_.inverse()):
     1.000000000000005 -1.033374774639384e-14 -1.314686207121163e-13  1.016027539879616e-14 -1.237551727761854e-14 -3.454441593886415e-14  3.252606517456513e-16 -1.651239908695423e-16 -2.059984127722458e-18   2.37548695991574e-16  6.867336560523185e-16 -2.775557561562891e-17
 1.909930547050465e-15     0.9999999999999966 -5.740199982007255e-15 -4.303545367290162e-14 -9.020562075079397e-16  7.575537419590717e-15  5.117434254131581e-16 -1.301042606982605e-17  1.821459649775647e-17 -7.692414413784654e-17  4.636048489548017e-16 -3.469446951953614e-17
 1.102633609417758e-15  2.095871219631729e-15       1.00000000000001  6.314176612121081e-15 -3.874244675072802e-14  1.656660919557851e-15  3.430415673744136e-16 -2.949029909160572e-17  1.463672932855431e-17  5.719166459861036e-17  1.430604766594623e-16  -2.42861286636753e-17
 3.387568003887509e-14  1.365921264984138e-14  1.511846203783307e-13     0.9999999999999798   8.47655279301307e-14  2.355060590986113e-14 -9.436895709313831e-16 -1.630640067418199e-16 -3.851086116668512e-16  1.127570259384925e-17 -2.730454751187494e-15  1.110223024625157e-16
 1.856154119295184e-15 -2.968979229134305e-15  -7.20951076615961e-14  6.694297893794499e-15      1.000000000000004  -1.58345558887163e-14  -1.52655665885959e-16  -4.77048955893622e-17  8.326672684688674e-17 -1.045170894276026e-16  8.187894806610529e-16 -5.551115123125783e-17
 4.662936703425657e-15 -1.538699723191428e-15 -3.228320388792838e-14  2.802445775440532e-15  4.385380947269368e-15     0.9999999999999974  3.816391647148976e-17 -9.540979117872439e-18 -5.117434254131581e-17  2.580401170515501e-17 -4.245735707453235e-16  4.163336342344337e-17
 1.292802670471715e-15 -1.454999315475547e-16 -8.268559448243451e-15  3.618416330453122e-15 -4.544975507059235e-16 -2.891784034453337e-15                      1  5.139118297581291e-17  -1.35308431126191e-16 -2.309350627394124e-17 -1.474514954580286e-17  8.673617379884035e-18
 5.287437154777308e-15 -4.425713268085829e-16 -4.213643323147664e-15  6.892923731793843e-15  3.170207152347615e-14  1.133641791550843e-15  2.411265631607762e-16                      1 -5.290906601729262e-17  6.001059024707267e-17 -7.036472099430924e-16  1.734723475976807e-17
-6.314393452555578e-15  4.050579316405845e-15  5.570197081361528e-14  7.667477763817487e-15 -5.079270337660091e-15  2.072994553792284e-14  2.463307335887066e-16 -5.637851296924623e-17                      1 -4.393187202911264e-16  5.039371697712625e-16 -4.163336342344337e-17
 4.767020111984266e-15  2.940356291780688e-16  2.282896094385478e-15  6.040307143351242e-15  2.790823128151487e-14  6.800116025829084e-15 -6.591949208711867e-17 -2.645453300864631e-16  1.006139616066548e-15     0.9999999999999989 -5.334274688628682e-16 -1.387778780781446e-17
 1.095044194210359e-16  8.066464163292153e-17  7.259817746962938e-16  3.004324219957333e-16  6.513886652292911e-16  1.040834085586084e-17  -2.53703308361608e-17  5.957690937807847e-17  1.669671345627677e-17  8.672262127168429e-17     0.9999999999999999 -8.673617379884035e-19
-2.636779683484747e-15  2.359223927328458e-16  1.887379141862766e-15 -2.192690473634684e-15 -1.232347557333924e-14   1.77635683940025e-15  2.775557561562891e-16 -4.163336342344337e-17 -2.775557561562891e-17 -3.469446951953614e-17   1.52655665885959e-16                      1
