12
1

0.04935180132846874
 0.2239025253648783
 0.5659985859149455
 0.7003985827044776
 0.9798955032032661
  1.042558860197953
  1.557109752636869
  1.821433051721533
   1.96682369689597
   2.40184982797049
  3.481982971069884
  7.335078869310058

   -0.3798807880860889     0.2151290123097945     0.7115211351052383    -0.4002382184939914    -0.3293957434409097     0.1856108243061752  0.0002043294672218586   0.000101791305102231 -0.0003552118320822762  0.0001426799172839234  0.0009463375434096964  -0.001763395773692995
   -0.4599349324808921     0.2439142812616876     0.0895874268355803   -0.04570563116102527     0.7196987938568065    -0.3877063944666213    -0.1471903168659144    0.08493359282540322   -0.07992170474453243    0.02817560720704395    -0.1001806364309792    0.06687270824858933
    0.1663935950566068   -0.05781158056219012    0.08601754819425943   -0.03040928755628433  -0.007804383832235852  -0.001380371438511267    -0.7972659795372252     0.2871147970717107     0.3617764018075588    -0.2998226896662915     0.1211433704909236   -0.08405331816925678
      0.18215587121194   -0.05483867834063678     0.0893986388398524    -0.0293129223651119    -0.0230631589685672   -0.01414563249994931    -0.3715659427964143    0.09955347670619226    -0.5687488557778791     0.6530758723248972     0.1695783140916824    -0.1658803199123067
   -0.6707451682367466   0.007805965493569191    -0.5457752724996876    0.02205620716886359    -0.3984955838586164    0.05178044738701153     -0.252850631605086   0.001727567809546611  -0.007720133547269587     0.1210596468205124     0.0206900537890463     0.1054674048550241
    0.1618285630723361    0.02096892791288338    0.07829815066191087   0.006754114235696333   -0.03574388530810359    -0.0333626464430869   -0.09205384480257332    0.00862943379721611   -0.02814185084594344    0.09023557404332938     0.0849751227043028     0.9695882315313881
   -0.2077421931915471    -0.2921589876863093    0.02913704226192376    0.02438466137589541     0.2141796594473894     0.2300228802671283      0.187676481950868     0.1823170690074087   -0.08900281225822021    -0.1646773864501846     0.8170816423725867    0.01160810679549267
   0.07403753515306671     0.1655418466492152     -0.105209060142324    -0.1435517869425156    -0.1684147484080769    -0.2461199171460532     0.3048200775375827     0.8466926960873344       0.12416992749164     0.1446879232481039   -0.01665212480639728  -0.008116456327492338
   -0.1791211167751374    -0.4240783295334376      0.173874837704011     0.2846728647473845     0.2215846574254725     0.4679107492810092    0.02121793129727382     0.2259814602931496     0.3078303517473242     0.3710175443637622     -0.349414651337762    0.05234409115984886
     0.155616076033639     0.2438258078207428    -0.3505556436341219    -0.6434703051854848     0.2985652475520534     0.5225333411862759   -0.01807317982926338   -0.02384539560245162     0.0776374656927247    0.09334706242042569   -0.03052844743599862    0.02526936324812571
  -0.04260037198705881    -0.3530800351442585   -0.03055118797448419    -0.1506311228838381   0.007324535469524602     0.1291708374083737   -0.04342144577736447     0.2638935760088326    -0.6060107222779327    -0.4902364265028593    -0.3846153093021925    0.07824899882240823
   0.02100917806954073     0.6408239231646684    0.01861119109012397     0.5444448192524606    0.01821665856672535     0.4348377652567713   -0.03785922228689369     0.1701732746432257     -0.216858562929264    -0.1589144258323325   0.005509039502486703  -0.004123452999199344

22.70217865010861
 33.7719168917724
35.54407412272229
56.46478839037579
50.57651050985881
83.07014752565514
67.66870054305819
113.1708304126202
76.90200202374552
130.9646782562738
106.5727886381517
183.5329820147704

1.765035372708408

   0.07104894073101599   -0.04020713876777481    -0.0136763483305909   0.007698725017295543   -0.05772798325219805    0.03260464342907175 -0.0003095079778538531  0.0001440880274448258 -5.625970475737108e-05  8.412669346500928e-05  0.0003174929008575519 -0.0002021148019202601

-5.695509424917596e-05  -0.004924526871517385   0.004305414828220474   0.007295776399691683   -0.01494885952031841    0.01139251350419309   -0.01908560725733436   0.002205619092304321    0.02522602180155673   0.005108497174688089     0.1712291041006898    -0.3858911886092124

cov:
   0.9289498175231435     1.592142929601841  -0.06375929586062487   -0.1450706209278131    0.2136492971393719    0.3615814855793437  0.003395615100612371   0.01685389298240813  -0.03007212787517495 -0.001592395518793338   0.02948169221779297   0.01527594307672577
    1.592142929601841     24.94883139679956  -0.08912164577712725     17.94913788812583    0.4145599768809356     14.10426244102683      -1.1262464455339     4.662487613986628    -5.140363892043502    -3.670464056160204     1.772808112289176   -0.5104219644720607
 -0.06375929586062487  -0.08912164577712725     1.195222218796357     2.131569502904204   -0.1580833311969305   -0.2843218084843206   0.02160475317474864  0.002711093422215142 -0.005944670428980197  -0.01415716589440552   0.04494873495109413  -0.02740270185696412
  -0.1450706209278131     17.94913788812583     2.131569502904204     18.99715836501637   -0.2607986865702815     11.20995609291648    -1.065912535366127     4.443528688297028    -5.254822848000289    -3.779657555563406    0.6462430314992259   -0.2828967778239475
   0.2136492971393719    0.4145599768809356   -0.1580833311969305   -0.2607986865702815     1.108387846789568     1.963226367455685  -0.02554605174295526  -0.03531697267620078   0.02232078641241376   0.05770876580848369   0.03571019472131257    0.0283383697310193
   0.3615814855793437     14.10426244102683   -0.2843218084843206     11.20995609291648     1.963226367455685     13.13849015763241    -1.117488794409522     4.139405739917382    -5.376461099928212    -3.744908041682872   -0.7299871172901482    0.1800657411831297
 0.003395615100612371      -1.1262464455339   0.02160475317474864    -1.065912535366127  -0.02554605174295526    -1.117488794409522    0.8403002953724812    0.3812874214327283    0.8795558401239465    0.5928015965893551    0.4460892643524449   -0.1054679765690368
  0.01685389298240813     4.662487613986628  0.002711093422215142     4.443528688297028  -0.03531697267620078     4.139405739917382    0.3812874214327283     5.093916967784637    -3.351711843055766    -2.372900180644645    -1.147150762652521    0.2309401276530722
 -0.03007212787517495    -5.140363892043502 -0.005944670428980197    -5.254822848000289   0.02232078641241376    -5.376461099928212    0.8795558401239465    -3.351711843055766     7.656396208074752     5.814162360619471     2.113078085786378   -0.4531821383849002
-0.001592395518793338    -3.670464056160204  -0.01415716589440552    -3.779657555563406   0.05770876580848369    -3.744908041682872    0.5928015965893551    -2.372900180644645     5.814162360619471     5.251531074449654     1.440067169846491   -0.2872503940920546
  0.02948169221779297     1.772808112289176   0.04494873495109413    0.6462430314992259   0.03571019472131257   -0.7299871172901482    0.4460892643524449    -1.147150762652521     2.113078085786378     1.440067169846491     3.920027003306974   -0.3436156256932089
  0.01527594307672577   -0.5104219644720607  -0.02740270185696412   -0.2828967778239475    0.0283383697310193    0.1800657411831297   -0.1054679765690368    0.2309401276530722   -0.4531821383849002   -0.2872503940920546   -0.3436156256932089     1.138467961974097

cov.inverse():
    64.14848307858465    -35.78775166037222     -111.349379196735     62.76834073885432     45.00916216375435    -25.47292065512292    0.9187543074424591   -0.6176128974761759    0.7668409304596855   -0.2607690900654866    0.8419168760602586   -0.3762445595686589
   -35.78775166037214     20.32362662918507     63.21236220511441    -35.62273596916216    -25.63869843195808     14.44189496708509   -0.5261933377584569    0.3483055502194081   -0.4210184247550066    0.1362322890668018    -0.493850335844062    0.2140802928065312
   -111.3493791967335     63.21236220511374     208.4075920976182     -116.973029997939    -94.72415943728851     53.49524343900525   -0.3532995415915555    0.2627298829753776   -0.2451751788763931   0.07384977760958211    0.1526932233406712   -0.4375302903905284
    62.76834073885369    -35.62273596916179     -116.973029997939     65.92390934395975     53.45819712634002    -30.15378614849427    0.1845500803185231    -0.144340007718569    0.1435876704681881  -0.04289950725949099   -0.0933403002764791    0.2556338929073074
    45.00916216375256    -25.63869843195714    -94.72415943728637     53.45819712633885     55.10361437471688     -30.6011151679121    -1.994493439844623      1.17791382950474    -1.070213708287616    0.3124248866323685    -1.537282499709751     1.138488666440728
   -25.47292065512197     14.44189496708457     53.49524343900408    -30.15378614849362    -30.60111516791211      17.2964406038826     1.152583396054254   -0.6695245421795054    0.6247084271810225    -0.200340338336335    0.8696462578477708   -0.6593584799548874
   0.9187543074425709   -0.5261933377585208   -0.3532995415917694    0.1845500803186435    -1.994493439844523     1.152583396054196     2.815034898812402    -0.948337998128418   -0.2222356442598278    0.1334294236307703  -0.08709657115006597   0.02853283172606904
  -0.6176128974762551    0.3483055502194533    0.2627298829755301   -0.1443400077186549     1.177913829504667   -0.6695245421794638   -0.9483379981284173     0.670873243140149    0.1019454050348301  -0.05284578464895602  0.002565268779482176   0.01555807678069777
   0.7668409304597962   -0.4210184247550699   -0.2451751788766097    0.1435876704683102    -1.070213708287508     0.624708427180962   -0.2222356442598294    0.1019454050348307     1.260831383401584    -1.076623939910265   0.05777407751716832  -0.03502431314464442
  -0.2607690900654976    0.1362322890668082   0.07384977760960891  -0.04289950725950618    0.3124248866323505    -0.200340338336325    0.1334294236307714  -0.05284578464895656    -1.076623939910264     1.263520660128171 -0.008899508613700839 -0.009761698846760099
   0.8419168760604335   -0.4938503358441609    0.1526932233403504  -0.09334030027629836    -1.537282499709609    0.8696462578476906  -0.08709657115006458  0.002565268779481187   0.05777407751717002 -0.008899508613701715     0.631444121339194   -0.1487634989260597
  -0.3762445595687868    0.2140802928066034   -0.4375302903902941    0.2556338929071754     1.138488666440624   -0.6593584799548289   0.02853283172606844   0.01555807678069832  -0.03502431314464555 -0.009761698846759486   -0.1487634989260599     1.046524518104748

cov*(cov_.inverse()):
      1.00000000000032 -8.172802712369531e-14 -3.084251604112964e-13  1.084072068224806e-14  1.460671861241991e-13 -3.699991701910932e-14  5.559788740505667e-16  -3.49628095572263e-16  6.845652517073475e-16 -2.874491009802194e-16 -8.261620554339544e-16  6.696032617270475e-16
 3.802513859341161e-14     0.9999999999999892 -4.199418590644655e-14 -5.137557046452912e-14  8.071321389024888e-14 -1.254552017826427e-14  1.011343786494479e-15 -1.960237527853792e-16 -8.222589276130066e-16  6.513886652292911e-16  1.179611963664229e-15  8.881784197001252e-16
-4.747938153748521e-14  8.348356728138384e-15      1.000000000000011  1.934997301278329e-14 -1.340594302234877e-14  6.574601973952099e-15  -3.67544536472586e-17  7.063577153743061e-17 -1.111307226797642e-16  1.802486111757151e-16  8.847089727481716e-17 -1.491862189340054e-16
-1.230821000675064e-13  4.371503159461554e-16   3.62834762235309e-13      1.000000000000065  2.825517597671023e-14 -4.038436252074007e-14 -7.788908407135864e-16 -1.942890293094024e-16   7.28583859910259e-17  7.368237964211488e-16   9.71445146547012e-16 -1.110223024625157e-16
 3.606837051250977e-14  2.197894644062615e-15   9.46985545535739e-15 -2.556722195068417e-14      1.000000000000006  8.004014118156988e-15 -2.767968146355493e-16  9.042246118529107e-17 -3.885780586188048e-16  3.042813397080568e-16 -3.729655473350135e-17  7.702172233337023e-16
 1.016964290556643e-13 -5.757200272071827e-14  6.847300504375653e-14  5.940387071134978e-14  1.037225860756052e-13      1.000000000000029 -3.920475055707584e-16 -1.382574610353515e-15 -8.847089727481716e-16  4.180683577104105e-16  1.283695372222837e-16  2.609024107869118e-15
-1.189326415129699e-14  8.271161533457416e-15  4.787836793695988e-15 -1.562985851855103e-14 -1.239286451237831e-14 -4.163336342344337e-17                      1  1.951563910473908e-17  3.733992282040077e-16 -3.642919299551295e-17  -4.85722573273506e-17  -9.71445146547012e-17
-3.316791286067655e-15 -2.704086954352647e-14  7.008282842946301e-15 -9.214851104388799e-15  4.019007349143067e-14 -3.211320098728265e-14  2.602085213965211e-18     0.9999999999999993  3.087807787238717e-16 -2.853620117981848e-16  8.257283745649602e-16 -8.326672684688674e-17
 2.595146320061303e-14 -2.185751579730777e-14 -8.548717289613705e-14  2.370326157574709e-14 -1.509903313490213e-14 -2.220446049250313e-14  9.367506770274758e-17  5.074066167232161e-16      1.000000000000001  1.098079960293319e-15 -4.996003610813204e-16 -4.996003610813204e-16
 3.134992265785286e-14  1.187938636348917e-14 -4.340972026284362e-14  6.925016116099414e-15 -4.163336342344337e-15 -2.137179322403426e-15  1.387778780781446e-16  1.101549407245273e-16  1.436351038108796e-15     0.9999999999999988 -4.302114220422482e-16 -4.440892098500626e-16
 9.908740494779522e-15 -6.925016116099414e-15  2.403632848313464e-14  1.877664690397296e-14  6.217248937900877e-15  4.718447854656915e-16  6.886852199627924e-16 -2.619432448724979e-16  8.448103328007051e-16 -7.546047120499111e-17                      1                      0
 1.498801083243961e-14 -2.997602166487923e-15 -1.620925615952729e-14  6.106226635438361e-16  2.886579864025407e-15 -1.887379141862766e-15  1.387778780781446e-17  3.122502256758253e-17  6.938893903907228e-18  5.551115123125783e-17 -1.942890293094024e-16     0.9999999999999998
