12
1

0.02658139704233125
 0.1421432140561139
 0.3063793760957391
 0.4740989684132069
 0.5630016884628598
 0.6660060617416372
 0.8095209076990856
  0.884586779489796
  1.258834956911652
  1.563228816475898
   2.25408466328638
  3.312075701179765

   -0.1370995051649559    0.05450108729695194     0.7145153898150567    -0.2852043729981065    -0.5770229068029512      0.230583998699679  0.0008374392077926954  -0.001038120639929533  0.0006872603907481192 -0.0003958334287952709    0.01523640913023788 -0.0007803220400952099
   0.01538986409335456  -0.004271090445839432   -0.01290640150399959   0.004611251380328914   0.004367044031597818  0.0008426011707488165  -0.009748504406345041   0.002286830308897874    -0.0177137463569225   0.005327501472002109     0.9995470353386778 -0.0007694887363905098
   -0.5644981505421988     0.1916534437891103     0.4309447215095847   -0.03800268320956179     0.6069926808686602    -0.2439722250809993    -0.1190987833167594   0.006269602024502796     -0.102095032049155    0.02522775125017085   0.009733607120497905    0.06412699232071559
    0.7139459204961472    -0.2064694780293742     0.5237609836691086     0.1806930826916364     0.2968657480850092    -0.1830687218666764    0.07445828901668368   -0.05178065581231959    -0.0954236236732129    0.02256671588086789  -0.008080661312301901   -0.03357223500323496
   0.08944314853622022   -0.02037297262143508    0.07171382473297211    0.04299420047499694    0.03762923934300281   -0.01545688826638724    -0.4848498560541333     0.4775794825557307     0.5586717390598944    -0.4459366570232303   0.005640289474334106      0.093657056035498
   0.08909049001646434   -0.01850438115714495   -0.06208787232886236   -0.05654185869405197   -0.03312240079766805     0.1041173156561284    -0.5274144230217334     0.4779420908524175    -0.5863032219199145     0.3162796388136533   -0.02036208505487706    -0.1481133675547108
  -0.02962225715002241    -0.0252830724366579    0.06364418594151254     0.1639156145651907     0.3477340476789349      0.862354525607928    0.04345802641230086   -0.05104652613324115    0.07586999381451248   -0.04927897873684878  8.392068590433075e-05    -0.3005179738984697
   0.08349348333486385   -0.01763506404655167   -0.01482927639825441   -0.02889465706849138     0.0964438959191912     0.3092939068570317   -0.01593341380840057   0.005807975647228013   -0.07777207293107033     0.1309923943181516  -0.003631046034925638     0.9290805103880448
  -0.02971420520315212   -0.01780821475252815    0.05360823057614629     0.1578825967172994   -0.02126014772140097   -0.03765514022703055   -0.08537395132344457    0.04351897726486317     0.5359118907961158      0.818705432255895   0.004633275835617669   -0.04944748329704153
    0.2701444203889783     0.1944386247140212    -0.1100847954962239     -0.765081077049635     0.2121478007120104    0.03936100167287158    -0.2923448892764737    -0.3582090723013327      0.142752236622843    0.06630799028106485  -0.002098425393060684   -0.08144501889859605
  -0.07528860665178572   -0.09912254866499944     0.0282072435526636      0.407733808603538    -0.1628087407876327   -0.01196349677521896    -0.6097558210968327    -0.6385371436166744   -0.06520384676951037   -0.07480936327723221  -0.005273685801948216    0.03750184110707942
    0.2219792561228226      0.931662069141759    0.01434719282818958     0.2743564605969904   -0.07587681838735845    0.01691163111831942    0.01521416748170513    0.01362127268298701   -0.02559411261970422  -0.008616995480169545 -0.0004842318585215395    0.00798992306437893

22.49616077364048
 44.3725839421586
49.86328721278409
112.5127101517623
56.65999006135972
129.4683170723148
79.67104608440246
187.2505316363481
91.52951420842946
 218.371471108364
107.5124359358727
259.2647633279109

2.48451571835131

    0.0948357021815807   -0.03823710476860027    -0.1095867207465564      0.043593363616198    0.01124651804714043  -0.004622492611323643  0.0008113524446260473  -8.80209499587373e-05  0.0002680321910086606 -0.0001041861091133035   0.001319980778022796 -0.0003300227111788758

-8.009283333738311e-05  9.273257471803338e-05   -0.00956767068309285   0.006811542629010588    0.00111217193630351   0.005324450750383562  -0.001036945297673058   0.006458359426986636  -0.001880224776196748  -0.002566562974072355    0.04618631249322133   -0.05610263630298827

cov:
   0.9056573429251081     2.390519287196804  0.007466542918171133   0.02456078005412377   0.03340513994173233   0.06418587711856302   0.06311285477814411   0.06406711712490934  0.007829158932213195   0.02451353420153793 -0.003151993453971671    0.0082230145754804
    2.390519287196804     9.678550899487043   0.06127701184615047     2.219434750967398   -0.6020216545273994    0.1834348822419695    0.3274490590030985    0.2856437710187123   -0.1724191537082052  -0.04329018022993744 -0.002776888209689141   0.02094958678108656
 0.007466542918171133   0.06127701184615047    0.1260922907012508    0.3501403267117635  -0.01978996863986318   -0.0149862630842962 -0.004150745149826972 0.0003431784341398242   0.01130516147137574   0.02088781273322557 5.017734097829382e-05  0.005876087426685302
  0.02456078005412377     2.219434750967398    0.3501403267117635     3.168105731846774   -0.9210758320574008   0.01930884173573923   -0.6771042783536932   -0.6144488881053504    -0.316207610329862    -0.121488443062564 -0.006894362449993412    0.1917487636187762
  0.03340513994173233   -0.6020216545273994  -0.01978996863986318   -0.9210758320574008    0.4506169281235956    0.2094231502191429    0.3519010846379083     0.314082737903089    0.1457030574713016   0.06748316647253132  0.003730473406268156  -0.07188941925863825
  0.06418587711856302    0.1834348822419695   -0.0149862630842962   0.01930884173573923    0.2094231502191429    0.5901302158449822   0.01524613280036973 -0.001432859954220593  -0.01852871215107765  -0.02038682374952916 -0.001917860713608578   0.04196035153069712
  0.06311285477814411    0.3274490590030985 -0.004150745149826972   -0.6771042783536932    0.3519010846379083   0.01524613280036973     2.313942477589334     2.042876049133701   0.07723254679560383   0.06379683409688812   0.02063337457926568  -0.05114156941005676
  0.06406711712490934    0.2856437710187123 0.0003431784341398242   -0.6144488881053504     0.314082737903089 -0.001432859954220593     2.042876049133701     2.566186219651314   0.07815339349917905    0.2413788026762833    0.0158574057920766  -0.05511033610760841
 0.007829158932213195   -0.1724191537082052   0.01130516147137574    -0.316207610329862    0.1457030574713016  -0.01852871215107765   0.07723254679560383   0.07815339349917905    0.7966472732479856    0.5732426554378345   0.01132751699700931    -0.101343862245522
  0.02451353420153793  -0.04329018022993744   0.02088781273322557    -0.121488443062564   0.06748316647253132  -0.02038682374952916   0.06379683409688812    0.2413788026762833    0.5732426554378345     1.224757699252452  0.003782270005036962  -0.02145799928997704
-0.003151993453971671 -0.002776888209689141 5.017734097829382e-05 -0.006894362449993412  0.003730473406268156 -0.001917860713608578   0.02063337457926568    0.0158574057920766   0.01132751699700931  0.003782270005036962   0.02060310072376005 -0.002039810458665981
   0.0082230145754804   0.02094958678108656  0.005876087426685302    0.1917487636187762  -0.07188941925863825   0.04196035153069712  -0.05114156941005676  -0.05511033610760841    -0.101343862245522  -0.02145799928997704 -0.002039810458665981    0.7757049854749924

cov.inverse():
    32.3657196844617   -12.35479963991689    -139.588824814752    56.04790442964756    109.2819466598166    -43.8389041286263   0.5150282216541213   0.2040054439355552   0.1983671294123709 -0.05236178787253116   -2.282387676664898  -0.2405274400746365
  -12.35479963991686    4.885973378529474    55.50254903351476   -22.29707022668338    -43.5455456667311    17.41751253477275  -0.2021728331718255 -0.08436584083991078 -0.07222858810737505  0.01034001953617717   0.9916643247702615  0.08657846563603068
  -139.5888248147524    55.50254903351493    725.7949308247964    -288.091050402716   -580.0015284277199    231.6862343463642    0.455377321054262   -1.092965023380794   0.2438443189649794  -0.3634317807440058    14.79951664710964  -0.5750875752810878
   56.04790442964765   -22.29707022668343   -288.0910504027159    115.6332346777263    232.9160947369674   -92.95019861496857  -0.1847843981014389    0.431847602857151  -0.1416382506392771    0.105543260061079   -5.928228851270737   0.2077376146488171
   109.2819466598168    -43.5455456667312   -580.0015284277201    232.9160947369675     475.773260259721   -189.6360104280366   -1.359686668189174   0.8037511832701151    -1.20305629576002   0.4280169610169718   -12.17282964114401   0.9769795679163213
  -43.83890412862642     17.4175125347728    231.6862343463644   -92.95019861496863   -189.6360104280366    77.31641077881361   0.4713020320236588  -0.2940677048522815   0.4605290982441059  -0.1482120375897224    4.988742648588079  -0.4617819691665881
   0.515028221654128  -0.2021728331718282   0.4553773210542198  -0.1847843981014218   -1.359686668189138   0.4713020320236445    1.666208894340223   -1.212600282340807 -0.08168545706461117    0.229469534894161  -0.4629399845051055 -0.09111625330360645
  0.2040054439355727 -0.08436584083991766   -1.092965023380875   0.4318476028571829   0.8037511832701771  -0.2940677048523065   -1.212600282340807    1.386671645365789   0.2176223787441327  -0.3064628247341433  0.08087912211151109  0.03077928427047525
  0.1983671294123617 -0.07222858810737125     0.24384431896503  -0.1416382506392971   -1.203056295760061    0.460529098244122 -0.08168545706461126    0.217622378744133     2.13439276999524   -0.983107786856397  -0.8299138739161097   0.1561573623912658
-0.05236178787253322  0.01034001953617794  -0.3634317807439954    0.105543260061075   0.4280169610169638  -0.1482120375897191   0.2294695348941609  -0.3064628247341434  -0.9831077868563964    1.315087206565262    0.236172481731675 -0.07346123979826739
  -2.282387676664895    0.991664324770261    14.79951664710961   -5.928228851270724   -12.17282964114397    4.988742648588065  -0.4629399845051063  0.08087912211151294  -0.8299138739161098   0.2361724817316745    49.77955250310896 -0.04303548319515572
 -0.2405274400746331  0.08657846563602933   -0.575087575281103   0.2077376146488234   0.9769795679163338  -0.4617819691665929  -0.0911162533036063  0.03077928427047513    0.156157362391266 -0.07346123979826749 -0.04303548319515616    1.372324353197081

cov*(cov_.inverse()):
     1.000000000000004 -5.417649835692817e-15  9.438803905137405e-14 -1.280290977401233e-14  9.558326352632207e-15  2.213810731954702e-14  2.033963275582806e-16  -1.99926880606327e-16 -2.313687436084066e-16   5.99563801384484e-17 -3.435836684606564e-16 -3.816391647148976e-17
-1.110569969320352e-14     0.9999999999999997  2.307529167744349e-14  2.116449376865503e-14 -1.054711873393899e-15  8.371775495064071e-15  5.290906601729262e-17  1.201296007113939e-16 -1.678344963007561e-16  2.168404344971009e-18 -1.984089975648473e-17  1.040834085586084e-16
 5.161236021899995e-15 -2.671474153004283e-16     0.9999999999999937 -2.229553347499191e-15 -2.027891743416887e-15 -9.572204140440022e-15 -3.306816626080789e-17   1.79435459546351e-16 -3.100818213308543e-17 -6.451002926288751e-17 -5.063766246593548e-16 -4.163336342344337e-17
-3.257810687884444e-14  6.935424456955275e-15   9.02333763264096e-14     0.9999999999999938 -7.233103005432895e-14 -2.024769241160129e-14  7.632783294297951e-17    9.8879238130678e-17  2.463307335887066e-16 -2.602085213965211e-17  8.621575675604731e-16 -5.551115123125783e-17
 9.610368056911511e-16 -1.818857564561682e-15  1.374594882364022e-14 -1.965268225934125e-14      1.000000000000021  1.281613704051665e-14 -1.552577510999242e-16   1.99926880606327e-16 -2.081668171172169e-17 -6.591949208711867e-17  9.974659986866641e-16 -8.326672684688674e-17
-8.734332701543224e-15  2.211772431870429e-17  1.024527684911902e-14  2.524022657546254e-15 -5.530298441414061e-15       1.00000000000001  8.239936510889834e-17  4.315124646492308e-17 -1.387778780781446e-17  2.168404344971009e-18   3.41740524767431e-16 -6.938893903907228e-17
-5.185088469694676e-15  4.518087293181594e-15    8.3995310706797e-15 -1.360023205165817e-14 -5.284661597215745e-14  1.632721735589371e-14     0.9999999999999993   2.51534904016637e-17   1.89084858881472e-16 -1.448494102440634e-16  1.128437621122913e-15 -6.938893903907228e-17
 2.992397996059992e-15  1.856154119295184e-15   1.23789867245705e-14 -1.648160774525564e-14 -2.081668171172169e-14  3.729655473350135e-15 -6.557254739192331e-16                      1  8.326672684688674e-17 -1.942890293094024e-16 -5.377642775528102e-17 -4.163336342344337e-17
 4.538036613155327e-15 -4.996003610813204e-16  2.269018306577664e-14 -1.315267339485615e-14  1.339206523454095e-14  1.929012505286209e-15 -3.226585665316861e-16  3.729655473350135e-16                      1 -3.304648221735818e-16  1.621966450038315e-16 -5.551115123125783e-17
  2.82499718062823e-15 -4.336808689942018e-16 -1.172673069760322e-15  2.082535532910157e-15  9.364037323322805e-15  3.729655473350135e-16  -9.84455572616838e-17  1.561251128379126e-17  1.474514954580286e-17                      1 -1.527640861032076e-16 -1.387778780781446e-17
-3.686287386450715e-18  7.958043946043603e-17 -9.432558900623889e-17 -6.440160904563896e-17 -1.669671345627677e-16  5.377642775528102e-17 -4.697305912293448e-17  1.161451577275097e-17  2.195509399283146e-17   -9.0801931945661e-18                      1                      0
-8.604228440844963e-16  -6.38378239159465e-16   1.77635683940025e-15  1.137978600240785e-15  2.442490654175344e-15  4.440892098500626e-16  2.914335439641036e-16 -2.151057110211241e-16  2.775557561562891e-17 -1.387778780781446e-17  1.040834085586084e-16                      1
