10
1

0.04322926985362227
0.04638315149733004
0.05970121123286277
 0.8427357136101111
  1.121741362195034
  1.316264364154478
  1.618024377135043
  3.051957289843367
   3.61139641077691
  7.213080765384368

 0.006789440206773677 -0.001617632865560925  -0.04882187863186321   0.01043293510623007    0.4912541119409231   -0.1001586731751265   -0.7790643100960829    0.1612107379082853    0.3292325871834293  -0.06908186983959481
  0.04690931631682661 -0.009747646024443887   -0.5030351190596749    0.1077283023443279    0.6587115918633383   -0.1393153080187661    0.2568329334499054  -0.05651885636379419   -0.4480487371318441   0.09919605500323743
  -0.6581318526702807    0.1386396133385618    0.5952586531784867   -0.1336083518753196    0.3056716914423362  -0.05690220874573355   0.03343455853154528 -0.005819690552099336   -0.2722332312334934   0.05934434463283145
  -0.7045323749080752   0.05176389365487495   -0.4774260329575562    0.3441069675321172   -0.1381119658982022    0.1179642428130831   0.05932969592435984  -0.06076899928061515    0.3340190117122868  -0.05326676249133292
    0.135530129147907   0.03707678651126573     0.172678844121921    0.4093111426392947    0.1342911075381237    0.6990575993476356   -0.1648086023362916   -0.4685476734246383   -0.1541340652670679  -0.07570709859880954
  0.08963698892157103     0.106825080237749    0.1912248963523681     0.715636595131259  -0.07469152022689077   -0.1583611962302924   0.02167319219814576    0.5639665378046825   -0.2004800396007704   -0.2060912278728987
 -0.08682281310627801  -0.07652662613446592    -0.145244407272162   -0.3481355420145296   0.01022667218854165    0.2770498519054628  0.007369088801759203    0.2250800297839256   -0.2051855075874684   -0.8213607977576464
   0.1039825409983181    0.2683646107854137    0.1302345571316488     0.151671450796787   0.08737651821969737     -0.50891555228243    0.1394779339275097   -0.5437906004835097    0.2205688116592718    -0.496749625860588
  -0.1507917352701835   -0.3655869794483061   -0.1216396091858941   0.08085784798774732   -0.3695619399887118     -0.32021626700487   -0.4657409685847439   -0.2874969457284074   -0.5319231993176539  -0.02545404076887021
  0.02753350554899319    0.8681508563322653   -0.2075222773577484   -0.1470137612013941    -0.210547251624018   0.03682591573002682   -0.2416673591996744   0.02170410022901918   -0.2598750868991975   0.09371190235753517

22.40503145203775
 103.858074167927
27.97252434721119
130.2146305535918
39.63759274678728
185.7137199291386
46.91538663889609
220.3753789345499
55.41408228368097
260.9381228484385

4.773660354846746

 0.05252130209146015 -0.01100735472240339   0.1092612326597989 -0.02474163907031311  0.03410796920082241 -0.01098644701100806 -0.08705447794135859  0.01674063994114144  -0.1195369730478058  0.02055101859596624

7.920338835090615e-05 2.654109694302565e-06 0.0002639559890827889   -0.1075687906124555   0.04495014915245669   0.05751291011470658 -0.007578825138883838   -0.3377855755932985     0.919730728617202     1.022853416376137

cov:
 0.8475469745761869   2.236635841240928  0.3976767296632971 -0.1345002650080879  0.5872522192208655  0.1623454373847254   0.648681810030335 0.05675038693665112  0.7101460127594297 -0.1285146708172843
  2.236635841240928   41.66593771975019  -8.412666487537026   -6.41293865565554  -7.544174305600472   1.870174273810479  -8.349413843594728   1.027038417495245  -8.641645850682954   3.233445493622011
 0.3976767296632971  -8.412666487537026   2.911387852451388   1.984362610697512   3.012843766650837 -0.5528332470172834   3.465685732471561 -0.4178032000653337   3.782055667737839  -1.328342352540846
-0.1345002650080879   -6.41293865565554   1.984362610697512   2.923630140064651   1.277670545508399  -1.398323748261888   1.504185096568687 -0.9994993988427523   1.679136465982981   -1.00435210906576
 0.5872522192208655  -7.544174305600472   3.012843766650837   1.277670545508399   4.206691086805595  0.8599271410440976   4.969084220648327  0.5652693732451421   5.551131463943022  -1.310911717897713
 0.1623454373847254   1.870174273810479 -0.5528332470172834  -1.398323748261888  0.8599271410440976   4.689541585550094  0.6803474699710104    3.41124494816344  0.4767183247891337   2.030293349779449
  0.648681810030335  -8.349413843594728   3.465685732471561   1.504185096568687   4.969084220648327  0.6803474699710104   6.087787108351115  0.8868266107528259   6.818961797522286  -1.679004335216456
0.05675038693665112   1.027038417495245 -0.4178032000653337 -0.9994993988427523  0.5652693732451421    3.41124494816344  0.8868266107528259   4.819467009503994  0.3436492015255345    2.07888719028384
 0.7101460127594297  -8.641645850682954   3.782055667737839   1.679136465982981   5.551131463943022  0.4767183247891337   6.818961797522286  0.3436492015255345   7.946973817867543  -1.596394117610476
-0.1285146708172843   3.233445493622011  -1.328342352540846   -1.00435210906576  -1.310911717897713   2.030293349779449  -1.679004335216456    2.07888719028384  -1.596394117610476   4.612844496974481

cov.inverse():
  123.2947182500454  -25.84967231491189   -120.549771168381   26.80943257535702  -40.14211560419531   7.044324334567252  -3.472976696636952  0.4567464117373954   41.35133718494945  -8.989902056210278
 -25.84967231491175   5.484446526641231   25.46550059177509  -5.603062134235855   8.478440312572673   -1.48917422530303  0.8248477000453411 -0.1071273474601438  -8.813755979029439   1.911853365332784
  -120.549771168372   25.46550059177337   218.6851447196936  -47.85004264324098  -115.6948191694304   25.66741197255462  -34.16836917809447     8.0528303277408   50.44786868251334  -11.43685397009276
  26.80943257535502  -5.603062134235463  -47.85004264324088   11.10616418696406   24.21258146053827  -5.230241845467631   7.241069833537712  -1.701482760522084  -10.33530692815367   2.322016230114151
 -40.14211560422292   8.478440312578442  -115.6948191693615   24.21258146052334   357.0933823396757  -73.80089575930745  -123.3074866079926   24.51575294496219  -74.03800343947761   17.30482098299289
   7.04432433457259  -1.489174225304158   25.66741197254095  -5.230241845464659   -73.8008957593081   15.78545367951895   24.51031976011589  -5.148769439053202   15.68159485114648  -3.759576602694597
 -3.472976696615221  0.8248477000407741   -34.1683691781872   7.241069833557824  -123.3074866078734   24.51031976009094   355.8020833341543  -73.94231851072881  -193.2256005194117   41.19156027718064
 0.4567464117331606 -0.1071273474592537   8.052830327759594  -1.701482760526138   24.51575294493729  -5.148769439047992  -73.94231851072819   15.82194710166799   40.56122466690774  -8.737601941400941
  41.35133718494715  -8.813755979028938    50.4478686825454  -10.33530692816059  -74.03800343955494   15.68159485116245  -193.2256005193646   40.56122466689826   172.3497210064778  -37.30051346420175
 -8.989902056210251   1.911853365332788  -11.43685397009897    2.32201623011548   17.30482098300996  -3.759576602698115   41.19156027716964  -8.737601941398719  -37.30051346420144   8.432967812319907

cov*(cov_.inverse()):
    0.9999999999999858 -1.720845688168993e-14 -1.920685832601521e-13  5.606626274357041e-15  3.370637102761975e-13  1.831867990631508e-15 -2.788880237858393e-13  5.639932965095795e-14 -7.460698725481052e-14 -4.640732242933154e-14
                     0     0.9999999999999822  3.552713678800501e-14  7.993605777301127e-15   1.49213974509621e-13  2.131628207280301e-14  8.526512829121202e-14  3.907985046680551e-14 -8.526512829121202e-14   1.77635683940025e-14
-2.664535259100376e-14  2.042810365310288e-14      1.000000000000082 -3.463895836830488e-14  1.243449787580175e-13  5.417888360170764e-14 -7.815970093361102e-14 -3.552713678800501e-14  -1.70530256582424e-13 -3.375077994860476e-14
 3.019806626980426e-14 -3.996802888650564e-15 -9.769962616701378e-14      1.000000000000018  3.907985046680551e-14 -9.769962616701378e-15 -4.973799150320701e-14 -3.375077994860476e-14 -9.237055564881302e-14  1.953992523340276e-14
-4.085620730620576e-14  5.773159728050814e-15 -4.618527782440651e-14  6.661338147750939e-15      1.000000000000352 -8.881784197001252e-16 -3.481659405224491e-13  3.552713678800501e-14  -1.63424829224823e-13  -1.06581410364015e-14
-2.486899575160351e-14 -2.220446049250313e-15 -5.329070518200751e-14  2.664535259100376e-15   1.63424829224823e-13     0.9999999999999778 -8.526512829121202e-14  3.552713678800501e-14 -2.842170943040401e-14   -1.4210854715202e-14
 6.394884621840902e-14 -1.998401444325282e-14 -3.801403636316536e-13  2.353672812205332e-14  5.506706202140776e-13 -5.062616992290714e-14     0.9999999999996447  1.953992523340276e-14 -4.973799150320701e-13 -2.664535259100376e-14
-7.105427357601002e-15  -1.77635683940025e-15 -7.105427357601002e-15  8.881784197001252e-16 -2.842170943040401e-14  6.217248937900877e-15   1.70530256582424e-13     0.9999999999999858  -1.13686837721616e-13  7.105427357601002e-15
  1.77635683940025e-14 -7.105427357601002e-15 -3.907985046680551e-13  3.641531520770513e-14  4.334310688136611e-13  7.105427357601002e-15  -1.56319401867222e-13 -1.261213355974178e-13     0.9999999999995239   1.77635683940025e-15
                     0  7.105427357601002e-15  3.552713678800501e-14  7.105427357601002e-15 -4.263256414560601e-14                      0    1.4210854715202e-13   -1.4210854715202e-14                      0      1.000000000000021
