10
1

 0.316098564920944
0.7649239735521827
0.9193887238461068
 1.011845165086661
 1.153008883079049
 1.406885826905408
 1.723020896406398
 2.367274001387497
 4.750339711444802
 6.981411673462889

    0.4958338984390671    -0.1774075686109318    -0.7652674036106938     0.3079482447771712    0.07101599192609839   -0.03232877230000345     0.1029248155028982   -0.08695035159439507     0.1084008008588952   -0.07884125648837172
   -0.1240274983596562    0.03275156554213406   -0.03005388532108857    0.03092542266752229     0.2100493631047501    -0.9639130926107513    -0.0824193990283411   -0.01472666348180716   -0.01161383839825384    0.03593046857685411
   -0.7493074097463112    0.03485092553149837    -0.3812275754237418     0.2249429289342346     0.3606912965009268     0.1944741334688876     0.1199795834552044    -0.1324209674947313    -0.1304525949328302      0.156599299439259
    0.1054287451959749    0.00708365477786339    0.04056984978857745   -0.08215716203429417    -0.2542288208018836    -0.1142061922190613     0.7182297361806469    -0.2473865378062787    -0.5040224044488478     0.2677142219983891
   -0.1887579747787567   -0.02451629257362469    -0.0829474238605537     0.1089636999764721    -0.1764713517152776   -0.06262608511440436     0.2668752429210688     0.6001696687500881    -0.2231351553848253    -0.6547797543180817
    0.3384584568582977     0.1392441025987682     0.1567635722084476   -0.03506620121726158      0.731819283108779     0.1214375852042212   -0.07397458899692186     0.0772078411933111      -0.51351577311212    -0.1217136262264347
   -0.1026672285042689   -0.08929301657366155   -0.07125842992984656     -0.181842760104112    -0.1634882265043621   -0.01451910449185365    -0.2632950785748874    -0.6694120748539568    -0.2643937453298598    -0.5736388782254097
   0.04916914350468472    0.09376816419977067      0.334209210761452      0.890668188918691    -0.1636958374275838  -0.006035053281889639    -0.1284695196445843    -0.1466172775246276    -0.1375563438326541  -0.006983342025366235
  -0.02385583025187528    -0.2108131809002659    -0.2379872367364215   -0.05957853540628742    -0.3167880026302303  -0.006796657650786394    -0.5289272869920096      0.278638369455939    -0.5597887185743119     0.3516155811743504
   0.04978097040860616     0.9407397339333999    -0.2482249182349959   -0.06207604856094287    -0.1884795005803843 -0.0007892971099692903    -0.1003844845165761   0.008612492605937794   -0.03716133575271809   0.002057275370936982

22.68034122617313
54.30170378312947
53.45817649559613
131.3300399819083
64.23931229457371
158.1498080078762
88.14219218389455
 219.311085877296
104.5269535582021
260.7811397398165

2.497659260855928

   0.08038701527763741   -0.03221723527039169   -0.08019763214481332    0.03229862379301297  0.0009817796016804116 -0.0001663735950169237  0.0007406391282836624   0.001873752175588112 -0.0008501052397765833   0.000748009938402244

  0.01166350425488624  -0.00427220746937519  -0.01954949494505074  0.002873129245935018 -0.004457551899713719   0.02009138060189809   -0.0218105618598129   0.01388841335519247    0.5098768543055997   -0.4198572935352834

cov:
    0.9721110061250788      2.516043918163767   -0.02441357332555778  -0.006864519272335003   -0.01512691603149165    0.03442231360277504    -0.0178900624559638    -0.0104189209835987  0.0002787419459125135  -0.005400742087365787
     2.516043918163767      44.25441066599521     -10.00693591568211     -2.058693593936418     -6.958789654157815    0.01933230405289641       -2.1080737668312    -0.8329324872421036     0.8129945840182684     -1.433524690016548
  -0.02441357332555778     -10.00693591568211      5.163609431105648        2.6547048028752      3.820204749655255    0.03441530142056261       3.80248680893482     -1.736492057415337      3.132450345765095     -1.804423115838964
 -0.006864519272335003     -2.058693593936418        2.6547048028752      4.889604531310275     0.2869632144219455 -0.0001123939715939813     0.5236104523794501    -0.6968225972391782     0.3452195303479338    -0.2850443865530771
  -0.01512691603149165     -6.958789654157815      3.820204749655255     0.2869632144219455      5.529471726724696     0.2293389177163638      4.619363703547521     -1.618947295359775      3.996851690336614      -2.28838111552867
   0.03442231360277504    0.01933230405289641    0.03441530142056261 -0.0001123939715939813     0.2293389177163638     0.6253740161466018    0.04257145279959604   -0.02491850611893897    0.04217028421454163   -0.02935582347920929
   -0.0178900624559638       -2.1080737668312       3.80248680893482     0.5236104523794501      4.619363703547521    0.04257145279959604      7.753401200066954      -2.73294500606419      6.782789625716157     -3.757683153185936
   -0.0104189209835987    -0.8329324872421036     -1.736492057415337    -0.6968225972391782     -1.618947295359775   -0.02491850611893897      -2.73294500606419      3.775454438853725     -3.011996264748674      2.731470358287085
 0.0002787419459125135     0.8129945840182684      3.132450345765095     0.3452195303479338      3.996851690336614    0.04217028421454163      6.782789625716157     -3.011996264748674       8.31601741109754     -3.828265664617457
 -0.005400742087365787     -1.433524690016548     -1.804423115838964    -0.2850443865530771      -2.28838111552867   -0.02935582347920929     -3.757683153185936      2.731470358287085     -3.828265664617457      4.462059574277017

cov.inverse():
    3.250638528160495   -0.8850877013648839    -3.405086492417562     1.306376131165325    0.1165196478543058   -0.1101461482235977    0.4537192140774354   -0.3868830317664572    0.5564916740012477   -0.4185471523371511
  -0.8850877013648842    0.3529402619037924     1.359358181813566   -0.5210786250994227  -0.04498367184419631   0.02075533238239047   -0.1787952910801107    0.1559944689491999   -0.2238319502784912     0.167708709237458
   -3.405086492417566     1.359358181813565     6.079226087322826    -2.415999115377534   -0.6600114219885028    0.2184692806931502   -0.8274747804782957    0.6896329636880688   -0.8132874817469508    0.5828222731224157
    1.306376131165325   -0.5210786250994226    -2.415999115377534      1.17966995158697    0.3040044366497797  -0.09700193407424219    0.3075701590640191   -0.2193706277894583    0.3258729625200257   -0.2393145416507674
   0.1165196478543058   -0.0449836718441962   -0.6600114219885024    0.3040044366497796    0.6558825462384897   -0.2033841914475087   -0.1202934723126214  -0.07608308548025941  0.008700919867769316   0.02597479293693961
  -0.1101461482235975    0.0207553323823904      0.21846928069315  -0.09700193407424212   -0.2033841914475088     1.666381546534066   0.03444034160500298    0.0293349915152917  -0.00911536758733055  -0.00143224972652546
   0.4537192140774369   -0.1787952910801111   -0.8274747804782974    0.3075701590640196   -0.1202934723126211   0.03444034160500286    0.7337474611723862   -0.1060572270667254   -0.2445977083101857   0.03965227947904072
  -0.3868830317664568    0.1559944689491995    0.6896329636880676   -0.2193706277894579  -0.07608308548025956   0.02933499151529175   -0.1060572270667248    0.5887331120973703   -0.0162854723469668   -0.1879929618900885
   0.5564916740012484   -0.2238319502784912   -0.8132874817469509    0.3258729625200257  0.008700919867769353 -0.009115367587330572    -0.244597708310186  -0.01628547234696707     0.597608096938286  -0.05819757464977893
  -0.4185471523371501    0.1677087092374578    0.5828222731224153   -0.2393145416507672   0.02597479293693984 -0.001432249726525526    0.0396522794790407   -0.1879929618900885  -0.05819757464977884    0.6097402084767358

cov*(cov_.inverse()):
     1.000000000000001  9.519295074422729e-17  3.691057876009651e-15 -9.666746569880758e-16 -2.648163806295845e-16  -1.68220743324704e-18 -5.011453491771123e-16  3.480288973678469e-16 -6.294335712364596e-16 -7.355227538141662e-16
-2.775557561562891e-15     0.9999999999999998  2.775557561562891e-15 -4.996003610813204e-16  1.110223024625157e-16  1.036497276896142e-16 -9.506284648352903e-16  1.110223024625157e-16 -4.440892098500626e-16 -1.221245327087672e-15
 7.771561172376096e-16 -5.551115123125783e-16      1.000000000000003  2.220446049250313e-16  1.249000902703301e-16  2.389581588158052e-16  -9.71445146547012e-17  2.775557561562891e-16  4.996003610813204e-16  4.440892098500626e-16
-2.234323837058128e-15  1.665334536937735e-16  2.609024107869118e-15                      1 -6.418476861114186e-17  9.860818758755663e-17  2.203098814490545e-16  5.967448757360216e-16  1.249000902703301e-16  1.665334536937735e-16
 4.440892098500626e-16 -8.881784197001252e-16                      0  1.665334536937735e-15                      1 -5.204170427930421e-18 -1.665334536937735e-16 -5.551115123125783e-17  6.661338147750939e-16 -2.220446049250313e-16
 5.377642775528102e-17 -3.035766082959412e-17  1.144917494144693e-16 -1.474514954580286e-17 -4.933119884809045e-17                      1 -4.336808689942018e-19  1.561251128379126e-17 -1.322726650432315e-17 -3.469446951953614e-17
 4.440892098500626e-16 -9.992007221626409e-16 -7.105427357601002e-15  2.220446049250313e-15 -2.914335439641036e-16  1.127570259384925e-17      1.000000000000001 -2.220446049250313e-16   6.38378239159465e-16                      0
 1.332267629550188e-15  6.106226635438361e-16 -2.220446049250313e-15  6.661338147750939e-16 -2.775557561562891e-16  6.071532165918825e-18  4.163336342344337e-16     0.9999999999999994  1.665334536937735e-16  2.220446049250313e-16
-3.552713678800501e-15  -3.33066907387547e-16  4.440892098500626e-16 -1.110223024625157e-15  5.134781488891349e-16 -1.127570259384925e-17  2.775557561562891e-17   3.33066907387547e-16      0.999999999999999  8.881784197001252e-16
                     0  1.110223024625157e-16  4.440892098500626e-16 -2.220446049250313e-16 -1.387778780781446e-17 -6.505213034913027e-17 -1.942890293094024e-16  -3.33066907387547e-16  1.110223024625157e-16                      1
