10
1

 0.141923456732627
0.1570921336101878
0.2344545651110595
0.4543401549302549
0.6123134717027906
0.8349377846306582
0.8816486578335526
 1.259030084038112
 1.675330059526884
 3.305142370076806

  -0.03403548844539053    0.01088230347504223    0.06338944715783605   -0.01583597517130602    -0.1302049504701257   -0.00744572935079084    0.02045667583424552  -0.008161815760126003      -0.98841195428188   0.001452815972234763
    0.0423808606234739   -0.01197393596020627      -0.24446314414047    0.03919818254727436     0.9541365791251647    0.06369479219031018   -0.02980022661131491    0.02116244635183753    -0.1448538563401338   0.003095260450160268
   -0.3604959995366336     0.1300578618998818      0.862212440987622    -0.1954751463181147     0.2466362282216784    0.04352834136579782   -0.07471321770399322    0.01480777618588631    0.03784482295220284    0.03935796388510867
    0.8572697343752134     -0.245865053593389     0.4083151843954871     0.1285400442155339    0.04839570513311529     0.1256046283817597    0.00600926300041096   -0.02546818501607704   -0.01515789517756502   -0.04860017231072152
   -0.0492443268216999    0.01882812343253181    0.03813897826811739    0.03599241421054227    0.04278251532988803     0.1139485562109618       0.81406134717046    -0.5378030328294441    0.01881044090356195     0.1654510007670369
   0.03656390693071993   -0.05358063536055434    0.09059327015163242    0.09498055036965936    0.08570745621125994    -0.9257213938612904    0.08813922623395132    -0.1391361176351517  0.0006615985994245951     -0.295178019899731
   -0.1007958873140034    0.02805603962480457  0.0004932658272785652    0.04245400816106874   -0.01004929703711701      0.317277417029725    0.07153645365603152   -0.09929622977290507   0.002993284236150633    -0.9335407589889853
   0.04859779753091715    0.02946830191612922   -0.06401651355220603    -0.2098314029276284   -0.01110751780379039    0.02938746324366669    -0.5342445436648269    -0.8126971276888967  -0.005135787483615456    0.04165707077087612
   -0.2559195262839431    -0.2064607341213623     0.1101060637603611     0.9022025480483813  -0.008529044691496832    0.07955929905092628    -0.1774194002978613    -0.1401010589409278  -0.002711196067718886    0.09094311837359789
    0.2244958824780523     0.9353430326246288    0.01430178620897939     0.2708540041841908  -0.005026361252916194   -0.02033859522707336   -0.02446537080768231  -0.007874406385411118 -0.0004684849642623857   0.008299067025220002

22.49856805949775
44.37616732721223
 49.8630772487703
112.5092294898953
67.65188190986237
158.1591804635729
 91.5311698792657
218.3728346787339
 107.512473145115
259.2647837965704

2.484489763976515

   0.09118083131424376   -0.03678974052430208   -0.09415761071670414    0.03743172311148045 -0.0006066697700112262 -1.478174462964726e-05   0.000207113760930773 -0.0001387534292794147   0.002100161540472329  -0.000289719814774604

-0.0002428529605070148  0.0006884195263239636  -0.006940141087626821    0.01105058534800559  -0.002706783957587592  0.0002903798005560654  -0.006508674903555786   0.002387106318034915     0.0213844920739238   -0.05629566560074004

cov:
    0.9067742537183731      2.394374372723706   0.007490873652096117    0.02512677151166189  -0.000109762243282393    -0.1338834218743178    0.01039622779188952    0.02810704930478513  -0.003068249646230513    0.01142271930935152
     2.394374372723706      9.694189421524435    0.06175941356749773      2.224579139735622   -0.05105603458992151    -0.2163257327411788    -0.1689346981071672   -0.03660933504987398  -0.002416274234297844    0.02862532830944108
  0.007490873652096117    0.06175941356749773     0.1258601039610582     0.3502663195003746    0.01357278630292044   -0.02602920895508003   0.009967227177954032    0.01984434240597563  4.992907821150986e-05   0.006292572925130208
   0.02512677151166189      2.224579139735622     0.3502663195003746      3.169518764844895   -0.02725589683370925    0.08515270032311603    -0.3238495500902324    -0.1283110346825106  -0.006780573848880088     0.1911608645615762
 -0.000109762243282393   -0.05105603458992151    0.01357278630292044   -0.02725589683370925     0.0331962710581861   -0.05390204602460314    0.03105407319689697   0.002397434376190995  4.205798679675601e-05    -0.0109393878327852
   -0.1338834218743178    -0.2163257327411788   -0.02602920895508003    0.08515270032311603   -0.05390204602460314     0.7076359838503626   -0.06360097107537954   -0.02565888291455426 -7.606267254601969e-06   -0.01342910268419225
   0.01039622779188952    -0.1689346981071672   0.009967227177954032    -0.3238495500902324    0.03105407319689697   -0.06360097107537954     0.8055200795285904     0.5817852704051669    0.01129793508306537    -0.1025551013122444
   0.02810704930478513   -0.03660933504987398    0.01984434240597563    -0.1283110346825106   0.002397434376190995   -0.02565888291455426     0.5817852704051669      1.232486685089648   0.003831848686534162   -0.02252751991268585
 -0.003068249646230513  -0.002416274234297844  4.992907821150986e-05  -0.006780573848880088  4.205798679675601e-05 -7.606267254601969e-06    0.01129793508306537   0.003831848686534162    0.02052688893398644  -0.002021038675942398
   0.01142271930935152    0.02862532830944108   0.006292572925130208     0.1911608645615762    -0.0109393878327852   -0.01342910268419225    -0.1025551013122444   -0.02252751991268585  -0.002021038675942398     0.7757125680237479

cov.inverse():
     6.105571994712743      -1.88292685052787     -4.497807326310188      1.821474229866144        0.4426223297792     0.2466955430208585     0.3169144624095909   -0.08883243514294353      1.107520915796633    -0.3800909974726395
     -1.88292685052787     0.7141481478325815      1.693455081778988    -0.6942083108442619    -0.0122070760015568 -0.0002643359329823846    -0.1207066882088019    0.02531788327004097    -0.3550656177861526     0.1423868439737911
    -4.497807326310187      1.693455081778986      16.97560269430622     -3.189745968743009     -5.881659182982768     0.1702090352293591    -0.6915475598879695   -0.09897148452049484     -1.109942665091734     0.4748992498031989
     1.821474229866143    -0.6942083108442614     -3.189745968743009      1.193095780986301     0.7848206233782018   -0.04623131990748403     0.3131590937708874   -0.04214488830760721     0.4048485379310893    -0.2178465291397045
    0.4426223297791968   -0.01220707600155613     -5.881659182982768     0.7848206233782017       38.8655975181624      2.630199065028091     -1.511139480873267     0.8603781178071748     0.9572760295806015     0.2695665152465298
    0.2466955430208584 -0.0002643359329823364     0.1702090352293588   -0.04623131990748397      2.630199065028092      1.674306406311586   0.004695870179892842    0.01562545355681978    0.01813345297797503    0.07358864391621511
     0.316914462409591     -0.120706688208802    -0.6915475598879699     0.3131590937708874     -1.511139480873266    0.00469587017989287      2.135068786978561    -0.9663693893051711    -0.8376948827064848     0.1590208743137863
  -0.08883243514294367    0.02531788327004101   -0.09897148452049491   -0.04214488830760721     0.8603781178071747    0.01562545355681976    -0.9663693893051712      1.264136844569248     0.2636313373317568   -0.06639620927401735
     1.107520915796633    -0.3550656177861528     -1.109942665091735     0.4048485379310894     0.9572760295806023    0.01813345297797501    -0.8376948827064853      0.263631337331757      49.38129265815149   -0.05459202939418233
   -0.3800909974726392     0.1423868439737911     0.4748992498031995    -0.2178465291397046       0.26956651524653    0.07358864391621513     0.1590208743137863   -0.06639620927401735    -0.0545920293941823      1.363340866662218

cov*(cov_.inverse()):
     1.000000000000001 -1.285863776567808e-16  6.175615574477433e-16  2.276824562219559e-16   2.98806118737005e-16 -8.456776945386935e-17 -1.450662506785605e-16   4.81385764583564e-17  -2.34187669256869e-16 -6.765421556309548e-17
 2.896988204881268e-16     0.9999999999999998 -4.440892098500626e-16 -2.931682674400804e-16  2.133709875451473e-16 -1.556914319689184e-16  2.949029909160572e-17  1.843143693225358e-17  2.012279232133096e-16 -6.938893903907228e-18
 -1.48318857196017e-16 -1.054928713828396e-16     0.9999999999999996 -8.803721640582296e-17 -1.756407519426517e-17 -1.355252715606881e-17  3.968179951296946e-17  -1.13841228110978e-18  5.637851296924623e-18 -2.775557561562891e-17
-9.853229343548264e-16  4.961309141293668e-16 -4.718447854656915e-16     0.9999999999999993  1.179611963664229e-16   2.42861286636753e-17  1.249000902703301e-16 -4.683753385137379e-17  5.030698080332741e-17  1.110223024625157e-16
-2.775557561562891e-17 -2.927345865710862e-17 -4.683753385137379e-17  2.298508605669269e-17                      1 -1.832301671500502e-17 -1.366094737331736e-17  4.336808689942018e-18 -1.409462824231156e-18 -1.561251128379126e-17
-1.188285581044113e-16  7.892991815694472e-17 -1.968911145233676e-16  1.301042606982605e-18  3.699297812520541e-16     0.9999999999999999  1.214306433183765e-17 -1.355252715606881e-17  2.168404344971009e-17  1.387778780781446e-17
 1.387778780781446e-17 -7.632783294297951e-17 -6.938893903907228e-18   2.42861286636753e-17  1.942890293094024e-16 -4.336808689942018e-18      1.000000000000001 -6.678685382510707e-17  1.301042606982605e-17  2.775557561562891e-17
 3.989863994746656e-17 -5.898059818321144e-17 -3.989863994746656e-17  5.898059818321144e-17  1.647987302177967e-16  4.336808689942018e-19  3.534499082302744e-16     0.9999999999999996 -8.066464163292153e-17 -6.938893903907228e-18
-1.951563910473908e-18 -1.463672932855431e-18 -9.215718466126788e-18 -1.680513367352532e-18   7.26415455565288e-18 -3.523657060577889e-19 -4.499439015814843e-18  3.848917712323541e-18                      1  4.336808689942018e-19
-5.551115123125783e-17  4.163336342344337e-17  1.665334536937735e-16 -5.551115123125783e-17                      0  6.938893903907228e-18  1.387778780781446e-17 -1.387778780781446e-17 -2.775557561562891e-17                      1
