5
2

0.0002064950866085086
0.0003441916133209478
 0.001445806206291493
  0.07054337235123598
   0.5513941809226881

 0.02573810203873521   0.3033117498504631  -0.8128860634482087   0.4963844718674728 -0.01257920691530776
 -0.4638318672092333   0.7923390760661875  0.04030043072655033   -0.393481240239798   0.0246409488936879
  0.4726001994089175 -0.02100559533181834  -0.3701288002842352  -0.6045386599078142   0.5232069345492508
 -0.6219754309211406  -0.3040217900391964 -0.04616027830955204   0.1602193765657111   0.7020799773466716
  0.4171248780805963   0.4328166899362232   0.4454952559135352   0.4556728318848507   0.4822580183257432

0.3943219590430096
0.3936770200645915
0.3932491567241389
0.3928119257705536
0.3916525510054427

0.008901984904855231
  0.3956132452835254

   1.523815698847532   0.4977679236254263    12.02738893377467   -13.52052191301224  -0.5278794397797575
   1.569251574000831  -0.4044596734439866    1.175885738489548   -1.284978275122109 -0.05557337950533542

-6.946703719901372e-07  6.491304511683121e-07   8.68648240021725e-06   -0.02085674703525158   -0.06272258948437885
-7.143486923854263e-08 -5.884345440615372e-08   2.22129130503618e-06  -0.005733999203005145     0.1188894794502497

cov:
0.05482572324869614 0.05583109165622026 0.05664056525040815 0.05729230534249798 0.05898779507879686
0.05583109165622026 0.05741510662757874 0.05869330553754089 0.05972033937686545 0.06239891729306642
0.05664056525040815 0.05869330553754089 0.06035164327200641 0.06168288555210167 0.06515842916294866
0.05729230534249798 0.05972033937686545 0.06168288555210167 0.06325778724376721   0.067371494299327
0.05898779507879686 0.06239891729306642 0.06515842916294866   0.067371494299327 0.07316390120971257

cov.inverse():
 1938482.292565699 -2923837.461367289 -732127.9078328172  1703505.190121474  14134.15483573285
-2923837.461345918  7457108.631847176 -5509023.726182449   905297.727169081  70024.85814898567
-732127.9079077522 -5509023.726101523  15575971.79892018 -9489803.590755491  155542.8302456299
 1703505.190185279  905297.7271095288 -9489803.590788322  7260280.254013466  -379570.352574992
 14134.15482549134  70024.85814897798  155542.8302844652 -379570.3526035775  139892.4500736849

cov*(cov_.inverse()):
    0.9999999999984084   2.91038304567337e-11 -2.055458026006818e-10  2.546585164964199e-11  1.818989403545856e-12
 1.091393642127514e-11      0.999999999998181 -6.730260793119669e-11  6.184563972055912e-11 -1.818989403545856e-12
 2.728484105318785e-12  7.457856554538012e-11     0.9999999997889972    1.2732925824821e-10 -1.818989403545856e-12
  1.13686837721616e-12  6.093614501878619e-11 -3.819877747446299e-11      1.000000000094587  1.818989403545856e-12
 -1.84172677109018e-11  2.637534635141492e-11                      0  2.182787284255028e-11                      1
