5
2

8.160510075225992e-05
9.867974316853982e-05
0.0002914610619431349
  0.01715858846180733
   0.5174045578891622

 0.03119059301376546   0.2793194048809617  -0.8100486791776886   0.5144004471515248 -0.01487058496456743
 -0.4473651290844123   0.8027990067981915 0.009474399627090208  -0.3930607378466798  0.02813695218488801
   0.561755938236463 0.004049589834974942  -0.3721419923550486  -0.6102468549102048   0.4165608962402239
 -0.5334792998726369  -0.2795405623934502  -0.0736453308334037  0.09099322152186536   0.7896540441659664
  0.4457821111823683   0.4464695953138408      0.4470101518832   0.4474532892302971   0.4493447316709435

0.3943457910996785
0.3943997045994755
0.3945063675125735
 0.394503116836788
0.3944892863162616

7.253018966782405e-06
   0.3945246552260426

   2.403596424981324    2.410277157631816     2.55461625924602   -6.604446650618871  -0.7641607195687352
   1.055443358219205   0.8366003162343963  0.06012588843533745  -0.8547839214862328 -0.09722424654129708

-3.134658305751125e-08  3.367618895149677e-08  3.501058567135697e-07 -0.0009858726970027813  -0.002414135930952933
-1.467475310658965e-09  5.192813117488965e-09  8.962546906247527e-08 -0.0002814339383430304     0.1190570575720198

cov:
0.05328310226876273 0.05332522906456525 0.05335738490367083 0.05338440019820233 0.05350043500598908
0.05332522906456525 0.05338650989549082 0.05343416512107318 0.05347357956527258 0.05364215271173944
0.05335738490367083 0.05343416512107318 0.05349440580598121 0.05354386572666903 0.05375503254005096
0.05338440019820233 0.05347357956527258 0.05354386572666903 0.05360137672108838 0.05384660660731946
0.05350043500598908 0.05364215271173944 0.05375503254005096 0.05384660660731946 0.05423660033779279

cov.inverse():
 24414514.08740764 -35546335.52970903 -6690066.734133039  16431520.21870209  1390905.477724513
-35546335.53203031  77900846.24449652  -33212997.0424737 -10858214.22423123  1715060.479327347
 -6690066.72549643 -33212997.05559253  100173838.3234542 -60280805.70614199  11192.29803889704
 16431520.21158279 -10858214.21241792 -60280805.70986098  59984198.80433276 -5276591.371615595
 1390905.478528514  1715060.478311572  11192.29727549837 -5276591.370640409  2159285.657431883

cov*(cov_.inverse()):
    0.9999999997962732 -4.365574568510056e-10  2.481783667462878e-10  5.820766091346741e-11  -2.91038304567337e-11
-6.111804395914078e-10     0.9999999998399289 -7.207745511550456e-11 -5.238689482212067e-10                      0
 -2.91038304567337e-10  5.238689482212067e-10      1.000000000215664  4.074536263942719e-10                      0
-4.511093720793724e-10  7.275957614183426e-11  8.117240213323385e-11     0.9999999997089617  -2.91038304567337e-11
-2.328306436538696e-10  -2.91038304567337e-10 -1.757598511176184e-10 -3.492459654808044e-10      1.000000000014552
