12
1

0.1027129143069588
0.3385237567882428
 0.934581644979641
 1.080249861772457
 1.154676151288423
 1.693002824544801
 1.982580293261493
 2.102634089497637
 2.467195291146868
 2.812723292692604
 6.977319731074366
 16.42668955610154

    0.3943635896326799    -0.2002949989653496    -0.7263176288856821     0.3696624834289233     0.3340464751017377    -0.1690668878543027 -0.0001840039712575274  -0.000260824424412021  0.0002518808996167971 -0.0003260961276102621  0.0007811497416523805 -0.0002844564489912613
    0.4881450701379278    -0.2165547070729875   -0.07683146795446212    0.03421876388637483    -0.7405032663352014     0.3378561155371265    0.07918983413266076   -0.04221341067213398     0.1000806778643021     0.0144332590236913     0.1320645100125035   -0.09764277286356128
    0.6649443870965729   -0.02748490878842159     0.5272916081244435   -0.03616616875985799      0.358747716926368   -0.05106950464963397    -0.2672281523968001     0.1601794008334723   -0.09973490365747582    0.01106570156489952     0.1802762841256477   -0.08248470239850229
   0.01285171749967017    0.00240132395622697    0.04571056704431743   0.006673475555406607    0.08058849012402773   0.004413210904598798     0.3423100088558588    -0.4805979889822644    -0.5007898992441614     0.5013004565820494     0.1263437037803472    -0.3535182074492429
     0.279940494493746    0.06124718109007234     0.2129398670578404    0.04169058797944789     0.1305238218067585    0.01258352874732031     0.4847611781469774    -0.4032782404248601     0.2787172141565008    -0.1506254042420762    -0.5197915303227034     0.2922747424660103
   0.06356125382512445    0.05784825262004058    0.01982832482448439    0.02818236634443668    -0.0480209826043342   -0.04150396488948522     0.5534585406229546     0.6396686557302161    -0.2952867585835055     0.1969275902192271    0.05537339192945059     0.3779738630391858
   -0.1195994754602125     -0.221892786247131    0.09526204590879221     0.1384030220602991     0.2041183382133527     0.2796634604382139      0.132400241393096     0.3196684695480073     0.5071753311249867     0.4253325212514572    -0.2029069875449441    -0.4351204267799637
    0.2116223807503566     0.4283512665783127     -0.141039228620907    -0.2421314728858212    -0.2602557797999079     -0.453899709367741    -0.2236034351785704     0.1014302583139174     0.0801732037016288     0.4184953852546761    -0.4098251196021536   -0.09820426099535857
   -0.1452522286976624    -0.2928220527276534     0.3318018675067071     0.6709364949970062    -0.2620888265341969    -0.4686950349852597    -0.1185244159856234   -0.04641752898792865   -0.01886070862878892     0.1173510052768667   -0.06129363274002388     0.1022578540504116
   0.02273694017603526     0.1271060895219474    0.03691813997883514    0.08183691999781202   -0.08620770211854831    -0.2468949753018973      0.294057857182332      0.205268288229516    -0.1470156601861348    -0.5614025370233702    -0.1445428719550405    -0.6485320331465275
  -0.02756246202614682    -0.6787059407129147   -0.01627047100510464    -0.3761084416389351  -0.001443630886287403   -0.01826497242488532    -0.1361893017936183    0.08078726854158792    -0.3551494960380898   -0.03964739706717686     -0.493541568409372    0.01342036816572093
  0.002428453202490224     0.3314565815601207   0.003178702257244967     0.4268491282206226   0.003030043946052577     0.5362450619420748    -0.2779176965691467    0.08052637150512319    -0.3906579203346583   -0.01834024968711337    -0.4283525792162507    0.01391966045280796

22.67767976957215
43.01801666991277
35.55260592683531
 68.1156851931878
50.55895606242929
97.41514017126691
 68.5414465353754
131.7534876784105
80.64168306726833
155.6383469164316
 95.6821053121766
185.2838916887718

1.946476773270422

   0.06910272834288068   -0.03551096428669717  -0.003895556717740286   0.001983901768000386     -0.063756480583552    0.03251892585600782 -0.0006569793210428098  0.0003717779770290867 -0.0006750302789871828 -8.949784490232843e-05 -0.0007713616427389332  0.0005845390506816607

0.0001174279017618288   0.01142459393332743   0.01780128911823067 -0.005567497614161941   0.01125163513735821   0.01221827662191632  -0.01905350346841695  0.007365493697371217   0.01240469845285494  -0.04502688588212297     1.059512375779165      1.96798642579485

cov:
   0.9567068398967937     1.919267102469583  -0.05684647576295902   -0.0824730880926253   0.09019210639618662    0.1754899844937038   0.02299369946730561   0.01642983149783657   0.03776836543895059   0.02244185919871438    0.0517714559170987   0.01599042520645995
    1.919267102469583     53.74608593352127  -0.07098133616974246     48.91858704628426   0.04025597192520906     48.03569907042142    -20.25198556092984     4.804283802703017     -23.6378204750392   -0.6613323277417981    -22.67984898014033    0.2505856863644274
 -0.05684647576295902  -0.07098133616974246     1.133261240100101     2.239830960930585   -0.1042542197899836   -0.1803196043704631  -0.03142557530900973 -0.001896392213151565 -0.006065758188135989  -0.01283357610490378  -0.01874980005365455  -0.03479629230126557
  -0.0824730880926253     48.91858704628426     2.239830960930585       59.185728658131   -0.3700496173276982     60.66244982148542    -29.41594321684894     7.824690040306328    -38.48373889558589    -1.476144552367289    -40.34476183921365     1.269925759940979
  0.09019210639618662   0.04025597192520906   -0.1042542197899836   -0.3700496173276982     1.156048382995772     2.065533498866315   0.08429911738409171  -0.01566471798435425    0.1528832276873603   0.03925780742348255    0.1486668232482674  0.001539470351099257
   0.1754899844937038     48.03569907042142   -0.1803196043704631     60.66244982148542     2.065533498866315     80.66851937775189    -39.77605675916803     11.36541095218582    -55.42858813311491    -2.252329600022736     -60.5040574706706      2.65402866810289
  0.02299369946730561    -20.25198556092984  -0.03142557530900973    -29.41594321684894   0.08429911738409171    -39.77605675916803     24.19530223889259    -5.473016269100148     31.04311717097534    0.4680031058173381     35.16432573932082    -2.179079664007947
  0.01642983149783657     4.804283802703017 -0.001896392213151565     7.824690040306328  -0.01566471798435425     11.36541095218582    -5.473016269100148     4.542882039534814    -9.870406546867022   -0.6148231901805429    -11.57013384404224   -0.5945650752821732
  0.03776836543895059     -23.6378204750392 -0.006065758188135989    -38.48373889558589    0.1528832276873603    -55.42858813311491     31.04311717097534    -9.870406546867022     49.18973549727329     3.738143232245454      52.9847468226134    -1.857650789060055
  0.02244185919871438   -0.6613323277417981  -0.01283357610490378    -1.476144552367289   0.03925780742348255    -2.252329600022736    0.4680031058173381   -0.6148231901805429     3.738143232245454     4.664746490027317     2.784701941330684      1.89644729999575
   0.0517714559170987    -22.67984898014033  -0.01874980005365455    -40.34476183921365    0.1486668232482674     -60.5040574706706     35.16432573932082    -11.57013384404224      52.9847468226134     2.784701941330684     62.88006227962146   -0.9120745912603732
  0.01599042520645995    0.2505856863644274  -0.03479629230126557     1.269925759940979  0.001539470351099257      2.65402866810289    -2.179079664007947   -0.5945650752821732    -1.857650789060055      1.89644729999575   -0.9120745912603732     4.915267553826149

cov.inverse():
    17.40473454426114    -8.381354610385285    -27.04786550493945     13.91453769698026     9.620287830343479    -4.937545096780644    0.2338437250224784   -0.1466204737325155    0.3948813506507593   0.03867540551040237    0.6103484310226903   -0.4192656894471951
   -8.381354610385278     4.296780284847494     13.89412903971177    -7.135687348892801    -4.974280224404615     2.532447596021694   -0.1207538102314007   0.06936196031163955   -0.2027978363202963  -0.02094291211535947   -0.3138358356797118    0.2123775096281982
   -27.04786550493901     13.89412903971162     50.43464895924382    -25.43914902902637    -22.26237564195312     11.37864162245311   -0.1017927543568926   0.06706199426713769   -0.1136592493680075   0.01714385990535445   -0.1068725612745977   0.06582927223035612
    13.91453769698001    -7.135687348892723    -25.43914902902637     13.06255906263887     11.46453066794356    -5.839494588772451   0.05831941119662268  -0.03523433968881193   0.05778083390552699 -0.008019989425907531    0.0545385907382998  -0.03033546655221383
    9.620287830343003    -4.974280224404395    -22.26237564195258     11.46453066794329     15.56659969596288    -7.490981010410668    -0.543525188082135    0.2573065288729279   -0.6579959122028013  -0.08395191430841333   -0.7798628681664259    0.5717705953992754
   -4.937545096780428     2.532447596021581     11.37864162245283    -5.839494588772308    -7.490981010410666     3.820508867204051    0.2817198041366499   -0.1348958714092504    0.3351142818721149   0.04051232567296706     0.397263944838825   -0.2910268342268246
   0.2338437250225386   -0.1207538102314295   -0.1017927543569894   0.05831941119667256   -0.5435251880820953    0.2817198041366297    0.5496922206938687   -0.2283986674870942  0.006412652024127947     0.107044565974745  -0.09360888396068967 -0.002519504514427515
  -0.1466204737325363   0.06936196031165026   0.06706199426717276  -0.03523433968882979    0.2573065288729153   -0.1348958714092438   -0.2283986674870941    0.5417621334107884   0.03959197674223804  -0.09156817899949257   0.07180587159915561    0.1071705370495596
   0.3948813506508206   -0.2027978363203271   -0.1136592493681131   0.05778083390558094   -0.6579959122027573    0.3351142818720926  0.006412652024127975   0.03959197674223858    0.4752378019183767   -0.1827190834644446   -0.1003345404118212   0.05170130968513915
  0.03867540551040173  -0.02094291211535909   0.01714385990535491 -0.008019989425907767  -0.08395191430841252   0.04051232567296659    0.1070445659747446  -0.09156817899949257   -0.1827190834644448    0.3756395822364189   0.08445157472067412   -0.1806510267755672
   0.6103484310227252   -0.3138358356797285   -0.1068725612746642   0.05453859073833373   -0.7798628681663882    0.3972639448388057  -0.09360888396069163   0.07180587159915656   -0.1003345404118232   0.08445157472067415    0.4642600010713396   -0.2322635956687183
  -0.4192656894472255    0.2123775096282121   0.06582927223040744  -0.03033546655224064    0.5717705953992483   -0.2910268342268107 -0.002519504514426293     0.107170537049559   0.05170130968514015   -0.1806510267755672   -0.2322635956687186    0.4172385849858133

cov*(cov_.inverse()):
     1.000000000000051 -1.046905617752003e-14 -1.281084613391492e-13  9.008191328291337e-14  4.308012280240803e-14  4.117366170230952e-15 -3.687120866870813e-15 -2.818925648462312e-17 -1.050483484921205e-15 -1.465841337200402e-16 -2.237793284010081e-15  2.948162547422584e-15
 3.803901638121943e-14       1.00000000000001 -5.126107871511465e-14 -1.008394756585318e-14  2.772782004001328e-14  1.364186541508161e-14  2.874219959259072e-16   9.71445146547012e-17  1.406860739017191e-15  -3.95516952522712e-16  7.563394355258879e-16  3.608224830031759e-16
-5.221517662690189e-16  8.206976764846274e-15      1.000000000000001 -9.260170755198693e-15 -9.988537774674455e-15  6.210310043996969e-15 -2.149837382767195e-16 -2.511012231476428e-16   4.12647346847983e-16 -3.469446951953614e-18  2.792904796322659e-16  9.905271047827569e-16
 2.742250870824137e-14  6.944445019030354e-14   1.51836876405298e-13     0.9999999999999369 -1.054711873393899e-13  1.360023205165817e-14 -4.510281037539698e-17  1.415534356397075e-15 -1.498801083243961e-15  8.326672684688674e-16   2.55351295663786e-15  1.665334536937735e-15
 7.682331333580539e-15 -3.385150233042866e-15 -1.342753219810838e-14  8.321543053160102e-15      1.000000000000004 -2.135878279796444e-16 -3.223587168683581e-16 -1.020505294851981e-16 -1.922561502359921e-16  9.437979911486316e-17 -3.691708397313143e-17 -1.702197410802242e-17
 -2.19824158875781e-14  6.661338147750939e-15  9.159339953157541e-15 -1.237759894578971e-13 -5.151434834260726e-14     0.9999999999999395 -1.964574336543734e-15  1.387778780781446e-15 -2.275957200481571e-15 -7.216449660063518e-16 -7.216449660063518e-15 -2.664535259100376e-15
 3.608224830031759e-14   -3.0142555118573e-14 -6.780687122898144e-14  7.040201754904274e-14  4.818367926873179e-14 -2.087219286295294e-14                      1 -8.326672684688674e-16  1.373900992973631e-15  9.992007221626409e-16  1.443289932012704e-15  6.661338147750939e-16
-8.187894806610529e-15 -4.718447854656915e-16  1.514760539222948e-14 -2.296773882193293e-15 -7.327471962526033e-15 -6.245004513516506e-15 -5.418842458082551e-16                      1 -8.881784197001252e-16                      0 -7.494005416219807e-16  5.273559366969494e-16
-5.118128143521972e-14 -1.137978600240785e-14 -6.400435736964027e-14  3.298056272527106e-14  6.661338147750939e-16 -1.365574320288943e-14  6.609296443471635e-16  6.661338147750939e-16      1.000000000000002  1.887379141862766e-15  6.661338147750939e-15 -1.887379141862766e-15
-2.220446049250313e-16 -1.554312234475219e-15 -7.022160630754115e-15  2.400857290751901e-15 -8.881784197001252e-16  9.992007221626409e-16  3.729655473350135e-17  8.326672684688674e-17  2.081668171172169e-16                      1  3.885780586188048e-16 -2.220446049250313e-16
-3.091971123581061e-14 -1.984523656517467e-14 -1.850047892659745e-13  1.541579364161549e-13  4.873879078104437e-14  4.996003610813204e-16  4.597017211338539e-16  4.579669976578771e-16  4.787836793695988e-16 -8.604228440844963e-16     0.9999999999999983 -1.110223024625157e-15
 -1.77635683940025e-15  1.110223024625157e-15  2.109423746787797e-15 -5.273559366969494e-15 -5.329070518200751e-15  3.774758283725532e-15  1.214306433183765e-17  2.220446049250313e-16  5.551115123125783e-16 -4.440892098500626e-16 -2.220446049250313e-16                      1
