10
1

0.05038358826398666
0.05834559207495735
 0.1083018843684346
 0.8409843547977991
  1.308588665522499
  1.990069617477501
  2.177530900850229
  2.927281070173859
  3.680125031668655
  11.99182139221799

  -0.07107483735501512    0.01594547696665019   -0.03576589435342477    0.01105483498960682     0.5767336963130567    -0.1283835070203863    -0.7372698445564938     0.1673175952463482     0.2617306607800541    -0.0642158795174587
   0.04849194253190928   -0.01168409524184364     0.5160526731289085    -0.1204015698473723    -0.6139310173214171     0.1406066794245833    -0.3600420829248103    0.08980591683411528     0.4149630127939413    -0.1006671519030079
    -0.604207791189735     0.1414761228882203     0.6497692830918158    -0.1218555730400288     0.2140811236125108   -0.07172555457057153    0.07868770264545306   -0.01009137288147108    -0.3368252283428144    0.08454846136672577
    0.7669416965648435   -0.03962358131682756     0.4228950471896507    -0.1066207283055284     0.1948949149288675   -0.03083740841317112   -0.09012277047144429   0.004251823023326288    -0.4032641878599811     0.1016121776280721
  -0.02099998911950196 -0.0005821644455907162   -0.04962058719441813    -0.2993364775209216    0.08435714437599182      0.306430110938587    -0.1345306607575093    -0.6962856292049248     0.1601238485628312     0.5271876026582553
  -0.01117661328924275    0.02091487568694042    0.07807974517835845     0.3326767029812489     0.1666073300058745      0.755173111526361   -0.04083207437748203    -0.1826837013444213    -0.1215177389961422    -0.4845779929661476
 -0.001124267626150182   0.006000752446607133      -0.14588852281559    -0.8683496006740105     0.0972434839316962     0.1523072747185481     0.1041406494917882     0.1332439673222563   -0.01443852588425697    -0.4039637794146018
   0.07123354770639012     0.1306239271225916    0.09974743020031705    0.04726301037669189    0.01146724662103165    -0.5123709948233697    0.03137645519292679    -0.6372897424462682      0.111587030843226    -0.5324001615902554
   -0.1834276712507448    -0.5627364535700903    -0.1897399673095545   -0.04379755636781655    -0.3015802013028858   -0.08611347077162866    -0.4273123707272649    -0.1474030309974707    -0.5487060440897873    -0.0894120008375744
  0.006570314730692837     0.8023808295659204    -0.2357481320695239   -0.02655804305376772    -0.2669075742768527    0.01813897767752398    -0.3135245294236468     0.0036013109372773     -0.359283804936939    0.02991982095602071

22.55037451567676
96.89207221905922
30.58418552117034
130.8828660664298
36.41794825273077
156.1233171223832
43.23399875617655
185.5380462368495
51.22935096774957
220.1339131784277

4.36206952084373

0
0
0
0
0
0
0
0
0
0

0

0
0
0
0
0
0
0
0
0
0

0

0
0
0
0
0
0
0
0
0
0

0

0
0
0
0
0
0
0
0
0
0

0

0
0
0
0
0
0
0
0
0
0

0

0
0
0
0
0
0
0
0
0
0

0

0
0
0
0
0
0
0
0
0
0

0

0
0
0
0
0
0
0
0
0
0

0

0
0
0
0
0
0
0
0
0
0

0

0
0
0
0
0
0
0
0
0
0

0

0
0
0
0
0
0
0
0
0
0

0

0
0
0
0
0
0
0
0
0
0

0

0
0
0
0
0
0
0
0
0
0

0

0
0
0
0
0
0
0
0
0
0

0

0
0
0
0
0
0
0
0
0
0

0

0
0
0
0
0
0
0
0
0
0

0

0
0
0
0
0
0
0
0
0
0

0

0
0
0
0
0
0
0
0
0
0

0

0
0
0
0
0
0
0
0
0
0

0

0
0
0
0
0
0
0
0
0
0

0

0
0
0
0
0
0
0
0
0
0

0

0
0
0
0
0
0
0
0
0
0

0

0
0
0
0
0
0
0
0
0
0

0

0
0
0
0
0
0
0
0
0
0

0

0
0
0
0
0
0
0
0
0
0

0

0
0
0
0
0
0
0
0
0
0

0

0
0
0
0
0
0
0
0
0
0

0

0
0
0
0
0
0
0
0
0
0

0

0
0
0
0
0
0
0
0
0
0

0

0
0
0
0
0
0
0
0
0
0

0

0
0
0
0
0
0
0
0
0
0

0

0
0
0
0
0
0
0
0
0
0

0

0
0
0
0
0
0
0
0
0
0

0

0
0
0
0
0
0
0
0
0
0

0

0
0
0
0
0
0
0
0
0
0

0

0
0
0
0
0
0
0
0
0
0

0

0
0
0
0
0
0
0
0
0
0

0

0
0
0
0
0
0
0
0
0
0

0

0
0
0
0
0
0
0
0
0
0

0

0
0
0
0
0
0
0
0
0
0

0

0
0
0
0
0
0
0
0
0
0

0

0
0
0
0
0
0
0
0
0
0

0

0
0
0
0
0
0
0
0
0
0

0

0
0
0
0
0
0
0
0
0
0

0

0
0
0
0
0
0
0
0
0
0

0

0
0
0
0
0
0
0
0
0
0

0

0
0
0
0
0
0
0
0
0
0

0

0
0
0
0
0
0
0
0
0
0

0

0
0
0
0
0
0
0
0
0
0

0

0
0
0
0
0
0
0
0
0
0

0

0
0
0
0
0
0
0
0
0
0

0

0
0
0
0
0
0
0
0
0
0

0

0
0
0
0
0
0
0
0
0
0

0

0
0
0
0
0
0
0
0
0
0

0

0
0
0
0
0
0
0
0
0
0

0

0
0
0
0
0
0
0
0
0
0

0

0
0
0
0
0
0
0
0
0
0

0

0
0
0
0
0
0
0
0
0
0

0

0
0
0
0
0
0
0
0
0
0

0

0
0
0
0
0
0
0
0
0
0

0

0
0
0
0
0
0
0
0
0
0

0

0
0
0
0
0
0
0
0
0
0

0

0
0
0
0
0
0
0
0
0
0

0

0
0
0
0
0
0
0
0
0
0

0

0
0
0
0
0
0
0
0
0
0

0

0
0
0
0
0
0
0
0
0
0

0

0
0
0
0
0
0
0
0
0
0

0

0
0
0
0
0
0
0
0
0
0

0

0
0
0
0
0
0
0
0
0
0

0

0
0
0
0
0
0
0
0
0
0

0

0
0
0
0
0
0
0
0
0
0

0

0
0
0
0
0
0
0
0
0
0

0

0
0
0
0
0
0
0
0
0
0

0

0
0
0
0
0
0
0
0
0
0

0

0
0
0
0
0
0
0
0
0
0

0

0
0
0
0
0
0
0
0
0
0

0

0
0
0
0
0
0
0
0
0
0

0

  -0.1096456710947277   0.02491468328290598    0.3461026884890038  -0.08212860301678578 -0.003011717328646952  0.007927382965393274   0.01995269083269526  -0.01090509430594469   -0.2602186482478921    0.0550716556353631

-0.0002437721559527844  0.0002184243806541359   0.004661686227084904     0.1258202578923988   0.007103301275231627    0.05166235292164398    0.01966028191719118    -0.2467223691531666        1.0182637324318      4.264007083748393

cov:
  0.9269289386693053    2.212374988181775   0.5334789133705458  0.05623506117286872   0.5970735230598039  -0.1431175401616568   0.7411819131273306  0.01536062180594434   0.8751207801119549 -0.01543054882248211
   2.212374988181775    97.02128386061602   -25.65260317133489   -2.671775292323509   -28.47453731853248    2.243082029790841   -32.88199198552444   0.8148384442311191   -37.14923877147287    3.482961850685592
  0.5334789133705458   -25.65260317133489    8.826669364834508    1.749258604073207    9.869210392115374  -0.7389808953513778    11.65367459251502   -0.376180466604994    13.52197191212077   -1.123955041309577
 0.05623506117286872   -2.671775292323509    1.749258604073207    4.321903063868747   0.9640338934574713 -0.01255944183600497     1.05675264850856  -0.6171612502514305    1.590820232796052    0.470013406465613
  0.5970735230598039   -28.47453731853248    9.869210392115374   0.9640338934574713     11.6739171736605   0.2130232559743226    13.77128597772703   0.2421393987206665    15.92161983561855    -1.25102710218851
 -0.1431175401616568    2.243082029790841  -0.7389808953513778 -0.01255944183600497   0.2130232559743226    4.927486685772675  -0.5727496567274942    2.163723916533081   -1.067807085572251    1.053141196524759
  0.7411819131273306   -32.88199198552444    11.65367459251502     1.05675264850856    13.77128597772703  -0.5727496567274942    16.71361858675554   0.7743797379537476    19.40419075572476   -1.223379848887849
 0.01536062180594434   0.8148384442311191   -0.376180466604994  -0.6171612502514305   0.2421393987206665    2.163723916533081   0.7743797379537476    4.822981017267052   0.1869033497130224    2.568412879434151
  0.8751207801119549   -37.14923877147287    13.52197191212077    1.590820232796052    15.92161983561855   -1.067807085572251    19.40419075572476   0.1869033497130224    22.96766896143085   -1.014559001374552
-0.01543054882248211    3.482961850685592   -1.123955041309577    0.470013406465613    -1.25102710218851    1.053141196524759   -1.223379848887849    2.568412879434151   -1.014559001374552    4.852966261846039

cov.inverse():
  34.64016096211345   -7.93498241447946  -24.65655694387937   4.140807590888134  -35.70696734952059   9.249790144603988   11.37052507221409  -2.875248243803291   15.50311573613442  -3.889360707977592
 -7.934982414479481   1.878904654672752   5.826126733098894 -0.9779803231806052   8.313353680738242  -2.152495036822667  -2.424754581032641  0.6166719123552856   -3.79854662350097  0.9487748482253079
 -24.65655694386135    5.82612673309478   114.9935525506927  -25.17878232996341  -89.21452907178474   19.12847604063427  -39.88011605635436   10.70713962384557    40.3204075700169  -9.628528949562822
  4.140807590883999 -0.9779803231796577  -25.17878232996261   5.828290347757226   21.95444395340513  -4.802900901948035   8.722153298044351   -2.26452545757495  -10.00982924395447   2.325564679837744
 -35.70696734953245   8.313353680740692  -89.21452907171414   21.95444395338946   245.7312108859636  -55.79208975650457  -101.1564087015685   21.59770894482967  -21.61600832070451   5.135007197862318
  9.249790144606726  -2.152495036823237   19.12847604061817  -4.802900901944462  -55.79208975650477   12.97537482155064   21.91094051067842  -4.807253937905573   5.981747483258394  -1.410334147851819
  11.37052507218808   -2.42475458102647  -39.88011605642226   8.722153298060988  -101.1564087014252   21.91094051064552   252.7749964954274  -58.09944848158826  -122.1050984047434   29.80722428274963
  -2.87524824379714  0.6166719123538275   10.70713962386086   -2.26452545757871    21.5977089447963  -4.807253937897907  -58.09944848158725   13.75036534834717   28.42334825476308  -7.123194021325087
  15.50311573615363  -3.798546623505429   40.32040757003159  -10.00982924395863  -21.61600832078752   5.981747483277399  -122.1050984046935   28.42334825475202   87.51403833000234  -21.31582886554786
 -3.889360707982223  0.9487748482263964  -9.628528949566364   2.325564679838751   5.135007197882542  -1.410334147856449   29.80722428273742  -7.123194021322383  -21.31582886554784   5.515053202304122

cov*(cov_.inverse()):
    0.9999999999999281 -1.071538691110874e-14 -2.919331443251849e-13  4.437422651548673e-14  7.142619828925945e-13 -1.416297634726504e-13  1.110223024625157e-14  1.498801083243961e-15 -1.360023205165817e-13 -2.060851489460447e-14
-1.900701818158268e-13     0.9999999999999929  -1.77635683940025e-13  -1.77635683940025e-15  8.242295734817162e-13 -1.687538997430238e-14  5.400124791776761e-13  5.684341886080801e-14   -1.4210854715202e-13   -1.4210854715202e-14
 1.509903313490213e-14 -2.020605904817785e-14     0.9999999999996874   -1.4210854715202e-14  1.341149413747189e-13 -3.463895836830488e-14  2.415845301584341e-13 -7.815970093361102e-14 -5.755396159656812e-13                      0
-1.398881011027697e-14  2.275957200481571e-15 -2.664535259100376e-15                      1  6.350475700855895e-14 -1.287858708565182e-14 -3.019806626980426e-14  1.643130076445232e-14 -3.375077994860476e-14 -1.154631945610163e-14
-1.172395514004165e-13  6.217248937900877e-15 -4.209965709378594e-13 -1.287858708565182e-14      1.000000000000724 -1.858513343222512e-13 -4.689582056016661e-13  1.669775429036235e-13  4.263256414560601e-14 -3.641531520770513e-14
 1.243449787580175e-14  5.551115123125783e-16  6.572520305780927e-14  -8.43769498715119e-15  1.243449787580175e-14      1.000000000000006 -2.309263891220326e-13  3.641531520770513e-14  1.243449787580175e-13 -2.398081733190338e-14
-2.398081733190338e-14  3.996802888650564e-15 -6.838973831690964e-13  5.240252676230739e-14  4.583000645652646e-13 -1.094679902280404e-13      1.000000000000398 -1.652011860642233e-13 -3.232969447708456e-13  1.154631945610163e-14
 3.552713678800501e-15  4.440892098500626e-16 -7.105427357601002e-15  7.105427357601002e-15  5.684341886080801e-14 -7.993605777301127e-15    1.4210854715202e-14     0.9999999999999893 -2.131628207280301e-14  8.881784197001252e-15
 1.425526363618701e-13 -3.164135620181696e-14 -3.925748615074554e-13 -2.486899575160351e-14 -9.325873406851315e-14 -3.930189507173054e-14  8.419931418757187e-13  1.927347170749272e-13     0.9999999999998366  -9.50350909079134e-14
-7.105427357601002e-15  2.664535259100376e-15  4.973799150320701e-14  3.552713678800501e-15  2.486899575160351e-14  -1.77635683940025e-15 -2.842170943040401e-14  7.105427357601002e-15    1.4210854715202e-14      1.000000000000007
