5
2

8.441555801563784e-05
0.0001763249548149718
0.0007090594526095865
  0.01498069712420535
    0.519254559746003

-0.3106353140567524  0.7981761591072495 -0.5157704787490962 0.01292130630908785 0.01530927130390698
-0.6211070114265256  0.2245854518572284  0.7127287903909827 -0.1041933216957146 -0.2120115049536574
0.07501888509354575 0.08754008251130457  0.0866563237624087 -0.8131529429356725   0.563898815196729
-0.5599443653515113 -0.3250313184751579 -0.1372568754904031  0.3561644178393965  0.6596396041151028
 0.4456077384966375   0.446281939821788  0.4468217947698291  0.4482253790421272   0.449121884216328

0.3946999834488678
0.3948165173844792
0.3948177445471163
0.3948193973933941
0.3948240578614988

-4.794812417302671e-05
    0.3948134365084672

0
0
0
0
0

0
0

0
0
0
0
0

0
0

0
0
0
0
0

0
0

0
0
0
0
0

0
0

0
0
0
0
0

0
0

0
0
0
0
0

0
0

0
0
0
0
0

0
0

0
0
0
0
0

0
0

0
0
0
0
0

0
0

0
0
0
0
0

0
0

0
0
0
0
0

0
0

0
0
0
0
0

0
0

0
0
0
0
0

0
0

0
0
0
0
0

0
0

0
0
0
0
0

0
0

0
0
0
0
0

0
0

0
0
0
0
0

0
0

0
0
0
0
0

0
0

0
0
0
0
0

0
0

0
0
0
0
0

0
0

0
0
0
0
0

0
0

0
0
0
0
0

0
0

0
0
0
0
0

0
0

0
0
0
0
0

0
0

0
0
0
0
0

0
0

0
0
0
0
0

0
0

0
0
0
0
0

0
0

0
0
0
0
0

0
0

0
0
0
0
0

0
0

0
0
0
0
0

0
0

0
0
0
0
0

0
0

0
0
0
0
0

0
0

0
0
0
0
0

0
0

0
0
0
0
0

0
0

0
0
0
0
0

0
0

0
0
0
0
0

0
0

0
0
0
0
0

0
0

0
0
0
0
0

0
0

0
0
0
0
0

0
0

0
0
0
0
0

0
0

0
0
0
0
0

0
0

0
0
0
0
0

0
0

0
0
0
0
0

0
0

0
0
0
0
0

0
0

0
0
0
0
0

0
0

0
0
0
0
0

0
0

0
0
0
0
0

0
0

0
0
0
0
0

0
0

0
0
0
0
0

0
0

0
0
0
0
0

0
0

0
0
0
0
0

0
0

0
0
0
0
0

0
0

0
0
0
0
0

0
0

0
0
0
0
0

0
0

0
0
0
0
0

0
0

0
0
0
0
0

0
0

0
0
0
0
0

0
0

0
0
0
0
0

0
0

0
0
0
0
0

0
0

0
0
0
0
0

0
0

0
0
0
0
0

0
0

0
0
0
0
0

0
0

0
0
0
0
0

0
0

0
0
0
0
0

0
0

0
0
0
0
0

0
0

0
0
0
0
0

0
0

0
0
0
0
0

0
0

0
0
0
0
0

0
0

0
0
0
0
0

0
0

0
0
0
0
0

0
0

0
0
0
0
0

0
0

0
0
0
0
0

0
0

0
0
0
0
0

0
0

0
0
0
0
0

0
0

0
0
0
0
0

0
0

0
0
0
0
0

0
0

0
0
0
0
0

0
0

  4.919077625666715   4.196545367536348   -7.67065664621758 -0.6226693805866388 -0.8220522675451202
  2.213464346876925  0.5249205296956077  -1.487828415294563 -0.1250153653073399 -0.1253362353887377

 4.102580583398622e-08 -2.282267619489019e-07  5.754142944422121e-08 -0.0008594435378757257  -0.002937025334376629
 3.529092516261796e-09 -7.081569033420456e-08  5.734195730623478e-08 -0.0002991581956770482     0.1195731373820544

cov:
0.05360886611749632 0.05366033117120766 0.05370159025544767 0.05380820251474003 0.05387783330937756
0.05366033117120766 0.05372433435374202 0.05377559339347297 0.05390845075034065 0.05399424942258503
0.05370159025544767 0.05377559339347297 0.05383486364948325  0.0539887014219975 0.05408741693868863
0.05380820251474003 0.05390845075034065  0.0539887014219975 0.05419813880982311 0.05433017847509503
0.05387783330937756 0.05399424942258503 0.05408741693868863 0.05433017847509503 0.05448405715458107

cov.inverse():
 25961876.79105619 -39266776.96600684  8258225.496570766  1396026.345027405  3650573.097450349
 -39266776.9655095  91041117.21753731 -52607287.52551555  552554.8796623639  280521.7372679394
  8258225.49590841 -52607287.52458567  53684711.95626207 -3464163.095199357 -5871499.094254091
 1396026.345151718  552554.8792206467 -3464163.094843762  1688339.802067192 -172707.9497710136
  3650573.09749107  280521.7372770958 -5871499.094342156 -172707.9497328239  2113039.113366957

cov*(cov_.inverse()):
     1.000000000261934  3.474269760772586e-10 -2.328306436538696e-10 -2.000888343900442e-11                      0
 2.619344741106033e-10     0.9999999991541699   2.91038304567337e-10 -9.094947017729282e-12  1.455191522836685e-11
 3.492459654808044e-10  3.710738383233547e-10                      1 -2.364686224609613e-11 -1.455191522836685e-11
 2.037268131971359e-10 -1.315129338763654e-09 -1.746229827404022e-10     0.9999999999636202 -1.455191522836685e-11
-1.164153218269348e-10 -8.003553375601768e-10  1.746229827404022e-10  3.637978807091713e-12                      1
