5
2

0.6053360561739624
 2.358907137832664
 2.835684117130609
 7.172452133171589
 24.79002801183882

-0.4683484180605421  0.8527539858271763 -0.1011847936805759 -0.1403646382483972 -0.1533616797419343
-0.2557050739565509 -0.1163988049578676  0.6814748980498251   0.310545947935231 -0.6001828145708976
0.04210982176578986 0.02918497901864479 -0.5774913556187694  0.7636151074302026 -0.2842018680453922
-0.8310610361045262 -0.3823840727757757 -0.1045871615016544  0.1195515076737552  0.3713339976601135
 0.1510926590962919   0.334951661807097  0.4253455779603474  0.5352180744964595  0.6305562184783816

41.94478327938308
97.52296486215128
132.1843192564419
156.3306149451451
185.8866543482183

 1.948344727189639
-1.130214151832248

  -0.03510118758320975    0.03510599134334091  4.094425708651983e-07  2.984227868760032e-06  2.063529455755345e-07
     1.777173388842474    -0.7772123618806165 -4.079363762978395e-05 -5.459859447045842e-07 -5.677396491455666e-05

   0.0169935899610848   0.02721200784063694 -0.003630988246656762    0.8101230969641514     3.968230750357621
  -0.5478500340713519    -2.025232169249024    0.4196877904942636     -60.6918001331944      4.99984254989075

cov:
50.01840799784269 47.47865268140524 42.81835773498446 44.42636005034527 43.45759086073799
47.47865268140524 76.81819844882335 89.00326813210776 107.7533722392443 122.7650642791354
42.81835773498446 89.00326813210776 117.0151912678313 136.8964981079399 161.8753360273789
44.42636005034527 107.7533722392443 136.8964981079399 182.0096574470033 206.9093966876869
43.45759086073799 122.7650642791354 161.8753360273789 206.9093966876869 254.1000823068586

cov.inverse():
    0.6240451523401329     -1.078171428279011    0.09678143842130023     0.1673331938161967     0.2162649741971304
    -1.078171428279011      1.990080820813186    -0.2508176792581833    -0.3309757932984598       -0.3477939418849
   0.09678143842130021    -0.2508176792581834     0.1533816037307515    0.02207860364125524   -0.01106339209056061
    0.1673331938161965    -0.3309757932984596    0.02207860364125507      0.144358936033962 -0.0003259923378086411
    0.2162649741971304    -0.3477939418849002   -0.01106339209056049 -0.0003259923378086139     0.1422940588101245

cov*(cov_.inverse()):
     1.000000000000002  -1.77635683940025e-15  3.885780586188048e-16  2.296773882193293e-15 -8.881784197001252e-16
-3.552713678800501e-15     0.9999999999999858  3.108624468950438e-15  2.997602166487923e-15 -3.552713678800501e-15
 7.105427357601002e-15    1.4210854715202e-14      1.000000000000004  2.671474153004283e-15 -3.552713678800501e-15
                     0                      0   1.77635683940025e-15      1.000000000000004 -3.552713678800501e-15
-7.105427357601002e-15 -2.842170943040401e-14  2.664535259100376e-15  1.236510893676268e-14      1.000000000000007
