5
2

8.030206483671723e-05
 0.000100973218715179
0.0004655268828731751
  0.01100409390648277
    0.518737040458131

 0.007467845906821407    0.3469482884982357    -0.815539134282487    0.4631016218688758 -0.001981075931418844
  -0.4868296314545538    0.7714834761206757   0.09800781519342761   -0.3974738048580477   0.01480535792407765
   0.3415941159940425  -0.05249091652808328   -0.3518072822672298   -0.5829665328815057    0.6457087743589616
  -0.6686478054611711   -0.2864203255011593    0.0383304011548722    0.2955094275137721    0.6181249614677919
   0.4462787395625562     0.446820133837718    0.4472726295066974     0.447633401417591     0.448060919341536

0.3987294118357735
0.3987875578981138
0.3988981255835902
0.3988925616925539
0.3988894456663568

0.0001008881381149356
   0.3989268349029764

   2.438630788807269    3.898481720404265    2.142346931562294    -8.27578613735824  -0.2037019120376458
   1.214827936026747   0.7290337509673481   0.1554308824241166   -1.075844494294598 -0.02347083367433009

-2.713825534439025e-08  5.420766858337895e-08  9.898834516987595e-07 -0.0006340953104993529  -0.001976941931642696
-2.340323335980399e-09  4.216174626149154e-09  2.024239290123964e-07 -0.0001631779062458303     0.1198299231661447

cov:
0.05364702358226849 0.05368105563423791 0.05370908223327246 0.05373156921330924 0.05375687691619827
0.05368105563423791 0.05373290810123536  0.0537760457476987 0.05381050473343936 0.05385070597889651
0.05370908223327246  0.0537760457476987  0.0538320417723878 0.05387666682966729 0.05392952764894262
0.05373156921330924 0.05381050473343936 0.05387666682966729 0.05392936056168784 0.05399224225330745
0.05375687691619827 0.05385070597889651 0.05392952764894262 0.05399224225330745 0.05406810656767507

cov.inverse():
 23796419.19934226 -36516950.58287244 -6178987.253270132  18594780.67363243  305140.1894020837
-36516950.57844778  77057335.42305925 -36377729.33873117  -5019147.81358205  855848.5212193753
-6178987.263073489 -36377729.32312716  104655400.8975402  -61443345.2514801 -655153.1607974311
 18594780.67885002 -5019147.823986432 -61443345.24682938  50322607.35814896 -2454913.106735729
 305140.1895631645  855848.5204443136 -655153.1596472535 -2454913.107271919  1949170.031592855

cov*(cov_.inverse()):
     1.000000000040018  -4.43833414465189e-10  9.313225746154785e-10  4.365574568510056e-10  -2.91038304567337e-11
 2.473825588822365e-10      1.000000000065484  4.729372449219227e-10  5.820766091346741e-11                      0
-1.200533006340265e-10  5.456968210637569e-10      1.000000000662112  3.201421350240707e-10 -1.455191522836685e-11
  8.36735125631094e-11 -4.365574568510056e-11 -5.165929906070232e-10      1.000000000582077                      0
 2.146407496184111e-10  9.458744898438454e-11  6.548361852765083e-11 -4.074536263942719e-10                      1
