7
2

7.149649567487106e-05
8.348365192175535e-05
0.0001100882150904037
 0.000281132040484815
 0.000576693057910769
  0.01602276439077042
   0.6010563162253016

  0.01825789540640847   -0.3116471434423433 -0.008616018808233721     0.798841698212381   -0.5139156836030229  0.002828943766293753   0.01425060983313303
   -0.138407351228844    0.6436775996877021   -0.7160610242939672    0.2305460425515886  -0.02479872726659708  0.002483423684830543  0.002557395106060182
   0.4903200720616618   -0.4903833579720903    -0.518749052764756    0.1053383581573162    0.4857313833980274  -0.02255665809872952  -0.04969768678227333
  -0.5189395596785881  -0.01533626138471303     0.188537949897506    0.3853257266595343    0.5737883147855425   -0.1860621789917037   -0.4273077271411169
   0.0298686449120477   0.05265788390237037   0.06021941998600296   0.07047118218846378   0.08785263528526836   -0.8341427296002251    0.5331325035861837
   -0.572556662838521   -0.3203846138910377   -0.1905521236861393  -0.03682705475729475     0.139093072797734    0.3545589603766801    0.6219383280792434
   0.3769413039261134    0.3773923865157832    0.3776224900960434     0.377896756608001    0.3782098859677238    0.3786182017282571    0.3790660572902333

0.3826742943047594
0.3826988161947357
0.3828000116973905
0.3827761258465147
0.3827492993362983
0.3827284059680953
0.3826736605361541

0.0005353779737781619
   0.3829264617670737

    1.25203840923815    2.964510308818845    2.146926198854024    1.449525907537867   -6.946640416069689  -0.1386980523893422   -0.727724870321642
   1.110589205467789   0.5958402231968956   0.2794963378188395  -0.1370131872631475  -0.7441963917490499 -0.01109519233962547 -0.09363207558831385

 1.941261664450422e-08  4.891294007030393e-09  -6.22426334732171e-08 -2.672190614431526e-07 -1.521937467084155e-07 -0.0009234889817915784  -0.002322999980180332
 5.306691607713347e-10  1.134577066869538e-10 -3.195200528245703e-09 -7.670390340880375e-08 -1.141391579198979e-08 -0.0002671691083318529     0.1358745128814288

cov:
0.05141495683860374 0.05143928966740739 0.05145153306599172 0.05146628044580153 0.05148305748740494 0.05150700801092924 0.05152871639778991
0.05143928966740739 0.05148005828470761 0.05150074510681043 0.05152549361375753 0.05155371466401656  0.0515916490483746 0.05163074158921048
0.05145153306599172 0.05150074510681043 0.05152579527210064 0.05155568576827069 0.05158979991269064 0.05163493625220565 0.05168297782600338
0.05146628044580153 0.05152549361375753 0.05155568576827069 0.05159168769810751   0.051632774440596 0.05168643825217711 0.05174507726171539
0.05148305748740494 0.05155371466401656 0.05158979991269064   0.051632774440596 0.05168185575098579 0.05174527450264991 0.05181604415061424
0.05150700801092924  0.0515916490483746 0.05163493625220565 0.05168643825217711 0.05174527450264991 0.05182100511718951 0.05190622671071579
0.05152871639778991 0.05163074158921048 0.05168297782600338 0.05174507726171539 0.05181604415061424 0.05190622671071579 0.05201050110214844

cov.inverse():
 26062193.86639478 -33629383.78019229 -8029887.161567256  12968.68392712132  14548456.25964886  194168.1262692894  841638.7901603425
-33629383.79796547   98301594.5804971 -44644164.49184855 -31736350.68707975    9289928.2547752  873178.1352201907  1544828.794409249
-8029887.150406114 -44644164.50417033  96248810.26133089 -28610021.52442833 -15992169.73789752  110424.9876765699  917179.6874313517
 12968.70847868481 -31736350.73087164 -28610021.51706092  135274864.4986961 -74094953.18860672  -755734.344036249 -90740.53630050918
 14548456.24195227  9289928.291004971 -15992169.74355126 -74094953.20132183  75411809.32283199 -2768238.738619217 -6394669.097330295
 194168.1264578443  873178.1357337184  110424.9861700571 -755734.3433412373 -2768238.738501229   2575087.25266994 -229059.7269046508
 841638.7897288147  1544828.796006558  917179.6860635565 -90740.53615355422 -6394669.097283815 -229059.7268960788  3410862.314993381

cov*(cov_.inverse()):
     1.000000000116415 -4.802132025361061e-10 -4.147295840084553e-10 -3.637978807091713e-12  3.492459654808044e-10  2.182787284255028e-11                      0
 8.003553375601768e-11     0.9999999993451638  7.275957614183426e-11  3.701643436215818e-10  4.074536263942719e-10  2.364686224609613e-11   2.91038304567337e-11
 7.275957614183426e-11 -1.280568540096283e-09     0.9999999996070983  8.567440090700984e-10  2.328306436538696e-10  2.364686224609613e-11                      0
 2.619344741106033e-10 -8.003553375601768e-10  7.275957614183426e-11      1.000000000692125 -1.164153218269348e-10  2.182787284255028e-11                      0
 1.964508555829525e-10  -1.06228981167078e-09 -2.110027708113194e-10  6.730260793119669e-11      1.000000000698492  5.456968210637569e-11  -2.91038304567337e-11
 2.182787284255028e-10 -9.458744898438454e-10 -3.710738383233547e-10  2.055458026006818e-10  2.328306436538696e-10      1.000000000023647                      0
-1.746229827404022e-10 -2.182787284255028e-10  1.236912794411182e-10 -1.527951098978519e-10  5.820766091346741e-11  1.455191522836685e-11                      1
