5
2

8.146042355775674e-05
 0.000198836449190861
0.0006705515811885615
 0.009879880964412628
   0.5167272904406369

 -0.4149741345027705   0.8100740801731285  -0.4139591951729371 0.005167654005328664   0.0136942473028391
 -0.5302691216106081   0.1338975835706631   0.7831337274260745  -0.1134149472689667  -0.2733582091029493
  0.1034277733626957   0.1062283692425377     0.11082191915623  -0.8364048718186847   0.5159104785694959
 -0.5802528532769555  -0.3391481382000728 -0.05592793290391172   0.2952049462322053   0.6767653010169135
  0.4463411792801303   0.4467051551852659   0.4471352348620519   0.4476508407297699   0.4482330449091388

0.3991196449666378
0.3991147778494962
 0.399109332831299
0.3990973810276308
0.3990902173095486

9.511351383172653e-05
   0.3991436308314683

  7.478481064400064   4.205536582282003  -10.54755564329502 -0.3049424001192516 -0.8316147555271053
  2.539860898495119   1.183782202944403  -2.467090262939746 -0.0845719424600743 -0.1719853529434419

 3.090102187893506e-08 -4.507384725486566e-07 -5.515001923859883e-08  -0.000568945038534082  -0.002365623165128642
 6.127877530627271e-09 -1.211286312430089e-07  4.363439073163057e-08 -0.0001833759043381425     0.1186512548094572

cov:
 0.0532261551091382 0.05325585913794331 0.05329106290002567 0.05333259641988763   0.053380436103979
0.05325585913794331 0.05329130027474737 0.05333321844673829 0.05338304456343611 0.05343991831892798
0.05329106290002567 0.05333321844673829 0.05338304244498859 0.05344260671313605 0.05351009444879069
0.05333259641988763 0.05338304456343611 0.05344260671313605 0.05351471335246089 0.05359478887276167
  0.053380436103979 0.05343991831892798 0.05351009444879069 0.05359478887276167 0.05368998936381544

cov.inverse():
 33090066.32057046 -52427940.12303897  15409383.54217738  1003849.329773424  2924642.137854742
-52427940.12640653   99370609.1475203 -47855972.42559893  48114.66665653974   865486.870406733
 15409383.54733141 -47855972.43220728  41363672.40674189 -2775228.382509252 -6142236.158116547
  1003849.32883945   48114.6682583429 -2775228.383127892  1886119.784687996 -162797.9024083964
 2924642.137002188  865486.8720458123 -6142236.158952252  -162797.902359211  2514948.081172511

cov*(cov_.inverse()):
    0.9999999999417923  1.673470251262188e-10  1.746229827404022e-10  9.094947017729282e-12                      0
 5.820766091346741e-11     0.9999999994251993 -1.164153218269348e-10 -7.275957614183426e-12   2.91038304567337e-11
  2.91038304567337e-10 -7.130438461899757e-10      1.000000000523869 -2.364686224609613e-11                      0
  2.91038304567337e-11 -1.309672370553017e-10  5.820766091346741e-10      0.999999999992724  5.820766091346741e-11
 1.746229827404022e-10 -4.220055416226387e-10  5.820766091346741e-11   -1.2732925824821e-11      1.000000000029104
