5
2

7.427927813271327e-05
0.0001533180391704448
 0.000656628129299875
  0.02061936623243464
   0.5197615912169623

 -0.2724782347646925   0.7692127770663343  -0.5734772285970169 0.004855544462924723  0.07188607059833547
 -0.6528065849133421   0.2812737815825516   0.6554219709305796 -0.03046912412142278  -0.2534211810105437
  0.1624361206569465   0.1694848617007562   0.1880856959117218  -0.8822279810449063   0.3621973892990246
 -0.5240994893279485  -0.3183724830103665 -0.07993983095151752   0.1425748196494227   0.7728135166891008
  0.4455708768146798   0.4462181160690799   0.4469667803349658   0.4476541817369796   0.4496469920690545

0.3977999440991016
0.3978362615514063
0.3978345413561727
0.3978925824926644
0.3977952698641194

0.00042039123888796
 0.3980372113424531

   1.113566797823799    2.991628098522189   -2.196416031797804 -0.05799901189947163   -1.850758964204177
  0.9625970861620773   0.8562980876186718  -0.6033286272886457 -0.01394835410558368  -0.2016480853963643

 1.723664082802007e-08 -2.008077897399066e-08 -1.484774507574523e-07  -0.001190039864238171  -0.002373317347599537
 4.015684887878819e-09 -1.719361808089274e-08   5.48788987178257e-08 -0.0003769935514433663     0.1200606230085144

cov:
0.05375102333860068 0.05378307619273542 0.05382006311247893 0.05385315975158659 0.05395269553719276
0.05378307619273542 0.05383326296537615 0.05389123622432618   0.053943900654615 0.05409890895729593
0.05382006311247893 0.05389123622432618 0.05397354459207691 0.05404888581985364 0.05426819301058629
0.05385315975158659   0.053943900654615 0.05404888581985364 0.05414591229234968 0.05442464215413966
0.05395269553719276 0.05409890895729593 0.05426819301058629 0.05442464215413966 0.05487398696414485

cov.inverse():
 31647587.42236125 -45734822.20110758  10190228.11132129   273831.813401835  3623262.684712533
-45734822.19475994  110672739.2204494 -72034967.79691002 -34550.98321102219  7131438.348866384
 10190228.10304853 -72034967.78664936  77963948.96029434 -1739125.385667407 -14380009.67654953
 273831.8136056112 -34550.98403340948 -1739125.384925006  1849004.880948851 -349109.5128361689
 3623262.686433879  7131438.345775723 -14380009.67530399 -349109.5127123803  3974387.328969678

cov*(cov_.inverse()):
     1.000000000523869   2.91038304567337e-10  8.149072527885437e-10  1.091393642127514e-11 -8.731149137020111e-11
 2.037268131971359e-10      1.000000000174623  1.164153218269348e-10  7.275957614183426e-12 -1.164153218269348e-10
                     0  -2.91038304567337e-10     0.9999999998835847  1.455191522836685e-11 -8.731149137020111e-11
-2.619344741106033e-10  5.238689482212067e-10  8.149072527885437e-10      1.000000000003638 -1.164153218269348e-10
 5.820766091346741e-11  3.492459654808044e-10 -2.328306436538696e-10                      0     0.9999999999417923
