6
2

7.152105356718175e-05
0.0001017187768556635
0.0002755780494835816
0.0005754269387511125
  0.01568243407320453
   0.5565353545871559

 -0.01865644472048482    0.3173208115978712   -0.7961537100521036    0.5146692901908351 -0.002817298804211613  -0.01436294292407759
   0.4818385495026273   -0.7736325073325572  -0.05686903089756433    0.4052998709433513  -0.01786029985912035  -0.03877232825820506
  -0.4669221771219813   0.02729966094366882    0.4302168875689129    0.6189621928893053   -0.1880242729551074   -0.4215264110680536
  0.05070471278175905   0.06724746810281919   0.07971750724822883   0.09416278385539126   -0.8296699031852101     0.537896970672689
  -0.6174231639023384   -0.3597750169300563  -0.07007431114743803    0.1096738183486203    0.3297849356737969    0.6030370756085228
   0.4070440990529281    0.4075471627484454     0.408109449658913    0.4084585215500642    0.4089128186390927    0.4094130329957134

0.3827441171510572
0.3827683352536394
0.3828454459578008
0.3828184952639302
 0.382797276321886
0.3827424685910386

0.0005376069036566458
   0.3829963904302076

   1.435105376953258    3.958099504475793    2.083373940042413   -6.590222085024109  -0.1397283259072743  -0.7466933743866542
   1.135674600532204   0.7225538742300749 -0.05322027459870782  -0.6975369858615995 -0.01110086231864507 -0.09638091900945633

 -1.94898561356626e-08  -5.30649038267592e-08 -2.584956820171851e-07 -1.328601023090205e-07 -0.0009038795896342358  -0.002219871785991665
-5.479469067369878e-10 -2.974981648687593e-09 -7.005592178220378e-08 -2.113710486489552e-09 -0.0002694758068245402     0.1257853834587889

cov:
0.05141162333493086 0.05143589983407304 0.05146278888002128 0.05147949920189375 0.05150336199564699 0.05152496450197271
0.05143589983407304 0.05147661628901571 0.05152195399057653 0.05155011197438271 0.05158796229923734 0.05162695652734161
0.05146278888002128 0.05152195399057653 0.05158805443412996 0.05162908181535334 0.05168266517624082 0.05174121377274616
0.05147949920189375 0.05155011197438271 0.05162908181535334   0.051678106842317 0.05174144830012503 0.05181213366090313
0.05150336199564699 0.05158796229923734 0.05168266517624082 0.05174144830012503  0.0518171044200064 0.05190224845572314
0.05152496450197271 0.05162695652734161 0.05174121377274616 0.05181213366090313 0.05190224845572314  0.0520064568449058

cov.inverse():
 25387000.03375234 -37341470.40045065 -2377326.554881962  13205982.01612057  206687.6574111868   919314.607729485
-37341470.39200254  77553898.49706702  -44965616.4852286  1863905.392744957  924089.3145805011  1964881.724492585
-2377326.577429821    -44965616.45398  126684569.1840101 -78803203.76963405 -728334.3844636101  189986.7237389493
 13205982.03040443  1863905.371363725 -78803203.76527974  72731098.61799628 -2751334.826226518 -6246244.481625627
 206687.6574002426  924089.3139364244 -728334.3829270396 -2751334.827038833  2577228.981442445 -228510.8404245651
 919314.6075563011  1964881.723717394  189986.7265488983 -6246244.483556442 -228510.8403553302  3400612.760729092

cov*(cov_.inverse()):
    0.9999999998544808  -3.92901711165905e-10  4.001776687800884e-11 -5.238689482212067e-10   -1.2732925824821e-11   2.91038304567337e-11
-1.309672370553017e-10     0.9999999998399289 -1.318767317570746e-09  1.164153218269348e-10 -1.637090463191271e-11  8.731149137020111e-11
-7.275957614183426e-12 -2.182787284255028e-10     0.9999999994015525 -2.328306436538696e-10   -1.2732925824821e-11   2.91038304567337e-11
-8.003553375601768e-11  -1.01863406598568e-10 -9.658833732828498e-10      1.000000000174623  7.275957614183426e-12  5.820766091346741e-11
-7.275957614183426e-11 -1.164153218269348e-10  1.891748979687691e-10                      0      1.000000000003638   2.91038304567337e-11
-1.818989403545856e-10 -1.309672370553017e-10  7.275957614183426e-12  5.820766091346741e-11 -3.637978807091713e-12      1.000000000029104
