6
2

9.642962025298558e-05
0.0001676724797742822
0.0004737331255872097
0.0006479316802667284
  0.02032517464127177
     0.56844649512822

   0.3011335272378968   -0.7815578138805832     0.544396736887699  -0.01641459044735043 -0.004824561040003666  -0.04272540266292967
   0.6272766057028596   -0.2586312687211424   -0.7002447947711222   0.05182857280707403   0.07878477609266034    0.2009923189337144
 -0.06354237706370156  -0.07771946957349876   -0.1151321796000003    0.1420329097939641    0.7463719528609239   -0.6319985697016187
   0.1045463478043874    0.1078862073619361   0.08987654160975515   -0.8857528170152948    0.3771805286990482     0.206227133544225
  -0.5793552649754178   -0.3726328779609406   -0.1602710511923361    0.1589292806175326    0.3561913803587599    0.5896393725643062
   0.4064757841917333    0.4071145280811217    0.4077614485216836    0.4087229424788273    0.4093423261498852    0.4100612336031663

0.3985188605288182
0.3985692187141002
0.3986707791150302
0.3986489607428422
 0.398638335844142
0.3986258539623819

0.0002068994274515991
   0.3987299290224925

   2.123869987826818   0.6245160339657408 -0.03012537029187282  -0.1534992082303052  -0.6925238029634575   -1.872203302188132
   1.222796660644849   0.2877366091029707  -0.1860254114194256 -0.02004705356430028 -0.09244167166092654  -0.2120242289910228

 2.054302632533638e-09  2.117031643316779e-08  1.042497075165379e-07 -9.430369548062005e-08   -0.00117049440379726  -0.002801111059491964
 4.826431319908024e-10    2.1702371566928e-08 -3.700475026487096e-09  3.414224915185251e-08 -0.0003912054141172208     0.1309807054965237

cov:
0.05352728081032513 0.05356168164595413 0.05359582066756014 0.05364567629061074  0.0536798640987641 0.05371843005307569
0.05356168164595413 0.05361390135108159 0.05366630726491228 0.05374360566308594 0.05379476648481366 0.05385341868043875
0.05359582066756014 0.05366630726491228 0.05373750106274026 0.05384299266207082 0.05391157382556253 0.05399086742889766
0.05364567629061074 0.05374360566308594 0.05384299266207082 0.05399130783871344  0.0540856116569331 0.05419590565452865
 0.0536798640987641 0.05379476648481366 0.05391157382556253  0.0540856116569331 0.05419686621384428 0.05432605062252942
0.05371843005307569 0.05385341868043875 0.05399086742889766 0.05419590565452865 0.05432605062252942 0.05447835492231942

cov.inverse():
 23792619.94434075 -31031563.50951151  2061507.635132291  363796.1595438612   1483697.28698023  3330337.898278438
-31031563.50809257  68124527.09812896 -39251892.11489695  625909.6830748151 -481128.1411851981  2013422.520037207
 2061507.632866306 -39251892.11165833  49391620.51700891 -2514464.746844173 -2547059.497369962 -7139412.199468674
 363796.1600900055  625909.6818275262 -2514464.746102301  2083290.526638567 -169540.2372399117 -388909.8215531848
 1483697.287403539 -481128.1421824637 -2547059.496736716 -169540.2372633414   3044703.19262849 -1330654.261218281
 3330337.898156015  2013422.520462056 -7139412.199871098  -388909.821489042 -1330654.261182431  3515164.127365951

cov*(cov_.inverse()):
     1.000000000291038  3.637978807091713e-10  5.820766091346741e-10 -3.274180926382542e-11   2.91038304567337e-11  5.820766091346741e-11
-8.731149137020111e-11      1.000000000160071  4.656612873077393e-10  -2.91038304567337e-11  1.455191522836685e-11   2.91038304567337e-11
                     0  8.294591680169106e-10      1.000000000407454 -7.275957614183426e-12  1.455191522836685e-11  1.164153218269348e-10
 -2.91038304567337e-11  3.346940502524376e-10  8.731149137020111e-10     0.9999999999636202  4.365574568510056e-11   2.91038304567337e-11
 2.619344741106033e-10  7.566995918750763e-10  5.820766091346741e-10  3.637978807091713e-12      1.000000000014552                      0
 -2.91038304567337e-11   4.94765117764473e-10  3.492459654808044e-10 -7.275957614183426e-12 -1.455191522836685e-11      1.000000000058208
