5
2

0.0001019913060357123
0.0002654011255488859
0.0006612468218600971
  0.01464121017749963
    0.517435474279671

  0.4642494138273585  -0.8032785555302648   0.3722976609215548 -0.01126697859750342 -0.02198978971676694
 -0.4091791348217575   0.1478019465279944     0.80201808938331  -0.1670367017012932  -0.3736211246915143
 0.06522287852010163  0.08393185638738099   0.1080585873202733  -0.8156226393971993   0.5583766393842184
 -0.6434647459403492  -0.3557244318067805  0.07952124564591151   0.3257400553804428   0.5890526607692503
   0.445807149154145   0.4464456505856657   0.4473937294727691   0.4479117344985828   0.4485043988224793

0.3995907422667159
 0.399637286388531
0.3997237901485129
0.3997096278663292
0.3996894313174748

0.0002694866820831883
   0.3998087176640353

   2.871971581427751    3.400383146474994   -5.434267938002463  -0.1886251103643643  -0.6494216717996345
   1.292757456169103   0.5865266351375484  -0.7806604792790069 -0.02472812330903296 -0.07388193155089032

-3.541857328015256e-08 -3.350585933973813e-07 -1.413513907862981e-07 -0.0008432558644158361   -0.00229761893875519
-1.661414367038577e-09 -7.301923578923195e-08  1.228815309846963e-08 -0.0002474072801369078     0.1190631506558638

cov:
0.05330039011513903  0.0533368902670419 0.05339000443657236 0.05341787081765977 0.05345233604093609
 0.0533368902670419 0.05339128653280777 0.05347141973214357 0.05351452128633239 0.05356533260990619
0.05339000443657236 0.05347141973214357 0.05359244742254145 0.05365859394916443 0.05373412800672107
0.05341787081765977 0.05351452128633239 0.05365859394916443  0.0537382486501413 0.05382722194607976
0.05345233604093609 0.05356533260990619 0.05373412800672107 0.05382722194607976 0.05393198044520349

cov.inverse():
 23107982.98801475 -36695176.97773364  11972461.71336392  344846.7499562583  1270521.770454062
-36695176.97696877  62357448.17309288 -27045978.82309526  362454.7412494406   1020315.49088731
 11972461.71195535 -27045978.82130442    22483273.992546 -2506606.183053731 -4902928.995694718
 344846.7499334201  362454.7413710477 -2506606.183223943  1930239.419126314 -130850.0297964016
 1270521.771120559  1020315.489739767 -4902928.995142215  -130850.029867845  2742955.318510447

cov*(cov_.inverse()):
    0.9999999999272404  1.236912794411182e-10   2.91038304567337e-11 -2.000888343900442e-11   2.91038304567337e-11
 2.037268131971359e-10      1.000000000116415  1.746229827404022e-10 -2.000888343900442e-11  5.820766091346741e-11
-4.365574568510056e-11 -1.382431946694851e-10      1.000000000116415 -2.273736754432321e-11  -2.91038304567337e-11
-7.275957614183426e-11  2.401066012680531e-10 -2.328306436538696e-10     0.9999999999845386                      0
-8.731149137020111e-11  7.275957614183426e-12                      0 -1.818989403545856e-12                      1
