5
2

7.720486848532314e-05
0.0002010867374117634
0.0005674984917989113
  0.01774731312123814
   0.5184291031778409

 -0.3810050825330678   0.8008534677101877   -0.460966336369617   0.0123912616227937  0.02872879583113143
 -0.5558997205816123   0.1831162244104312   0.7581124317713365   -0.127595327918623  -0.2577380881865236
 0.05788618013976476   0.0703073043086386  0.08916384709074254   -0.801552645950124   0.5841825376130416
 -0.5863296929331883  -0.3477691100865866 -0.07057950014507931    0.374479179524502    0.624546247700187
  0.4457323289542232   0.4463358608096295   0.4470390587621774    0.448156879676911   0.4487967038867963

0.3999371484016782
0.3999877407389472
 0.400005151288253
0.4000632770245906
0.4000494759465293

0.000202044520864722
   0.400146095750837

   2.584384452262223    4.837955751554304   -6.503266367953437  -0.2464764086371881  -0.6725614696900279
   1.180855355595692   0.9234837856788911  -0.9860996864716693 -0.03728200046521635 -0.08094992307505028

 3.496030612893782e-08 -2.133462944187536e-07 -9.192960655047192e-08    -0.0010240027303513  -0.002209466932443034
 4.419388309324668e-09 -4.889853230588437e-08  9.002189013905509e-09 -0.0003176284607403987     0.1195123234052868

cov:
0.05350654366544275 0.05353477098752452 0.05356781375709511 0.05361953869477237 0.05365003663234629
0.05353477098752452 0.05358105180973603 0.05363504469246668 0.05372036540513993 0.05376975862283873
0.05356781375709511 0.05363504469246668 0.05371339366086086 0.05383775219780022 0.05390910386625926
0.05361953869477237 0.05372036540513993 0.05383775219780022 0.05402512294930456  0.0541313281541362
0.05365003663234629 0.05376975862283873 0.05390910386625926  0.0541313281541362 0.05425795851046518

cov.inverse():
 32007935.87817074 -53695238.35922414  19059149.11760547  817314.9212150115   1810777.34013147
-53695238.35662703  108446094.6395426 -58481836.82103635  911644.1817895648  2819606.224937177
 19059149.11391463 -58481836.81647096  49887320.14028822 -3572509.388063083 -6892368.493038742
 817314.9213806619  911644.1816668566 -3572509.388179947  2423794.788127014 -580197.1787809798
 1810777.341059557  2819606.223091596 -6892368.492047332 -580197.1788549019   2842190.16584102

cov*(cov_.inverse()):
    0.9999999997671694  6.402842700481415e-10  -2.91038304567337e-10 -3.637978807091713e-12  5.820766091346741e-11
-5.820766091346741e-11      1.000000000029104  5.820766091346741e-11 -3.637978807091713e-12                      0
-2.328306436538696e-10  5.529727786779404e-10     0.9999999994179234 -7.275957614183426e-12   2.91038304567337e-11
-2.037268131971359e-10  1.105945557355881e-09 -3.492459654808044e-10      1.000000000003638   2.91038304567337e-11
-5.820766091346741e-11  8.731149137020111e-11  1.164153218269348e-10 -7.275957614183426e-12                      1
