5
2

5.418894365935358e-05
8.507750020268823e-05
0.0001953274067769753
  0.02105174642186514
     0.57693420370233

-0.007556104693900422    0.2521211586792345   -0.7925049423727418      0.55521246820964 -0.007270356760969137
  -0.3643996038911042    0.8048639185749291  -0.06176305340830417    -0.457574165555948   0.07885562446444024
   0.6493564224922502  -0.07351492143050585   -0.4042416165858971    -0.530095836402893    0.3584953452186932
  -0.4971199202197553   -0.2901248524847067  -0.07027671080949802   0.03532590190140684    0.8139487818432324
   0.4453805737283919    0.4461525750460756    0.4469576499918966    0.4473426908350092    0.4502192803460771

0.4225822006136659
0.4226395498823429
0.4226510403467382
0.4227257046488397
0.4226748223781048

0.0002220228992623117
   0.4227999614963197

 0.7029128267053043   3.192679974810028  0.7616055583815948  -3.058473191374011  -1.598695112490401
  1.873539576319386  0.1189226297582685  -1.158929902754442  0.1154994335583044 0.05116587279996712

-4.376544946307449e-09  2.562247247439443e-08  3.670366974995528e-08  -0.001213650922530883  -0.003347653036919007
 2.930682246447131e-09 -4.084044751844668e-09  6.232095237347377e-08 -0.0003716934856220871     0.1478556237558454

cov:
0.06613555768617649 0.06620437960041832 0.06627528798983795 0.06630910127993907 0.06656402594873845
0.06620437960041832 0.06629241866546971 0.06638370274419221 0.06642730360660851 0.06675437422259708
0.06627528798983795 0.06638370274419221 0.06649663549186606 0.06655062848426421 0.06695431943042264
0.06630910127993907 0.06642730360660851 0.06655062848426421 0.06660962015612847 0.06705011171843638
0.06656402594873845 0.06675437422259708 0.06695431943042264 0.06705011171843638 0.06776206775682977

cov.inverse():
 29417341.95588466  -42419790.3716787  -1731376.43625336  12585257.80621623  2149433.178434136
-42419790.35502084  111287260.1407997 -74132913.76886757 -2189255.285899219   7452978.24124846
-1731376.496692123 -74132913.63057467  218696220.5572727 -140323163.2196973 -2509208.997328402
 12585257.85123293 -2189255.414902888 -140323163.1253648  141269210.9476901 -11340526.77876416
 2149433.177198626  7452978.248615618 -2509209.013803617 -11340526.76842059  4247112.776518296

cov*(cov_.inverse()):
     1.000000000523869 -4.074536263942719e-10   3.69618646800518e-09 -1.979060471057892e-09                      0
-6.111804395914078e-10      1.000000001396984  5.238689482212067e-10 -2.328306436538696e-10  1.164153218269348e-10
 1.164153218269348e-10  5.820766091346741e-10        1.0000000007567  1.280568540096283e-09                      0
-8.731149137020111e-11 -5.820766091346741e-10  4.773028194904327e-09     0.9999999966239557  5.820766091346741e-11
-5.820766091346741e-11 -9.313225746154785e-10  6.693881005048752e-10 -1.396983861923218e-09     0.9999999999417923
