6
2

5.422292191252321e-05
8.368472014790461e-05
0.0001834494518298439
0.0003290321997903434
  0.02376480869557861
   0.6324608074377673

-0.007708662607845512    0.2480319221892259   -0.7902562160553908    0.5602343976767105 -0.004804249394006993 -0.005494900299867065
   0.3400357102745218   -0.8011372789134595    0.0856491681801972    0.4792148311001186   -0.0421187987160547   -0.0616291206466641
  -0.6615449025542185    0.1114613800465433    0.4236673236139638    0.5353972096293167   -0.1956805375700449   -0.2133064853722702
  0.07645518905056475   0.04236498681020133   0.02840097043471256   0.02166660419813123   -0.7833195200613515    0.6144056352211918
  -0.5252596169612552   -0.3419032925156629   -0.1472256714117333  -0.05367295599614232    0.4222067968057871    0.6359164328429182
   0.4061176837080446    0.4068696758519812    0.4076558823730717    0.4080320640486452    0.4099560993821483    0.4108381758136955

0.4224989990169173
0.4225537460054614
0.4225625741315514
0.4226360306223613
0.4226028985246029
0.4225755007621232

0.0002552754570587414
   0.4227210809886512

  0.5959767412374801    2.904421797000971   0.9333464430595899   -2.491748161454963  -0.5577218631889409    -1.38424398044991
   1.804506738840833 -0.03222615919152683  -0.9746072082939116   0.3267092538976538  -0.2921424986083896   0.1679522218631606

-4.138123410771692e-09 -2.191650739534541e-08 -2.035300489477928e-08 -2.949942736352542e-08  -0.001369831450964959  -0.003925217563378203
 2.739609780848136e-09  5.003443080947683e-09 -4.758643162770228e-08  4.850462668302113e-08 -0.0004672906097867858     0.1619904323690433

cov:
0.06612956361574845 0.06619731192009437 0.06626727517717906 0.06630063186756349 0.06647203019775554 0.06655193852217696
0.06619731192009437 0.06628430315114139 0.06637466274412578 0.06641782109798011 0.06663906486191966 0.06674136342334472
0.06626727517717906 0.06637466274412578 0.06648668585180012 0.06654024788685685 0.06681441046626378 0.06694048081598047
0.06630063186756349 0.06641782109798011 0.06654024788685685 0.06659881629559528 0.06689840585166722 0.06703589922537927
0.06647203019775554 0.06663906486191966 0.06681441046626378 0.06689840585166722 0.06732746498810284 0.06752295269232771
0.06655193852217696 0.06674136342334472 0.06694048081598047 0.06703589922537927 0.06752295269232771 0.06774475703392964

cov.inverse():
 29589325.06757181 -41710179.09209931 -2077374.759407384  11290137.12591547  1260524.880081051  1648376.820420766
-41710179.12249897  112957863.2190125 -75050421.26750021 -5777046.649998313  3458094.231260424  6120201.225790051
-2077374.630689996  -75050421.5614671  218796125.1779953  -137974898.003659 -1892845.879125054 -1801101.004078157
 11290137.02150567 -5777046.362340515 -137974898.2105396  148065434.0772677 -7067461.833189912 -8534832.499127481
 1260524.884391586  3458094.215136234  -1892845.85724637 -7067461.842431284  7066896.266102846 -2825079.554053559
 1648376.822201728  6120201.217826137 -1801100.984331218 -8534832.513515009 -2825079.553230027  5392184.141676479

cov*(cov_.inverse()):
     1.000000000320142 -1.222360879182816e-09  4.656612873077393e-10  2.561137080192566e-09 -5.820766091346741e-11 -5.820766091346741e-11
 7.275957614183426e-11      1.000000000465661 -7.566995918750763e-10  1.979060471057892e-09  8.731149137020111e-11                      0
  2.91038304567337e-10  2.328306436538696e-10      1.000000001426088  3.259629011154175e-09 -8.731149137020111e-11 -5.820766091346741e-11
-1.891748979687691e-10  1.746229827404022e-10 -2.619344741106033e-10      1.000000002561137  -2.91038304567337e-11 -5.820766091346741e-11
 7.275957614183426e-11 -3.492459654808044e-10  2.430169843137264e-09  1.164153218269348e-09      1.000000000029104 -1.164153218269348e-10
 1.164153218269348e-10  -2.91038304567337e-10  5.820766091346741e-11 -4.656612873077393e-10 -5.820766091346741e-11      1.000000000058208
