8
2

5.430610237328271e-05
 8.35583500266057e-05
0.0001765708640752684
0.0003159637519406584
0.0003435798781275397
0.0004132826824764108
  0.02448283744351756
   0.7303288978322744

-0.006532996538930798    0.2486082882165516   -0.7920958116577034    0.5573574912691593 9.140534563548327e-05  0.004339454880124347 -0.005743707907487025 -0.006021765738647867
   0.3352075086202602   -0.7972649867797749   0.09139599129645413    0.4885614653928547 -0.008750595622104578  -0.01533632205387847  -0.03578397339014019  -0.05802297715819765
  -0.6438611782092237    0.1404674680280602    0.4412089605469647    0.5546219249779778  -0.08969418215420294   -0.1111685929013031   -0.1297265838644944   -0.1618899569661019
  0.04729513084237397    0.0307263676829745   0.01903223487574092   0.02015132439820931    -0.407520129582792   -0.1862354178495138    0.8220928975778929   -0.3456265903594112
  -0.1799312476485226   -0.1129871616271545    -0.086006019287755  -0.08505189995037656    0.3295326042014726    0.6710390989282095   0.07638977650671507   -0.6127864056188396
  0.09462930533853046   0.06546834670426259   0.05061354990807353   0.03893524477879165   -0.7678312352699744     0.576983038936141   -0.2004092188790843     0.141574776506101
  -0.5530989977215303    -0.375248781477105   -0.1863432505382513  -0.09560070725553274   0.05046915880208445     0.209711232736544    0.3661173626818212    0.5734445815310352
   0.3514978510954019    0.3521695465639751    0.3528751213797593    0.3532130967548407     0.353697663712421    0.3542910933141226     0.354936081619152    0.3557269879947487

0.4224745762967528
0.4225302732546399
0.4225434342859526
0.4226186531682588
0.4226267268931883
0.4225688958829348
0.4225914619366222
0.4225677323598665

0.0002201325453344352
    0.422691696796956

  0.566781208441681   2.861813255212816   1.048429576792891  -2.473410734663685 0.02408518521670384  -0.105860033729733 -0.5614680326098178  -1.360364165603371
  1.810580551785556  0.2908614845278353  -1.309624864397171 -0.1014520020475919  0.1066556943984835  0.5227854209258538 -0.3817243210869175 0.06222588050791938

-4.395132478921884e-09 -2.167064412427674e-08 -1.775525007324653e-08  1.031769119232541e-08  4.987374525182513e-08  6.509542428806074e-09  -0.001410366484252143  -0.004693960902356387
 3.082989883663276e-09  1.444328840032575e-09 -5.572093202872939e-08 -4.078641012892572e-08  9.595538256857027e-09  7.262471095897004e-08 -0.0005070362026581413     0.1869334200527703

cov:
0.06608291997145668 0.06614986726713307 0.06621951669902684 0.06625279531092297 0.06629520388607781 0.06635368326003371 0.06642275838109371 0.06650231860647227
0.06614986726713307 0.06623604397428054 0.06632608433186839 0.06636915835809798 0.06642730808751511 0.06650297124751278  0.0665889483409448 0.06669088822924706
0.06621951669902684 0.06632608433186839  0.0664377919918421 0.06649126756476055   0.066566135850849 0.06666005076070787 0.06676397935804433  0.0668896907788713
0.06625279531092297 0.06636915835809798 0.06649126756476055 0.06654974662245645 0.06663264301572622 0.06673532368946779 0.06684787722314645 0.06698500708041535
0.06629520388607781 0.06642730808751511   0.066566135850849 0.06663264301572622 0.06672861919614122 0.06684521818896594 0.06697166809372156 0.06712712476204366
0.06635368326003371 0.06650297124751278 0.06666005076070787 0.06673532368946779 0.06684521818896594  0.0669775324324159 0.06711893539253595 0.06729445702553581
0.06642275838109371  0.0665889483409448 0.06676397935804433 0.06684787722314645 0.06697166809372156 0.06711893539253595 0.06727547000298917 0.06747058636461316
0.06650231860647227 0.06669088822924706  0.0668896907788713 0.06698500708041535 0.06712712476204366 0.06729445702553581 0.06747058636461316 0.06769201393782982

cov.inverse():
  29754248.2489369 -41505104.47455712 -2800753.003412503  10928299.69404569  311219.9664955738  758322.2754495667    1135444.4858333  1419129.943765575
-41505104.48830082  112771652.1163647 -75113105.14262415 -6202531.890058639 -132360.9038274029  1137609.257166376  3120324.444023009  5922606.245364364
-2800752.999042837 -75113105.16896002  220265978.1492403 -135375851.7848073   -1953739.3684707 -3292975.238146672 -720024.8331490102 -1010844.837831159
 10928299.71294123 -6202531.894100904 -135375851.8077262   149461842.398587 -2685362.388078098  -2620229.76956644 -5832048.170443586 -7674159.437109553
 311219.9643681705 -132360.8963947146 -1953739.379555883 -2685362.382131981  6304153.670262611  378852.1639853361 -1823711.553729912 -397875.8127059236
 758322.2722002444  1137609.264809313 -3292975.240846099 -2620229.772106653  378852.1643775573  6547566.907223884  -1243502.85824418  -1664339.69178181
 1135444.482795213  3120324.446752325 -720024.8232518174 -5832048.180811602 -1823711.553402334 -1243502.858027613  7788840.224776903 -2425709.003245809
 1419129.942657996  5922606.244196888 -1010844.832993725 -7674159.438212939 -397875.8132593809 -1664339.692452149 -2425709.003481254  5830577.361820913

cov*(cov_.inverse()):
    0.9999999997817213 -9.895302355289459e-10  -2.91038304567337e-10 -1.164153218269348e-09  2.182787284255028e-11 -7.275957614183426e-11                      0  1.164153218269348e-10
-1.746229827404022e-10      1.000000000349246 -1.120497472584248e-09  8.149072527885437e-10 -7.275957614183426e-12 -7.275957614183426e-11 -8.731149137020111e-11  5.820766091346741e-11
 1.600710675120354e-10 -2.153683453798294e-09      1.000000002517481 -1.746229827404022e-09   1.01863406598568e-10                      0 -1.164153218269348e-10  1.164153218269348e-10
-2.619344741106033e-10  5.820766091346741e-10  7.275957614183426e-11      1.000000000873115 -5.093170329928398e-11  5.820766091346741e-11  -2.91038304567337e-11  1.164153218269348e-10
-3.055902197957039e-10 -4.656612873077393e-10 -1.105945557355881e-09 -9.895302355289459e-10      1.000000000043656 -1.164153218269348e-10 -1.455191522836685e-10  5.820766091346741e-11
-1.746229827404022e-10  4.074536263942719e-10 -1.411535777151585e-09  8.731149137020111e-10  1.091393642127514e-10     0.9999999999854481  -2.91038304567337e-11  1.164153218269348e-10
 -2.91038304567337e-10 -8.731149137020111e-10  3.055902197957039e-10                      0  7.275957614183426e-12                      0     0.9999999998835847 -5.820766091346741e-11
-1.455191522836685e-11 -3.492459654808044e-10 -7.275957614183426e-11 -2.328306436538696e-10   2.91038304567337e-11  -2.91038304567337e-11  -2.91038304567337e-11                      1
