5
2

8.708736314488121e-05
0.0003875231565093806
0.0006577283978522638
  0.01813986465231807
   0.5209151967917282

  0.5985816592429852  -0.7890945960590271 0.007702570197026797  0.05779186676457056   0.1250219430203411
  0.1156391783819553   0.1240087199466557 -0.05000706967918435  -0.7842966962533447   0.5946657910360479
  0.2721891579058368   0.2375467619522613  -0.8900139100741808   0.2404443913894812   0.1398081997892719
 -0.5966929845675868  -0.3263531573699685 -0.07448214924149806   0.3502197637856483   0.6397262112347516
  0.4451944767485315   0.4461128875164674   0.4469537030983142   0.4484098617171816   0.4493841927191065

 0.397623995966784
0.3976207888247467
0.3976765143767193
0.3976183317792462
0.3975740662225319

0.0004423999777063319
   0.3978296005496939

   4.188074410411778   -1.864856588407964 -0.03644717905407548  -0.6023899660291985   -1.684351978562515
   2.141636337144169  -0.7460820894376256 -0.01780373658917153  -0.1132304283249799  -0.2645403005691395

 2.831016670081259e-08 -4.119344588104357e-08  1.510094793518315e-07  -0.001045133995731257  -0.002919189714655411
  1.38860743213484e-08  1.314322738268462e-08  1.545858655987142e-07 -0.0004086780172457355     0.1202082754326795

cov:
0.05389877836428058 0.05395663669385461 0.05400862547144299 0.05410126892336555 0.05416214205289117
0.05395663669385461 0.05403878754629837 0.05411339974537027 0.05424416773256409 0.05433103971780553
0.05400862547144299 0.05411339974537027 0.05420963806055604 0.05437540535914724 0.05448650720723244
0.05410126892336555 0.05424416773256409 0.05437540535914724 0.05460173402572088 0.05475347818485687
0.05416214205289117 0.05433103971780553 0.05448650720723244 0.05475347818485687  0.0549333493063645

cov.inverse():
    47504283.39434 -62033536.16798655  9569.498627755016  4107922.243523804  10412041.86116637
-62033536.16828576   82334052.6055807 -1331340.638684903 -6528883.760831475 -12440644.83607815
 9569.498974607359 -1331340.639127924  1855543.253155457 -174891.9092751938 -358822.3577575515
 4107922.243668559 -6528883.761018981 -174891.9092722414  4670440.813551988  -2074631.46764986
 10412041.86097398 -12440644.83574685 -358822.3578566755 -2074631.467689659   4462133.60812118

cov*(cov_.inverse()):
     1.000000000232831                      0 -2.546585164964199e-11 -1.455191522836685e-11                      0
 1.164153218269348e-10      1.000000000116415 -7.275957614183426e-12 -8.731149137020111e-11 -5.820766091346741e-11
-2.328306436538696e-10  5.820766091346741e-10                      1  -2.91038304567337e-11  -2.91038304567337e-11
 1.164153218269348e-10  6.984919309616089e-10  1.091393642127514e-11      1.000000000014552   2.91038304567337e-11
-1.164153218269348e-10  2.328306436538696e-10 -3.637978807091713e-12                      0     0.9999999998835847
