6
2

7.207871110118566e-05
0.0001516316267924713
0.0003178711522831802
0.0003847147792500085
  0.02379605214383931
   0.6321042694571019

   0.2182890947013183   -0.7464497768009553    0.6254438875740104  -0.01128048212413325  -0.03412998668422654  -0.05186945224863921
  -0.6667959341498303    0.3493140751741359    0.6313037641665896  -0.07063663534559206   -0.1103295529988334   -0.1328769051329876
-0.007027489479914753 -0.007673967797546275 -0.005304241483896934    0.3567433403310264   -0.8070652198287558    0.4703652938986427
   0.2022007374723655    0.1450014270708761    0.1206513925361591   -0.8340467107807366   -0.1006274754881573    0.4666614241662165
  -0.5495226674309889   -0.3664199759449815   -0.1720224364286242   0.07156319050115308    0.3964420063245894    0.6098212573859659
   0.4059844424020544    0.4067487002968461    0.4075523140799603    0.4084876982244295    0.4098976841664139    0.4107979156917755

0.4222917212739821
0.4223437343161104
0.4223512683046358
0.4224277316225179
0.4223846901044396
0.4223554201189645

0.000279168681739432
  0.4225165574730319

 0.7595475836096049   2.858809565720072  -1.427761813905517 0.01830507932186463 -0.6696172694599989  -1.539224098298736
   1.76380383652739 0.06174516742597294 -0.7919993920176814  0.0638928220996242 -0.2786282839014204  0.1813913582616348

-1.433215468594117e-08 -3.036787779971563e-09 -1.987957280002527e-08 -4.001043602159211e-08  -0.001371526283565728  -0.004000861548683684
-8.158842619957614e-10 -3.799213549482326e-08  3.276963539806765e-08  4.875835035523384e-08 -0.0004818264366545121     0.1617465973915699

cov:
0.06602714427512142 0.06609412303030279 0.06616398612593356 0.06623990307775522 0.06636755309873177 0.06644720227614956
0.06609412303030279 0.06618034872580784 0.06627061271448853 0.06637206566347337 0.06653382347454408 0.06663586587404258
0.06616398612593356 0.06627061271448853 0.06638254532426301 0.06651110647464251 0.06670907568899577 0.06683489349560325
0.06623990307775522 0.06637206566347337 0.06651110647464251 0.06667377677052901 0.06691693827804859 0.06707249111710784
0.06636755309873177 0.06653382347454408 0.06670907568899577 0.06691693827804859 0.06722087641734281 0.06741610175584857
0.06644720227614956 0.06663586587404258 0.06683489349560325 0.06707249111710784 0.06741610175584857 0.06763764528548623

cov.inverse():
 28786733.63244502 -41294553.02140018  8135760.992702188   410239.680139212  1683926.577110437  2278436.823762489
-41294552.98662478  112697417.6802046 -80151800.65434869 -296679.8997874371  3189930.683519067  5854741.590249429
 8135760.946947222 -80151800.60113089  92727020.02773203 -3996151.107269025 -7177897.790812234 -9537244.035983602
  410239.681066289 -296679.8979513585  -3996151.11100914  6201101.383747793 -1869286.750702705  -448133.799439805
 1683926.583323316  3189930.672828944 -7177897.786493091 -1869286.750969352  7268696.971314861 -3095487.186861023
 2278436.827602241  5854741.580660901 -9537244.029099779 -448133.8001501127  -3095487.18728582  4947441.466843673

cov*(cov_.inverse()):
     1.000000000232831 -1.629814505577087e-09  9.313225746154785e-10  2.182787284255028e-11  -2.91038304567337e-11                      0
-1.164153218269348e-10      1.000000000465661 -1.047737896442413e-09  2.546585164964199e-11  1.746229827404022e-10                      0
-8.731149137020111e-11  5.820766091346741e-11     0.9999999991850927  9.458744898438454e-11  8.731149137020111e-11                      0
 1.746229827404022e-10 -4.074536263942719e-10 -1.164153218269348e-10      1.000000000076398  8.731149137020111e-11  5.820766091346741e-11
 2.037268131971359e-10 -5.820766091346741e-10 -9.313225746154785e-10  6.548361852765083e-11      1.000000000058208  1.164153218269348e-10
 5.820766091346741e-11 -1.746229827404022e-10 -4.656612873077393e-10 -7.275957614183426e-12  5.820766091346741e-11                      1
