6
2

7.15815832635972e-05
8.31011272020212e-05
0.000112630724759374
0.000426742778061813
 0.01187154008184443
  0.5561370228323154

  0.02336782908014762   -0.3389767926185607 -0.004624087854738118     0.804125901406566   -0.4877437853856822  0.003851096772217207
    0.141400163569976   -0.6372757174648913    0.7147004478416159     -0.24909347808524   0.03221171239048054 -0.001941207679925497
   -0.534576070685776    0.4766164558884912    0.5329294325388844  -0.05172823393287647   -0.4470023711190579   0.02375854769043007
   0.3565723101215463  0.004645404376579681   -0.1579751777946263   -0.3371656155047321   -0.5352372424506825    0.6691179963867531
  -0.6328785155984843   -0.2922802365166275   -0.1169175743103854   0.09066579194216709    0.3282915454021316     0.619977180259079
   0.4074424316453357    0.4078747743265053    0.4080958608200032    0.4083591869536867    0.4086600557036719    0.4090554180638789

0.3827968340436859
0.3828202194556489
0.3829210265683919
0.3828964973244164
 0.382869049464078
0.3828472351332471

0.0005518237067837295
   0.3830511677003143

   1.404287589147095    3.313316518054381    2.344851406327392    1.463905247845951   -8.322929740692214  -0.2034719875747218
   1.138124413226493   0.6287563874031372    0.299672403183501  -0.1286865604727586  -0.9167620836474668 -0.02111474937726884

  2.11857450143181e-08 -6.003992772198726e-09  7.253586744522436e-08  7.231036335205613e-07 -0.0006845256791747201  -0.001909040301712071
 7.975870933761815e-10 -1.589625081028881e-10  3.386007274044601e-09   1.60501993177965e-07 -0.0001782565769499818     0.1257682969607993

cov:
0.05140123541044692 0.05142530827497691 0.05143751814178558 0.05145217811078454 0.05146888795608703 0.05149276891797392
0.05142530827497691 0.05146582863248064 0.05148648902146494 0.05151115622106564 0.05153932124675621 0.05157718460444161
0.05143751814178558 0.05148648902146494 0.05151151657472839  0.0515413293689067 0.05157539375842915  0.0516204581988756
0.05145217811078454 0.05151115622106564  0.0515413293689067 0.05157725650254433      0.051618299412 0.05167188891675146
0.05146888795608703 0.05153932124675621 0.05157539375842915      0.051618299412 0.05166734649219535 0.05173069204744998
0.05149276891797392 0.05157718460444161  0.0516204581988756 0.05167188891675146 0.05173069204744998 0.05180634484110976

cov.inverse():
 26229933.68912905 -34668766.63950007 -8153687.952509381  86165.43477044455  16222439.43761206  283984.9321654831
-34668766.62329455  99141647.26703562 -45628530.39576966 -32163143.63999967  12485744.16881624  832785.8339885763
-8153687.967496003 -45628530.37610164  96496209.05763856 -28385782.29667913 -14540832.65877554  212771.3281999232
 86165.42133689384  -32163143.6105307 -28385782.30807389  136016060.0904929 -74892332.73029248 -660922.1013958079
 16222439.44916678  12485744.13526277 -14540832.64096132 -74892332.72461471  63903145.94065411 -3177971.332892729
 283984.9328253979  832785.8346105284  212771.3264619712 -660922.1024328109 -3177971.331399642  2509180.632702279

cov*(cov_.inverse()):
    0.9999999997762643 -7.712515071034431e-10 -2.128217602148652e-10  4.220055416226387e-10 -3.201421350240707e-10   2.91038304567337e-11
-2.546585164964199e-10      1.000000000327418 -5.256879376247525e-10 -1.193257048726082e-09 -8.731149137020111e-11  1.455191522836685e-11
-1.946318661794066e-10 -4.147295840084553e-10     0.9999999995779945  3.201421350240707e-10 -2.619344741106033e-10   2.91038304567337e-11
-1.473381416872144e-10  -2.91038304567337e-10 -2.473825588822365e-10      0.999999999490683 -3.783497959375381e-10  1.455191522836685e-11
-1.655280357226729e-10 -4.365574568510056e-11 -1.564330887049437e-10 -8.076312951743603e-10      1.000000000116415   2.91038304567337e-11
-2.182787284255028e-11 -1.236912794411182e-10  7.275957614183426e-12 -6.693881005048752e-10 -4.074536263942719e-10      1.000000000014552
