5
2

5.781252725479354e-05
0.0001877381068436601
0.0003814394545550437
  0.02005537978480305
   0.5769718625661031

 -0.1029839033454638    0.737144107532593  -0.6672142467681443 0.004441874067173488  0.02860592676524755
 -0.5855099858166194    0.455152717001693   0.5790879246179709  -0.1407651812225194  -0.3079876621425632
  0.2414197107107542   0.1361969274150223   0.1234462779033948  -0.8760372664496441    0.374815480611829
 -0.6248627476582268  -0.1775025374802538 -0.06680062230791363   0.1113055879359789   0.7491249153049069
  0.4447869625226232   0.4465398247488484   0.4469686989066939   0.4475882118597675   0.4501672108061619

0.4217943913979203
0.4218800117964366
0.4219585717415873
 0.421974286841286
0.4219394337797852

0.0001164871489157224
   0.4219986626405026

    1.872530503016458     3.002784625044303    -2.964698031573391   -0.1036271773281699    -1.806942496588971
    1.852903745161864    -1.202221874038602    0.4043447591664811  -0.04634281288284395 -0.008470729861291215

 1.319062053082112e-08 -3.085320111984466e-08 -1.330326852138525e-08  -0.001154443909134877  -0.003727014246126632
-4.502940625253293e-09 -4.894925028830367e-08  5.396834144249864e-08 -0.0003953513559078902     0.1476333503699849

cov:
0.06601580030742926  0.0661628821333782 0.06619855931988448 0.06624550525450174 0.06646711604340659
 0.0661628821333782 0.06639152533841242 0.06644737288897294 0.06652671890534081 0.06686457632268554
0.06619855931988448 0.06644737288897294 0.06650821797713992 0.06659557841514976 0.06696220062842363
0.06624550525450174 0.06652671890534081 0.06659557841514976 0.06669599083111653 0.06710865914422907
0.06646711604340659 0.06686457632268554 0.06696220062842363 0.06710865914422907 0.06768739808115538

cov.inverse():
 13301396.69750798 -30048036.10413829  11143430.16641177  747797.3521642035  4855725.745253368
-30048036.12948219  168582965.1861077 -139560804.2876706 -1658242.748961015  2682312.971751702
 11143430.19603189 -139560804.3396966  142813839.1859205 -3942797.914168407  -10452915.9840426
 747797.3510927764  -1658242.73699845 -3942797.925949987  5842781.380835155  -988500.600483424
 4855725.742048671  2682312.986473007 -10452915.99466918 -988500.6013737426   3903095.81430112

cov*(cov_.inverse()):
     1.000000000232831  9.313225746154785e-10 -5.820766091346741e-10  1.455191522836685e-11   2.91038304567337e-11
-2.328306436538696e-10      0.999999996914994  2.095475792884827e-09 -4.365574568510056e-11  -2.91038304567337e-11
 3.492459654808044e-10  -1.80443748831749e-09      1.000000000465661   2.91038304567337e-11 -5.820766091346741e-11
 1.746229827404022e-10                      0  8.149072527885437e-10     0.9999999999854481  5.820766091346741e-11
 1.164153218269348e-10  1.105945557355881e-09  1.164153218269348e-10  1.455191522836685e-11     0.9999999999417923
