6
2

8.490744048447773e-05
0.0001048737023235658
0.0002986858886001852
0.0006636877416700619
  0.01467543173305119
    0.568559427835143

  0.07599392121119029    0.2023172401381167     -0.80514081856686    0.5518383888177419 -0.002442342376313637  -0.02256874276704572
   0.4565116772105661   -0.8207741839782647    0.0675141691806832     0.335547401989997  -0.01591687186565349  -0.02287484760227663
   -0.480252777109298   0.03902293397154308    0.4082816832642459     0.629805491713302   -0.1836390089155154   -0.4132339589460998
  0.04151548190601644   0.06923753755683669   0.07428059634712744   0.09590227101801463    -0.825794298690122    0.5448224957047652
  -0.6227001985727454   -0.3360520400881547  -0.09193241475111817    0.1010058822792255    0.3418980160367164    0.6031297360794231
   0.4070629067450455      0.40761485942936    0.4080771869053527    0.4084457643447302    0.4088849782509791    0.4093996311693716

0.3987400623329734
0.3987977446325551
0.3989073285945545
0.3989011239802406
0.3988979103866204
0.3988866401136822

0.0001065996524267683
   0.3989381998944974

    2.50188356934435    2.760292254249986    2.737011589976972   -7.152003556448222   -0.171684664294678  -0.6755444395974148
   1.214149319393237   0.5866877737943866    0.263335886995158  -0.9600965710287426 -0.02115017133925334 -0.08295242339807168

-3.883045684197194e-08 -3.651830929258468e-08 -3.720224474253256e-07  -1.82306176454024e-07 -0.0008454668719052843  -0.002424563883895296
-3.813358237660815e-09 -2.523160799155735e-09 -9.092619239508189e-08  -4.05971434460769e-09 -0.0002437227012999665     0.1312703564858526

cov:
0.05364775448663898 0.05368191389465357 0.05370999954424809 0.05373261763580448 0.05375812242596056 0.05379084520266161
0.05368191389465357 0.05373391044034469 0.05377715305882692 0.05381175594171156  0.0538521660501054 0.05390111395391509
0.05370999954424809 0.05377715305882692 0.05383332768685327  0.0538781296149253 0.05393124216731365 0.05399399696803547
0.05373261763580448 0.05381175594171156  0.0538781296149253 0.05393101123174644 0.05399415454293601 0.05406783386888313
0.05375812242596056  0.0538521660501054 0.05393124216731365 0.05399415454293601 0.05407029462999828 0.05415706017820259
0.05379084520266161 0.05390111395391509 0.05399399696803547 0.05406783386888313 0.05415706017820259 0.05425944070364026

cov.inverse():
 22340386.76205996 -32137582.92790975 -7875398.655597259  16362862.21775476  223343.4602143842  1086766.517652424
-32137582.92925004   66957341.0178178  -27442955.4791135 -9263676.370634735  908610.5690512519  977646.8810520666
-7875398.651542802  -27442955.4899307    92214639.122908 -56671842.22446056 -804763.1287399407  580555.7683259804
 16362862.21447647 -9263676.358378395 -56671842.23537847  56944933.08169202 -2148591.440478179 -5223758.621832957
 223343.4605440474  908610.5679922353 -804763.1276242486  -2148591.44084671  1950574.083353723 -129088.1412137023
 1086766.517886908  977646.8793315944  580555.7713654281 -5223758.623404196  -129088.141195905  2707887.766691131

cov*(cov_.inverse()):
    0.9999999999054126  5.093170329928398e-10 -6.548361852765083e-10 -5.820766091346741e-11 -1.637090463191271e-11  -2.91038304567337e-11
-8.731149137020111e-11      1.000000000494765  1.455191522836685e-11  4.074536263942719e-10 -9.094947017729282e-12                      0
-1.236912794411182e-10  4.074536263942719e-10     0.9999999991086952   2.91038304567337e-10 -1.818989403545856e-11  -2.91038304567337e-11
-2.328306436538696e-10  7.639755494892597e-10 -1.200533006340265e-09      1.000000000349246 -3.274180926382542e-11                      0
 8.003553375601768e-11  1.164153218269348e-10 -7.275957614183426e-12 -4.074536263942719e-10     0.9999999999545253  -2.91038304567337e-11
-5.093170329928398e-11  2.764863893389702e-10 -6.548361852765083e-11 -5.820766091346741e-11 -1.818989403545856e-11                      1
