6
2

7.927770697449837e-05
0.0001078995386305485
0.0001353554839600233
 0.000482008947313208
  0.01120501880837131
   0.5668740297827181

  0.03849404488529095   0.09259815397095011    0.2428117562819309   -0.8411845842963734    0.4726163986115227 -0.005336319559158065
   0.1346673173670313    0.4085113583243864   -0.8436350617919796  -0.01197580157368058    0.3210078768809023 -0.008578427912935368
  -0.5686026411448108    0.7488287822746945     0.160995456146657  -0.06196316268885741   -0.2932436174449152   0.01398934300410849
   0.3480477628665863   0.03560535982173472   -0.1416716986493456   -0.3391516209290719   -0.5587701491269433    0.6559544506924055
   -0.608181297559549    -0.310127208495256   -0.1296002263084012   0.08155344675227867    0.3291939223571643    0.6341299567095561
   0.4074950584817318    0.4078638004788349    0.4080878677065473    0.4083513868378629    0.4086601834036058    0.4090295700444896

0.3992391659031649
0.3994160256226189
0.3994114519802298
0.3994069417531156
  0.39940155737535
 0.399385812352167

9.953816491283409e-05
    0.399436146233924

  0.5353584054710108    3.010135264582547    4.368375760507935    2.572093899278353   -10.24635848160328  -0.2396365775753382
   1.039991828513142   0.5036308940645087    0.529999262823894   0.2221291250760618   -1.267156031743663 -0.02859800524992764

-3.547787822201175e-08 -6.637809964005513e-08  1.006728373030016e-07  1.015402952922713e-06 -0.0006454022070534695  -0.002062016837788355
-3.583799854905605e-09  -5.94358606237103e-09   4.18710964859589e-09  2.134596457533923e-07 -0.0001600217115555252     0.1306798209196867

cov:
0.05340671924750975 0.05343220734181075 0.05344775333252488 0.05346612435164988 0.05348763632561621 0.05351281627796452
0.05343220734181075 0.05346894810744544 0.05349127096401627 0.05351758611537441 0.05354841360631212 0.05358496649290729
0.05344775333252488 0.05349127096401627 0.05351773373509797 0.05354885117390829 0.05358532174265341 0.05362876379918819
0.05346612435164988 0.05351758611537441 0.05354885117390829 0.05358561420220669 0.05362868137655956 0.05368018190687856
0.05348763632561621 0.05354841360631212 0.05358532174265341 0.05362868137655956 0.05367950312296236  0.0537404528316658
0.05351281627796452 0.05358496649290729 0.05362876379918819 0.05368018190687856  0.0537404528316658 0.05381346825436935

cov.inverse():
  19964618.2937656 -17892928.72672788  -13479367.0841527 -3876018.650594871  14870060.02723838  413510.9006849456
-17892928.72701357   46311033.1274773  -19465589.9410997 -15398405.26501275  6154856.121182811  291113.2763315776
-13479367.09000351 -19465589.93005068  72014208.45509605 -31968138.22980011 -7238645.504579145  137743.6972106678
-3876018.638740225 -15398405.28632066 -31968138.22462587  113301996.7020301 -61777992.63906072 -281398.9852257814
 14870060.02129449  6154856.130963657 -7238645.503584466 -61777992.64378729   50429155.9232331 -2437656.150004284
 413510.9009106872   291113.276523972  137743.6962398675 -281398.9847781504 -2437656.149899254  1876720.551988605

cov*(cov_.inverse()):
    0.9999999999599822  1.364242052659392e-10 -3.901732270605862e-10  1.873559085652232e-10  1.455191522836685e-10                      0
-1.455191522836685e-11      1.000000000094587 -3.856257535517216e-10  3.747118171304464e-10  1.746229827404022e-10                      0
-1.346052158623934e-10 -1.255102688446641e-10     0.9999999998171916 -1.509761204943061e-10 -1.164153218269348e-10 -1.455191522836685e-11
 9.822542779147625e-11  -3.67435859516263e-10 -1.818989403545856e-12      1.000000000009095    7.8580342233181e-10 -1.455191522836685e-11
 1.455191522836685e-10 -1.909938873723149e-10 -3.328750608488917e-10  4.165485734120011e-10     0.9999999993597157                      0
 3.637978807091713e-11 -1.291482476517558e-10  9.185896487906575e-11 -4.110916052013636e-10   2.91038304567337e-11                      1
