7
2

5.625470254660119e-05
8.824492280542249e-05
0.0001909848819944151
0.0004308969361509851
0.0005831350412847747
  0.02104615025981914
   0.6542322162889924

0.002632036554915696  -0.2385102693965303    0.783352304061154  -0.5736552274347686  0.00172129514541568 0.005799488258933431  0.01865943765955473
  -0.390268455077762   0.8016930924676613 -0.07845083027470176  -0.4397284925208003  0.01183391224417762   0.0272087029829507  0.06769552096285246
  0.6036375950520948 -0.08869141741729207  -0.4483869948229871  -0.5613466842742074  0.06745208302738337   0.1249662614544674    0.302370863737828
-0.04020276931024453 -0.06258092535266889 -0.08790793681147389  -0.1060044157820288   0.1493040694812851   0.7601292528138931  -0.6127107290189817
 0.09832300206666228  0.09117037061139932  0.08740447415352864  0.08859208237156137  -0.8991327059834791   0.3554308967811171   0.1782181423716235
 -0.5751196643455844  -0.3721268519657288  -0.1460597787514474 -0.02391222327113039    0.145976819094004   0.3682406462977269   0.5932481091751062
  0.3758443234664093   0.3766006727413064   0.3774293727301518   0.3778771563756072   0.3785058154290856   0.3793161069084862   0.3801598871856877

 0.416346650527502
0.4164305150990411
 0.416476836532452
0.4165688221139712
0.4166086957287364
0.4165947449755341
0.4166162063504905

-0.0001808273991116746
    0.4165079921818748

  0.9494487650041626    3.108670598634611   0.9151030655487908   -3.079752840936107  -0.1203135931486193  -0.4409824955724332     -1.3320998628811
   1.042210876779858   0.7548755923082995  -0.1413559749167525  -0.5003097614038783 -0.02021531010189431 -0.01437128545120139  -0.1209020649421117

 5.433580702126736e-09   2.57017357139554e-08  4.194241556916908e-08  8.844187439461462e-08  -3.47022842562967e-08  -0.001210600019059369  -0.004293549596292121
-1.076837593512826e-11  3.276151948818695e-09  3.161232387783384e-08  6.768959186208483e-09  3.609194391728108e-08 -0.0004108996732815251     0.1603033352189941

cov:
0.06060815506951351 0.06067809798495629 0.06075381561663977    0.06079473248563 0.06085256349359058 0.06092633240236741  0.0610047591901661
0.06067809798495629 0.06076656643675304 0.06086287912678785 0.06091492430672035 0.06098822340371507 0.06108223229679394 0.06118116552415948
0.06075381561663977 0.06086287912678785 0.06098213699326986 0.06104657180928249 0.06113709618347157 0.06125364338260426 0.06137541097145444
   0.06079473248563 0.06091492430672035 0.06104657180928249  0.0611177085008089 0.06121753746754995 0.06134626350645584 0.06148037028005976
0.06085256349359058 0.06098822340371507 0.06113709618347157 0.06121753746754995 0.06133068077632461 0.06147595932467833 0.06162722379451312
0.06092633240236741 0.06108223229679394 0.06125364338260426 0.06134626350645584 0.06147595932467833 0.06164400529970505 0.06181748339149044
 0.0610047591901661 0.06118116552415948 0.06137541097145444 0.06148037028005976 0.06162722379451312 0.06181748339149044 0.06201405334041971

cov.inverse():
 29588855.70954548 -41804106.93682833 -2792735.195137726  12319434.88898842  232136.4735509056  647012.2758650105  1810270.696196409
-41804106.95063584  100772397.7341929 -65973119.75758423 -610357.3179081393  633050.0968740599  1898974.778089562  5081527.250150704
-2792735.163339099 -65973119.81274429  200274846.2439876 -130597129.5886685 -824165.9013997203  -643376.469044657  555589.5392727848
 12319434.87324541 -610357.2793498067 -130597129.6144555  137541609.4513354 -2337839.632199091 -4852322.711609332 -11462327.99075675
 232136.4727944866  633050.0983777958 -824165.9021246505 -2337839.632239291  2641202.688011208 -52851.47048643567 -291550.8428624219
  647012.275308907  1898974.778884757 -643376.4684204957 -4852322.712571159 -52851.47045469689  4017573.754664003 -1014954.387604737
  1810270.69526093  5081527.250646392  555589.5417978505 -11462327.99272572 -291550.8429119466 -1014954.387671551  5321215.473038471

cov*(cov_.inverse()):
    0.9999999999417923  8.149072527885437e-10 -2.459273673593998e-09  2.328306436538696e-10                      0  5.820766091346741e-11 -5.820766091346741e-11
-1.455191522836685e-11     0.9999999994179234 -1.185981091111898e-09  4.656612873077393e-10   2.91038304567337e-11  1.455191522836685e-11                      0
 -2.91038304567337e-11 -1.746229827404022e-10     0.9999999966894393  3.492459654808044e-10  1.818989403545856e-11  6.548361852765083e-11 -5.820766091346741e-11
 -1.01863406598568e-10 -8.149072527885437e-10  3.201421350240707e-10      1.000000000116415  2.182787284255028e-11  4.365574568510056e-11                      0
-2.328306436538696e-10  4.074536263942719e-10 -1.462467480450869e-09  6.984919309616089e-10                      1  5.093170329928398e-11                      0
-2.182787284255028e-10  5.820766091346741e-11 -2.073647920042276e-09  1.164153218269348e-10  3.274180926382542e-11      1.000000000007276  5.820766091346741e-11
-1.455191522836685e-11  5.820766091346741e-11 -7.203198038041592e-10 -4.656612873077393e-10  1.091393642127514e-11  7.275957614183426e-12                      1
