5
2

6.436761011278713e-05
0.0003198120834071309
0.0004021322972013197
   0.0145935851489921
   0.5779902431438262

 -0.6481435435100662   0.7572466359268926 -0.01587129944061936 -0.01588516762844783 -0.07735142330366017
 -0.3469922095028016  -0.3175771907773512   0.5009139418660411   0.5890799846257793  -0.4252189189110079
  0.1171716201774394  0.08618509326985548  -0.7340898720879276   0.6520919194806344  -0.1213718639926589
 -0.4971517141953704  -0.3453202227121104  -0.1013746906531976    0.164569050069909   0.7721621052037714
  0.4456650514098877   0.4461483315664142    0.446842876737662   0.4476891661296462   0.4497112209310322

 0.422017543465685
0.4220939698801505
0.4221047539107939
0.4220489532831472
0.4220544329956487

0.0001890762203351935
   0.4221567300005182

  7.075063227500386  -4.074024431516817 -0.2241098785258728 -0.4813752851771559   -2.29566318272588
  3.016746786435625  -1.280101357475998 -0.1581164427913913  0.1879068067378359 -0.7664704937792658

-3.099901613323727e-08 -5.940853668678856e-08  9.817780647043391e-08 -0.0008390404140623558  -0.004190835872267174
 -1.18736562439714e-08 -2.892977908097354e-08  9.294847625716164e-08 -0.0003413149425252926     0.1477014945090574

cov:
0.06640528917114798 0.06646116082679435 0.06653869645429523 0.06663656093579841 0.06687330333016968
0.06646116082679435  0.0665220285535135 0.06660756660151183 0.06671416058426383 0.06697087701594849
0.06653869645429523 0.06660756660151183 0.06670611949137804 0.06682655011888873 0.06711532034236044
0.06663656093579841 0.06671416058426383 0.06682655011888873  0.0669625942574629  0.0672861669540923
0.06687330333016968 0.06697087701594849 0.06711532034236044  0.0672861669540923 0.06768993055680024

cov.inverse():
 102656179.5323517  -117319900.558918  251783.4916414446   958617.291101599  13453383.37604826
-117319900.5616549  139433792.3325865 -4847187.590110971 -4385128.926465338 -12883083.03973102
 251783.4953339806 -4847187.594313549  5846493.323083602 -14408.09256291746  -1235589.93270591
 958617.2908274031 -4385128.926141596  -14408.0925785108  6083376.057817319 -2641309.079600947
 13453383.37536741 -12883083.03858977 -1235589.933200358 -2641309.079566995  3305820.504299553

cov*(cov_.inverse()):
    0.9999999994179234  1.164153218269348e-10 -8.731149137020111e-11                      0  1.455191522836685e-10
-1.396983861923218e-09     0.9999999997671694                      0  -2.91038304567337e-11  1.746229827404022e-10
-1.164153218269348e-10  9.313225746154785e-10      1.000000000029104  -2.91038304567337e-11  3.201421350240707e-10
-4.656612873077393e-10 -5.820766091346741e-10 -5.820766091346741e-11     0.9999999999417923  2.619344741106033e-10
-5.820766091346741e-10 -6.984919309616089e-10                      0   2.91038304567337e-11      1.000000000145519
