6
2

8.048415290398937e-05
 0.000114508213011614
0.0003108494187550426
0.0006712574688022993
  0.01416337169769322
   0.5653474506527936

  0.05857824639606429    0.3022911741389324    -0.821787463328882    0.4792021995022181 -0.004041243960921102  -0.01424501814087954
   0.3544159774963258   -0.7982168385742323   0.01508366925825504    0.4846519325094572  -0.01124126640421065  -0.04469692023023301
  -0.5246716691715093    0.1600751861072074    0.3755038293014608    0.5932710377473412   -0.1934685508522412   -0.4107211269739976
   0.0528421013404306   0.06149889208209187   0.07434449996277485    0.0914935543503414    -0.825762675443961    0.5455670694606303
   -0.653576703718096   -0.2753070199841606   -0.1067398196611371   0.09128737876733803    0.3367407529422201    0.6032598343904821
   0.4070905896679311    0.4077619286631883    0.4080615498195355    0.4084149557342474    0.4088384659734811      0.40931841586791

0.3989259951708728
0.3990982095571843
0.3990939157587343
0.3990886498682447
0.3990770132131168
0.3990701562914118

8.693102625312096e-05
   0.3991209000122858

   2.235324024766842    4.039372345225705    2.619023037905401   -7.996610877756304  -0.1965859325138248   -0.700610548043427
   1.267616636119627   0.6027061782238468   0.2992725005200187   -1.061106302199217 -0.02660664899755819 -0.08188671123263716

-2.993662823817626e-08 -8.174894216263603e-08 -3.827529217877107e-07 -1.758589755106575e-07  -0.000816730451537406  -0.002325517942117264
-3.217481730190582e-09 -7.049350962340714e-09 -1.011659239106584e-07  2.933431711616001e-09 -0.0002370267180100919     0.1298126792356406

cov:
0.05305364903334383 0.05309136518339751 0.05310824209723231 0.05312825398673873 0.05315119294003238 0.05317874150821662
0.05309136518339751 0.05315799212975937 0.05318772467211784 0.05322284838916368 0.05326445463939763   0.053312321473383
0.05310824209723231 0.05318772467211784 0.05322320738462171 0.05326506135539177 0.05331498465534858 0.05337191286406091
0.05312825398673873 0.05322284838916368 0.05326506135539177 0.05331484034120002 0.05337453121642775 0.05344210670092991
0.05315119294003238 0.05326445463939763 0.05331498465534858 0.05337453121642775 0.05344680875549983 0.05352702212082858
0.05317874150821662   0.053312321473383 0.05337191286406091 0.05344210670092991 0.05352702212082858  0.0536224102168156

cov.inverse():
  12966670.9349186 -19702937.05910197 -9053631.762142379   14222478.8337309  612174.8312050431  955208.6671243693
-19702937.04958887  62973227.06525837 -38635772.94727742 -6145920.559681628  62063.70022752622  1449439.421461837
-9053631.778950566 -38635772.91110455  105744252.0344699 -57915473.61226261 -388506.6338157772  249354.8496515563
 14222478.84062483 -6145920.586539905 -57915473.59102601  57024980.34282686  -2069836.72375841 -5116582.949599185
 612174.8313779691  62063.70032026742 -388506.6346295332 -2069836.723213544    1913414.6818676 -129256.7746874658
 955208.6673525824  1449439.421567725  249354.8485932541 -5116582.948871766 -129256.7746906861  2591871.217952094

cov*(cov_.inverse()):
    0.9999999998763087 -3.492459654808044e-10  2.510205376893282e-10  1.746229827404022e-10 -2.000888343900442e-11  -2.91038304567337e-11
-1.746229827404022e-10     0.9999999995197868  4.220055416226387e-10  2.328306436538696e-10 -9.094947017729282e-13 -5.820766091346741e-11
 -2.91038304567337e-11  1.164153218269348e-10      1.000000000520231 -1.164153218269348e-10  1.546140993013978e-11 -5.820766091346741e-11
 9.458744898438454e-11 -5.093170329928398e-10 -6.184563972055912e-11     0.9999999998835847 -4.547473508864641e-12 -8.731149137020111e-11
 1.236912794411182e-10 -3.637978807091713e-10 -1.455191522836685e-11                      0     0.9999999999990905 -5.820766091346741e-11
-1.891748979687691e-10 -5.384208634495735e-10 -1.818989403545856e-11 -1.164153218269348e-10 -4.547473508864641e-12     0.9999999999708962
