5
2

5.335362430184278e-05
8.803067047276834e-05
0.0001860479516263874
  0.02148548286076195
   0.5302924939193041

0.009519103955910616   0.3719939293694031  -0.8056178554978038   0.4596172931711144 -0.03552066853770929
 -0.4839740991659244   0.7460399117760288  0.08375313310019611  -0.4397284231270155  0.09390339697730095
  0.5417677718696322 -0.02070239380329681   -0.368247262479226  -0.6049851267522073   0.4521570991805831
  -0.523587422703174  -0.3253347172975767 -0.09334696504397584   0.1695237512083487   0.7632572137892198
  0.4449970226269729   0.4458404413702799   0.4468171677461102   0.4479347629925056   0.4504584524704535

0.4057378413281083
0.4057789417609446
0.4057870169016291
0.4057783943422767
0.4057731535517409

0.0003060968064507281
   0.4059590594935919

  0.5342015778537323     1.80420459240559    3.363678213550369   -4.761198031265283  -0.9408326602175374
  0.8729971911667891   0.8637579822532062  -0.1317519782475169  -0.5269547093431272 -0.07798400434185068

-1.192305376953271e-08  2.615014692840628e-08  5.082856844327259e-08   -0.00124911106175824  -0.003221959383542284
  5.58895199184483e-10  3.372920149707117e-09  2.724579741216528e-08 -0.0004037636294628305     0.1247280695595564

cov:
0.05581245451954477 0.05587006483795119 0.05593621423544665 0.05601252879835064 0.05618484892883576
0.05587006483795119 0.05594604205554008 0.05603365354334156 0.05613429165943868 0.05636153200131299
0.05593621423544665 0.05603365354334156 0.05614638876469522 0.05627548637700658 0.05656698994256697
0.05601252879835064 0.05613429165943868 0.05627548637700658 0.05643684266920358 0.05680117510565295
0.05618484892883576 0.05636153200131299 0.05656698994256697 0.05680117510565295  0.0573300722817799

cov.inverse():
 38737739.62234148 -45672222.39861441 -13688255.86670434  19530098.71876508  1092851.413908896
-45672222.38715555  120446423.5465061 -96994583.94658707  18091397.72336674  4127344.604460119
-13688255.88209185 -96994583.93101458  232820500.6836273 -128392336.0487157  6257040.367682948
 19530098.71995563  18091397.72573435 -128392336.0535117  109736239.3884323 -18966205.02003972
 1092851.416646753  4127344.597979115  6257040.372664041 -18966205.02127758  7488855.659852702

cov*(cov_.inverse()):
     1.000000000189175 -6.111804395914078e-10 -1.164153218269348e-10 -4.656612873077393e-10  5.820766091346741e-11
-8.076312951743603e-10      0.999999999825377 -8.149072527885437e-10 -4.656612873077393e-10 -5.820766091346741e-11
-4.292814992368221e-10  1.135049387812614e-09                      1 -4.656612873077393e-10  1.164153218269348e-10
-6.257323548197746e-10  2.619344741106033e-10 -1.047737896442413e-09                      1 -1.164153218269348e-10
-8.003553375601768e-11 -2.328306436538696e-10  5.820766091346741e-11  2.328306436538696e-10      1.000000000058208
