5
2

5.858284452567582e-05
0.0001351939069251912
0.0005517340011821306
  0.01523082557328781
   0.5534595356870151

  -0.237263766860937   0.7855027837397079  -0.5711741335593594 0.001754794826509139  0.02117336817704525
 -0.6268678358407499   0.2987365588010167   0.6606832043280684 -0.05226958631450068  -0.2802833899633879
  0.1690879689320994   0.1682288545058372    0.172172084288821  -0.8807169500673396   0.3712179124581652
 -0.5690214986957502  -0.2572470057350443 -0.08870464120081614   0.1455492354634672   0.7622239951273058
  0.4453834461537089   0.4463909449405357   0.4469296059700998    0.447680561295341   0.4496718275732221

0.4166022572907196
0.4166525699446524
0.4167447782745333
0.4167824251865498
0.4167909156367905

-0.0001938478224792782
    0.4166796381265113

   4.822810537420052   0.8904899960621204   -4.074985325453057  -0.1388149835120965   -1.499412252051545
   2.177083904686522   0.1236112508275441   -1.067150498189964 -0.02751322781526874  -0.2061305654437439

 6.351643753601024e-09  -9.17890850675217e-08 -5.195230696158349e-08 -0.0008757127375096948  -0.003710470884816762
 6.372096028541027e-10 -3.607321234926026e-08  4.654196394296961e-08 -0.0003101702295118061     0.1356577949033684

cov:
0.06083822285027278 0.06093450875514518 0.06098574707747126 0.06105723083466877 0.06124756241600451
0.06093450875514518 0.06105367387772911 0.06111726959808436 0.06120591770959107 0.06144146061000798
0.06098574707747126 0.06111726959808436 0.06118755260517367 0.06128547486555223 0.06154545706049618
0.06105723083466877 0.06120591770959107 0.06128547486555223 0.06139664751478596 0.06169020070336353
0.06124756241600451 0.06144146061000798 0.06154545706049618 0.06169020070336353   0.062073664962319

cov.inverse():
 37998230.98636571 -64456626.11617526  16923553.53020392  1181837.651409642   8353535.94526999
-64456626.09820891  184761433.8400225 -119836178.9266725 -939567.3648750866   469335.495195866
 16923553.50807372 -119836178.8973518  119039138.3326274 -2679647.445526112 -13445745.84017075
 1181837.652242793  -939567.366547392 -2679647.444825911  2698550.396231464 -261145.7344729542
 8353535.948600494  469335.4855138462 -13445745.83368018 -261145.7346119228  4883960.592078048

cov*(cov_.inverse()):
     1.000000000698492  9.094947017729282e-11  1.047737896442413e-09 -2.000888343900442e-11                      0
 8.731149137020111e-10      1.000000000181899                      0  5.456968210637569e-11  5.820766091346741e-11
  2.91038304567337e-10   2.91038304567337e-11      1.000000000116415  2.728484105318785e-11 -5.820766091346741e-11
 5.238689482212067e-10 -3.637978807091713e-11  1.164153218269348e-10      1.000000000010914  5.820766091346741e-11
 5.238689482212067e-10  5.093170329928398e-11 -1.164153218269348e-10  2.728484105318785e-11      1.000000000058208
