5
2

0.0003743607170563934
0.0005064036807024257
0.0006967148463312256
  0.01279549369723782
   0.5190232081487643

  0.4086577472560191   -0.121307611471996  -0.1603745605833876  -0.6897842219101178   0.5628152774473471
 -0.4940032989826017   0.3735382245589668   0.6093776278443844  -0.4950263412549766 0.006145204154746031
  0.2072446909835417  -0.7379997284925847   0.6318817404079293  0.01273486306702721  -0.1138829583639156
 -0.5894460690374778  -0.3192222940265103 -0.06177755017336267   0.2797975163885564   0.6845051809957987
  0.4456035861136485   0.4463263222504557    0.447043518501342   0.4479931045820069    0.449093006984026

0.3978085291138155
0.3977883624727899
0.3977675687549048
0.3977627903889324
 0.397729243409829

0.0003102315587877222
    0.397903097838073

   3.987834639466429 -0.02962068742009525  -0.2094901943630791   -1.004326236627492     -2.7443709061572
   2.244924772549558 -0.02663784136666789 -0.07423487620880614  -0.3312183065792681  -0.8128262864371592

 1.142251340464444e-07 -4.176005154722789e-07  4.930285141919456e-07 -0.0007347570029682729  -0.003310021126413485
 9.859838693292465e-08 -2.577835253705983e-07  2.554958205489679e-07 -0.0003207743462023496     0.1190286159814332

cov:
0.05354678454870542 0.05360722725083042 0.05366857925569078 0.05374964955271332 0.05384261914149105
0.05360722725083042 0.05368043206398839 0.05375274047335761 0.05384918541591641 0.05396035090705521
0.05366857925569078 0.05375274047335761 0.05383696414478109  0.0539475143552049 0.05407589005646855
0.05374964955271332 0.05384918541591641  0.0539475143552049 0.05407794795320916 0.05422904116809447
0.05384261914149105 0.05396035090705521 0.05407589005646855 0.05422904116809447 0.05440756854751876

cov.inverse():
  2233853.71378707 -1387229.403277271 -1371517.660064746 -1053345.663292265  1578214.511098123
-1387229.403303237  1771746.064849382  65872.95197955264 -143899.6086235327  -306401.776579961
-1371517.660051007   65872.9519659428   2454131.27213897 -370488.0297357048 -777953.2876928254
-1053345.663252985 -143899.6086802694 -370488.0297262575    4351432.3070122 -2783799.626544539
  1578214.51107107 -306401.7765355813 -777953.2877021435 -2783799.626552547  2289950.623970794

cov*(cov_.inverse()):
     1.000000000014552 -3.637978807091713e-12  7.275957614183426e-12  -2.91038304567337e-11                      0
 1.455191522836685e-11      0.999999999992724 -1.455191522836685e-11                      0                      0
  2.91038304567337e-11 -3.637978807091713e-12     0.9999999999781721                      0                      0
 1.455191522836685e-11 -3.637978807091713e-12 -7.275957614183426e-12                      1                      0
 1.455191522836685e-11  1.091393642127514e-11 -1.455191522836685e-11   2.91038304567337e-11     0.9999999999854481
