5
2

9.321703503218586e-05
0.0001917202403128002
0.0006383396149505658
  0.01758017087371266
   0.5177554337060948

 -0.4052146064008121   0.7911281066620537  -0.4542099848671461 0.008849042558922261  0.05943421322375179
 -0.5275162864232905   0.1873665650610147   0.7505438988781491 -0.06539124100031493  -0.3450046076687127
   0.118322602590448   0.1372748082663017   0.1736556671359928  -0.8645939277923541   0.4352889132838277
 -0.5873483098431557  -0.3478760045984123  0.01356523822117346   0.2181713639464883   0.6972958400956982
  0.4455888407020835   0.4462600156709611   0.4472547809552506   0.4477993702815442   0.4491563963067322

0.3996683865146011
0.3997138353520434
0.3997998486779906
0.3997851691985181
0.3997551676944384

0.0002796689098234752
    0.399887752045121

   1.852479064648847    3.298703786075469   -3.642183073445531  -0.1289373750290979   -1.379976864709532
   1.165919294645121   0.6107922388140914  -0.6097963085466769 -0.01929331926993641  -0.1475995392953799

 2.980645790199107e-08 -9.586996817113127e-08 -1.832331685273238e-07  -0.001012296827366572   -0.00241898987601612
 2.422607003054124e-09 -3.330498553782262e-08  2.784654197444918e-08 -0.0003129820973538856     0.1191369549599855

cov:
0.05333191559744554 0.05336859906579735 0.05342180686260813 0.05344968021882609 0.05352486978937495
0.05336859906579735 0.05342315845850923 0.05350329831780215 0.05354638829899515 0.05365728615258038
0.05342180686260813 0.05350329831780215  0.0536241049646045  0.0536901589982644 0.05385495365036506
0.05344968021882609 0.05354638829899515  0.0536901589982644 0.05376969660057356 0.05396444596450843
0.05352486978937495 0.05365728615258038 0.05385495365036506 0.05396444596450843 0.05423132884253248

cov.inverse():
 26502595.01538303 -39541260.47309542  10460135.56962718  274336.4415583269  2304834.734314623
-39541260.47582151  73030020.18780662  -37469185.6391799  180813.0259045699  3798393.159002539
 10460135.57387314 -37469185.64443807  39141865.49405758 -2166251.007837303 -9965925.722115427
 274336.4414463062  180813.0260986447 -2166251.007923497  1960012.330525226 -248811.7246985592
 2304834.732906799  3798393.161340549 -9965925.723041514 -248811.7247026968   4111369.05154812

cov*(cov_.inverse()):
                     1  3.201421350240707e-10                      0  1.818989403545856e-11 -1.164153218269348e-10
 1.455191522836685e-10     0.9999999997671694  2.328306436538696e-10  5.456968210637569e-12 -8.731149137020111e-11
-4.365574568510056e-11  5.529727786779404e-10                      1  1.091393642127514e-11  5.820766091346741e-11
 4.365574568510056e-11  5.238689482212067e-10                      0      1.000000000016371  -2.91038304567337e-11
 -3.92901711165905e-10 -5.820766091346741e-11 -1.164153218269348e-10  9.094947017729282e-12     0.9999999999417923
