6
2

5.397920520771774e-05
8.783218434989938e-05
0.0002016374439130226
0.0004369923941436684
  0.02149396584054784
   0.5704512345681149

 0.002228324055995749    0.4085319804062012   -0.8074478416654896    0.4249920284652878 -0.006886586850778822  -0.02142403345633693
   0.5239423633319674   -0.7234304412698909   -0.1405802944381161    0.4221662485117351  -0.02134178069572349  -0.06074672320479581
  -0.4810886097731099  0.008288612555038214    0.3658598948165053    0.6665757989240653   -0.1499764381856024   -0.4096527286510483
  0.02148265282350183   0.04909735328573798   0.08153847152558619    0.1219069048738987   -0.8218784277538052    0.5478448500499677
  -0.5730789197841791   -0.3762912836900216   -0.1465771493853431    0.1223984377896475    0.3658990646310547    0.5996974718345527
   0.4063892608709708    0.4070327213512472    0.4077723851729408    0.4086458951438915    0.4094360704707088    0.4102005008140128

0.4022237645693706
 0.402269400964759
0.4022789877678459
0.4022739044077149
0.4023214977142763
0.4022880531271271

0.0002776752836684183
    0.402443051224171

   0.618360799980886    2.167600458823428    3.356798377274368   -5.523295521920305  -0.1130237405690697  -0.5064157345532068
  0.8647756740824751   0.6257305035714066   0.3747596902583356  -0.7877085118481223 -0.03200147627911434 -0.04560507754880805

-1.211905227316409e-08 -3.097057245550379e-08 -1.019975301534981e-07 -8.869392644329446e-08  -0.001239586709199676  -0.002828127614146659
-1.103186514742853e-09  -2.94195517003013e-09 -3.152283696980821e-08 -2.836472857626483e-09 -0.0004256992228027918     0.1318714579685653

cov:
0.05389468742757295 0.05392766644772416 0.05396466034141384 0.05400896105214183 0.05404899958635714 0.05408820244074874
0.05392766644772416  0.0539786933273941 0.05403672657584897 0.05410566608716917 0.05416799023375069 0.05422861112738592
0.05396466034141384 0.05403672657584897  0.0541193287756837 0.05421702656369695 0.05430536441148244 0.05439098592057397
0.05400896105214183 0.05410566608716917 0.05421702656369695 0.05434840753801069 0.05446720766688164 0.05458210639666593
0.05404899958635714 0.05416799023375069 0.05430536441148244 0.05446720766688164 0.05461380284417679 0.05475496119796042
0.05408820244074874 0.05422861112738592 0.05439098592057397 0.05458210639666593 0.05475496119796042 0.05492192392326165

cov.inverse():
 41281795.52190443 -48912616.39039153 -14484988.17389352  21123319.33146584  226980.9819376747  766075.3104060688
 -48912616.4164669  125134165.5215376 -99932066.30024914  20165603.75888411  793599.8505346783  2749584.123121961
-14484988.12521544 -99932066.36055812  229645516.4887311 -119414922.7493161  596674.4664957959  3591374.797748127
 21123319.30820391  20165603.78877784 -119414922.7510074  96096934.09762405 -5155775.698176731 -12815437.03587484
 226980.9829003537  793599.8512132134  596674.4623639832 -5155775.695469404  4166098.497030752 -627581.5717893812
 766075.3101030866  2749584.126783114  3591374.791939653 -12815437.03364134 -627581.5715726392  6335859.104303029

cov*(cov_.inverse()):
     0.999999999992724 -8.731149137020111e-11 -2.182787284255028e-09 -8.149072527885437e-10                      0  1.164153218269348e-10
 1.891748979687691e-10      1.000000000407454 -1.076841726899147e-09                      0  3.637978807091713e-11  5.820766091346741e-11
  2.91038304567337e-10 -1.367880031466484e-09      1.000000000145519 -1.280568540096283e-09  4.365574568510056e-11  5.820766091346741e-11
 5.093170329928398e-11 -6.693881005048752e-10  8.731149137020111e-11     0.9999999990686774 -2.182787284255028e-11  1.164153218269348e-10
  1.01863406598568e-10 -6.111804395914078e-10 -1.047737896442413e-09                      0      1.000000000050932  1.164153218269348e-10
-2.182787284255028e-11 -5.529727786779404e-10 -6.402842700481415e-10  3.492459654808044e-10 -7.275957614183426e-12      1.000000000058208
