5
2

0.1265938820479038
 1.339591710190894
 4.612771105980211
 7.685066323347358
 45.41148962446911

  -0.2131853219534742    0.7891097191854896   -0.5760685930510245 -0.001686586959753127 3.339508168993372e-05
  -0.5838122968873026    0.3289268350264655    0.6672210160515809   -0.2097714436997179   -0.2485606492385247
   0.1620592903945161   0.08028894294209345    0.0524185501694414   -0.8123661562370961    0.5519094090851937
  -0.7514137631598845   -0.3969326383516749   -0.2659058168147125   0.09595027751278395    0.4448701810353217
   0.1510938894776774    0.3242085047294254    0.3866619764361939    0.5355818044690741    0.6600788806830018

69.44589751398728
145.6258627978042
 173.066900097294
244.8866216857146
290.6272145178403

  3.140643262628393
0.01112290854829077

  -0.03394269216327542    0.01009306741714399    0.02390699361663022 -0.0004884689734934783  0.0001218026354737629
     1.744364208941739    -0.1930177853398569    -0.5527612386142379    0.01114568600253386  -0.002614213339854369

2.290727700350313e-05   0.07027192320946828  -0.06326182130840766    0.8947064260121549     14.86113380489348
-0.003297761259298744    -2.606290511476372     4.845371566791687    -64.21238495459232    -17.53522061076885

cov:
81.59672365385074 118.5638432088923 131.7628386890813 160.0403613939312 188.0923278574625
118.5638432088923 226.4071411954887 265.2256765427453 354.3203474704738 431.6851781653626
131.7628386890813 265.2256765427453 313.3534164564585 424.3958176177302 519.6623307649302
160.0403613939312 354.3203474704738 424.3958176177302 606.2033005422486 722.1176934533846
188.0923278574625 431.6851781653626 519.6623307649302 722.1176934533846 916.7912416966155

cov.inverse():
   3.036627574509638   -10.59842354535408    7.449869215751515  0.08331252835431091  0.07901270481828114
  -10.59842354535459    38.91853074388833   -28.24087489352104  -0.1251228079622526 -0.04471951354657197
   7.449869215752137   -28.24087489352201    20.95675587588584 -0.01970286871812166  -0.0941380575694917
 0.08331252835424084  -0.1251228079619892 -0.01970286871831594  0.05600959757931054 0.008875010084537656
 0.07901270481821715 -0.04471951354633504 -0.09413805756966465 0.008875010084537135  0.05230663864449048

cov*(cov_.inverse()):
     1.000000000000131  5.986322548778844e-13  8.988365607365267e-13  1.332267629550188e-15   1.77635683940025e-15
 3.126388037344441e-13      1.000000000000522  7.034373084024992e-13 -3.552713678800501e-15  3.552713678800501e-15
 9.521272659185342e-13  2.167155344068306e-12      1.000000000000476                      0  7.105427357601002e-15
 5.755396159656812e-13  1.087130385712953e-12  1.463718035665806e-12     0.9999999999999973  7.105427357601002e-15
  -1.4210854715202e-14  5.400124791776761e-13 -4.547473508864641e-13 -5.329070518200751e-15      1.000000000000007
