10
1

0.1731368213432273
0.9102806643172863
 1.078975584417492
 1.153212285470976
 1.692451826968688
  2.00986656502694
  2.30761328953378
  2.74688204764503
 6.939957142498968
 14.10764536333394

    0.556051848404338   -0.2759447756236771   -0.6960000421504506    0.3479911487110165   0.03857873426766251  -0.01987724074873992   0.04655122799785848  0.005185848947814129   0.05764630486200251  -0.04179108371814976
  -0.7346378567167022   0.03530646448465442   -0.5685805093714297    0.0608396237947243    0.2422082206720353   -0.1314112765607877    0.0987155924289612  -0.02337435535659189   -0.1893127999055245    0.1000560189607332
  0.01421594654103189  0.008927118064028962   0.04440478255058758  0.005058007257561876    0.3554325777747114   -0.4922756978470522   -0.4953310463817706    0.5036045543963418    0.1090491614767684   -0.3437892565288634
   0.2884891782233261   0.06926748963671814    0.2152512083954198   0.03613400009481279    0.4695388915630268    -0.406505538825631    0.2905399589876276   -0.1560338308273435   -0.5326898234417637    0.2934369852850162
  0.05500353351726505   0.03843148619072906   0.02148833521625126   0.02451133050348275    0.5766353111538131     0.655457080139187   -0.2552627977950845    0.2069802218574874   0.04592079322042438    0.3495628482747924
  0.01405092139550405   0.02223336008783301  -0.05389126504671841   -0.0647485736909965   0.01684318963528789   -0.3013989590288949   -0.4919583293312337   -0.5534653080790887    0.3761587831211324    0.4596132095124841
  -0.2490259119692624   -0.5245560819581129    0.3726587139670623    0.6750386546688071    0.1311209251878338 -0.003417975960056812   0.05301615599470662   -0.1491623051738783     0.142781233738151  -0.07499562177332095
  0.04062399190975322    0.1392198258656243  -0.03785989433148346   -0.1023881139393306    0.3462600473981012    0.1965409843383449   -0.1014619095244373   -0.5898072138891937  -0.07673846946017508   -0.6666862782511941
 -0.02800594740306829   -0.6807804080402142  -0.01699772839681506   -0.3787910388459295   -0.1364134184613917    0.0796752717611082   -0.3525087179386017  -0.03931163930823149   -0.4909709792461805   0.01284740136086651
 0.003754802868988038    0.3971847773741662  0.005696472304282073    0.5093457625168392   -0.3233550027110511   0.09643831957949671   -0.4623550365952873  -0.02511245902110503   -0.5042375179183795    0.0157321735907743

22.68242715838771
43.26365958332573
35.55254860976773
68.40054818074938
68.40656869061036
131.7972594322151
80.43156932424969
155.6212575992872
95.49850022159539
185.3069232244876

1.950837667853466

0
0
0
0
0
0
0
0
0
0

0

0
0
0
0
0
0
0
0
0
0

0

0
0
0
0
0
0
0
0
0
0

0

0
0
0
0
0
0
0
0
0
0

0

0
0
0
0
0
0
0
0
0
0

0

0
0
0
0
0
0
0
0
0
0

0

0
0
0
0
0
0
0
0
0
0

0

0
0
0
0
0
0
0
0
0
0

0

0
0
0
0
0
0
0
0
0
0

0

0
0
0
0
0
0
0
0
0
0

0

0
0
0
0
0
0
0
0
0
0

0

0
0
0
0
0
0
0
0
0
0

0

0
0
0
0
0
0
0
0
0
0

0

0
0
0
0
0
0
0
0
0
0

0

0
0
0
0
0
0
0
0
0
0

0

0
0
0
0
0
0
0
0
0
0

0

0
0
0
0
0
0
0
0
0
0

0

0
0
0
0
0
0
0
0
0
0

0

0
0
0
0
0
0
0
0
0
0

0

0
0
0
0
0
0
0
0
0
0

0

0
0
0
0
0
0
0
0
0
0

0

0
0
0
0
0
0
0
0
0
0

0

0
0
0
0
0
0
0
0
0
0

0

0
0
0
0
0
0
0
0
0
0

0

0
0
0
0
0
0
0
0
0
0

0

0
0
0
0
0
0
0
0
0
0

0

0
0
0
0
0
0
0
0
0
0

0

0
0
0
0
0
0
0
0
0
0

0

0
0
0
0
0
0
0
0
0
0

0

0
0
0
0
0
0
0
0
0
0

0

0
0
0
0
0
0
0
0
0
0

0

0
0
0
0
0
0
0
0
0
0

0

0
0
0
0
0
0
0
0
0
0

0

0
0
0
0
0
0
0
0
0
0

0

0
0
0
0
0
0
0
0
0
0

0

0
0
0
0
0
0
0
0
0
0

0

0
0
0
0
0
0
0
0
0
0

0

0
0
0
0
0
0
0
0
0
0

0

0
0
0
0
0
0
0
0
0
0

0

0
0
0
0
0
0
0
0
0
0

0

0
0
0
0
0
0
0
0
0
0

0

0
0
0
0
0
0
0
0
0
0

0

0
0
0
0
0
0
0
0
0
0

0

0
0
0
0
0
0
0
0
0
0

0

0
0
0
0
0
0
0
0
0
0

0

0
0
0
0
0
0
0
0
0
0

0

0
0
0
0
0
0
0
0
0
0

0

0
0
0
0
0
0
0
0
0
0

0

0
0
0
0
0
0
0
0
0
0

0

0
0
0
0
0
0
0
0
0
0

0

0
0
0
0
0
0
0
0
0
0

0

0
0
0
0
0
0
0
0
0
0

0

0
0
0
0
0
0
0
0
0
0

0

0
0
0
0
0
0
0
0
0
0

0

0
0
0
0
0
0
0
0
0
0

0

0
0
0
0
0
0
0
0
0
0

0

0
0
0
0
0
0
0
0
0
0

0

0
0
0
0
0
0
0
0
0
0

0

0
0
0
0
0
0
0
0
0
0

0

0
0
0
0
0
0
0
0
0
0

0

0
0
0
0
0
0
0
0
0
0

0

0
0
0
0
0
0
0
0
0
0

0

0
0
0
0
0
0
0
0
0
0

0

0
0
0
0
0
0
0
0
0
0

0

0
0
0
0
0
0
0
0
0
0

0

0
0
0
0
0
0
0
0
0
0

0

0
0
0
0
0
0
0
0
0
0

0

0
0
0
0
0
0
0
0
0
0

0

0
0
0
0
0
0
0
0
0
0

0

0
0
0
0
0
0
0
0
0
0

0

0
0
0
0
0
0
0
0
0
0

0

0
0
0
0
0
0
0
0
0
0

0

0
0
0
0
0
0
0
0
0
0

0

0
0
0
0
0
0
0
0
0
0

0

0
0
0
0
0
0
0
0
0
0

0

0
0
0
0
0
0
0
0
0
0

0

0
0
0
0
0
0
0
0
0
0

0

    0.1120749926984021   -0.05738984252974011    -0.1016833201733683    0.05206634518293564  -0.003041426755719645   0.001514085029374945  -0.003501460292882276 -0.0003809779883333529  -0.004062261074666488   0.003003235032002097

 0.004987288849194033  -0.01953926975194602 -0.005739754957902858   0.01116429186905525   0.01136302564027639   0.01488797340371816  -0.01006326193903029  -0.05118913007753984     1.047789515024268     1.675902928908955

cov:
   0.9601075965592938     1.961315124871791  -0.06044146261262224     -0.05207441718727   0.00565297075418357   0.03109131625969772  0.004374163425695455   0.01525243565657619    0.0147857727832281   0.01597220405300915
    1.961315124871791     55.34666817894161   -0.0661455642866635     50.68974981178189    -20.97224096553086     5.225867059960922    -25.29377776013618   -0.9358775825876072    -24.25634441406315    0.4380283476225272
 -0.06044146261262224   -0.0661455642866635     1.130072763344312     2.246675849738323  -0.02394468889662991  0.007650228702325484 5.575424512347814e-05  0.001696224502335915 -0.002400484961192252 -0.009636188519608794
    -0.05207441718727     50.68974981178189     2.246675849738323     61.07713735202867    -30.01356281849615     8.254118774291353    -40.04297265373437    -1.755419768539892    -41.71540243656808     1.526914484260013
  0.00565297075418357    -20.97224096553086  -0.02394468889662991    -30.01356281849615       24.144782579397    -5.640559608956635     31.38447110428582    0.6397851463599276     35.35160671772423    -2.221396462430151
  0.03109131625969772     5.225867059960922  0.007650228702325484     8.254118774291353    -5.640559608956635     4.562059055633565    -10.14270535458677    -0.644071566602716    -11.80433950498573   -0.5118212647377116
 0.004374163425695455    -25.29377776013618 5.575424512347814e-05    -40.04297265373437     31.38447110428582    -10.14270535458677     50.19398866440564     3.983674925378186     53.76967046511088    -2.025807064697464
  0.01525243565657619   -0.9358775825876072  0.001696224502335915    -1.755419768539892    0.6397851463599276    -0.644071566602716     3.983674925378186     4.631465912471593     3.042250901251821     1.838840557139934
   0.0147857727832281    -24.25634441406315 -0.002400484961192252    -41.71540243656808     35.35160671772423    -11.80433950498573     53.76967046511088     3.042250901251821     63.36479926146228    -1.076536097289252
  0.01597220405300915    0.4380283476225272 -0.009636188519608794     1.526914484260013    -2.221396462430151   -0.5118212647377116    -2.025807064697464     1.838840557139934    -1.076536097289252     4.904652480471461

cov.inverse():
   11.04164596904744    -5.10835561689673   -12.37664026772668    6.377440704226633   0.6140161692895064  -0.3336897012478726   0.8235250328681566  0.09509290698859389     1.11831663200671  -0.7962421132433314
  -5.108355616896734    2.610660825457718    6.357128532213935   -3.260931091783218  -0.3150467004218662   0.1625960218247091  -0.4221497240835444 -0.04895183463316072   -0.572494175172935   0.4037709541923356
   -12.3766402677267    6.357128532213935     16.6137769761027   -8.066518006248812  -0.9607991531751288   0.4748039203647281   -1.111466435568925  -0.1089433518700756    -1.28474259502705   0.9306258545255512
   6.377440704226673   -3.260931091783219   -8.066518006248806    4.137740448538478   0.4967733092380583  -0.2466245794041712   0.5687841445959558  0.05641616751829276    0.657383491063748  -0.4762175138583907
  0.6140161692895213  -0.3150467004218726  -0.9607991531751452   0.4967733092380664   0.5309251749527968  -0.2185632075976216 -0.01492232813019178   0.1072772594709493  -0.1229115254144416  0.01388868471485855
 -0.3336897012478737   0.1625960218247096   0.4748039203647301  -0.2466245794041717  -0.2185632075976213   0.5442106301669345  0.04892847935297482 -0.09167256601153506  0.08780769370455944  0.09592934828438762
  0.8235250328681389  -0.4221497240835349   -1.111466435568901   0.5687841445959442 -0.01492232813019249  0.04892847935297465   0.4464823992395864  -0.1873393896176023  -0.1384903748751957  0.07836310455234106
   0.095092906988604 -0.04895183463316562  -0.1089433518700876  0.05641616751829878   0.1072772594709491 -0.09167256601153496  -0.1873393896176015   0.3788177374773211  0.07922840186588805  -0.1767077902880756
   1.118316632006717  -0.5724941751729388   -1.284742595027065   0.6573834910637528  -0.1229115254144437  0.08780769370455994  -0.1384903748751921   0.0792284018658866    0.424347504904329  -0.1999637809930959
 -0.7962421132433344   0.4037709541923371   0.9306258545255534  -0.4762175138583924  0.01388868471485997   0.0959293482843873  0.07836310455233909  -0.1767077902880748  -0.1999637809930956   0.3915332310376664

cov*(cov_.inverse()):
     1.000000000000004  1.416401718135063e-15  6.670011765130823e-15 -3.425124767142407e-14 -1.937957173209215e-15  8.196568423990414e-17 -6.453171330633722e-16 -4.896257010944538e-16  9.280770596475918e-17 -2.307182223049153e-16
-5.478950626525148e-14      1.000000000000007  4.518607710224387e-14 -1.518229986174902e-14 -1.898654844456615e-15 -1.387778780781446e-17 -2.491062911502695e-15  4.579669976578771e-16 -4.024558464266192e-15  -9.71445146547012e-16
-1.741488897533117e-14  2.677112004301208e-15      1.000000000000005 -7.679620828149325e-15  3.931317077432439e-16 -7.533036694429285e-16 -1.789584105904574e-15   3.80338122107915e-16  5.916924936122392e-15    1.5781646822699e-15
-1.463273946455956e-13  7.216449660063518e-15  4.463096558993129e-14     0.9999999999999968 -9.124645483638005e-16  -1.27675647831893e-15 -2.775557561562891e-15   3.33066907387547e-16  1.942890293094024e-15  2.664535259100376e-15
 2.065014825802791e-14  6.328271240363392e-15  1.332267629550188e-14 -1.376676550535194e-14     0.9999999999999979  1.193489751472043e-15 -1.082467449009528e-15  4.996003610813204e-16  4.440892098500626e-16 -1.110223024625157e-16
-4.996003610813204e-15 -3.413935800722356e-15  3.941291737419306e-15  6.744604874597826e-15  4.119968255444917e-16                      1  5.898059818321144e-16 -1.942890293094024e-16 -2.775557561562891e-17  3.608224830031759e-16
 4.685141163918161e-14  9.547918011776346e-15  -3.61932706027801e-14  -2.40918396343659e-14   3.34107741473133e-15 -2.386979502944087e-15      1.000000000000001                      0  7.216449660063518e-16  2.775557561562891e-15
 8.881784197001252e-16  4.440892098500626e-16  2.664535259100376e-15 -1.443289932012704e-15  2.116362640691705e-16 -1.110223024625157e-16  2.775557561562891e-17                      1 -5.551115123125783e-16  1.110223024625157e-16
-7.105427357601002e-15   2.97539770599542e-14  1.043609643147647e-14 -7.560618797697316e-14 -2.985459102156085e-15   1.52655665885959e-15 -4.010680676458378e-15   3.33066907387547e-16     0.9999999999999981  4.107825191113079e-15
 2.220446049250313e-15 -1.110223024625157e-15 -8.881784197001252e-16  8.881784197001252e-16  1.665334536937735e-16  5.551115123125783e-17 -5.551115123125783e-17                      0   3.33066907387547e-16                      1
